pos to chair dis,pos to table dis,pos to audience dis,controller to chair dis,controller to table dis,controller to audience dis,


1.615799,4.247459,1.615799,0,4.507173,0,
1.615799,4.247459,1.615799,0,4.507173,0,
1.497177,1.486121,3.161833,1.756054,1.138415,3.359329,
1.526408,1.465211,3.197149,3.042134,3.540646,0.2735826,
1.533054,1.460238,3.204537,3.041987,3.540604,0.2735023,
1.533812,1.459473,3.205228,3.041676,3.54047,0.2733805,
1.534574,1.45906,3.20603,3.041713,3.540452,0.2733126,
1.535578,1.458421,3.207013,3.041788,3.540462,0.2733016,
1.536463,1.457724,3.208044,3.041826,3.540426,0.2733185,
1.537176,1.457255,3.208882,3.041297,3.54038,0.2731629,
1.537944,1.456678,3.209728,3.041373,3.540422,0.2731503,
1.539343,1.456236,3.211255,3.041939,3.540587,0.2735397,
1.570147,1.43936,3.243192,3.042025,3.540657,0.2735171,
1.571373,1.438578,3.244828,3.041706,3.540656,0.273602,
1.572705,1.437786,3.246196,3.041674,3.540715,0.2735356,
1.574019,1.436864,3.247569,3.041807,3.540779,0.2733873,
1.57529,1.43629,3.249067,3.0417,3.54075,0.2734161,
1.576709,1.435357,3.250475,3.0419,3.54082,0.2733437,
1.577985,1.434619,3.252095,3.04186,3.540668,0.2731402,
1.579288,1.433827,3.253564,3.041887,3.540648,0.2730803,
1.580398,1.433084,3.254968,3.041958,3.540684,0.2730611,
1.581625,1.432274,3.256391,3.042031,3.540747,0.2731421,
1.58277,1.431711,3.257702,3.042058,3.540644,0.2731083,
1.583992,1.430928,3.259113,3.042006,3.540659,0.2731501,
1.584993,1.430132,3.260416,3.042027,3.540714,0.2731655,
1.586091,1.429546,3.261778,3.041904,3.540703,0.2731502,
1.587009,1.42884,3.263052,3.041781,3.540681,0.2732029,
1.588098,1.428262,3.264692,3.041714,3.540543,0.2731621,
1.589167,1.427426,3.266067,3.041626,3.540527,0.273145,
1.59016,1.426813,3.267416,3.041624,3.540526,0.2731184,
1.591148,1.426144,3.268752,3.041607,3.540463,0.2731651,
1.592214,1.425559,3.270142,3.041777,3.540467,0.2731094,
1.593427,1.424875,3.271677,3.041688,3.540431,0.2731346,
1.594258,1.424254,3.273032,3.041675,3.540391,0.2730289,
1.595158,1.423639,3.274483,3.041444,3.540389,0.2731133,
1.596093,1.423118,3.275898,3.041441,3.540341,0.2730568,
1.597085,1.422605,3.277443,3.041468,3.540489,0.2730475,
1.597789,1.422074,3.278935,3.040724,3.540484,0.2731326,
1.59882,1.421545,3.280401,3.040685,3.540476,0.2730904,
1.599537,1.421116,3.281727,3.040684,3.540661,0.2731494,
1.600336,1.420706,3.283178,3.040298,3.540692,0.2731431,
1.60106,1.420311,3.284506,3.04027,3.540712,0.2731501,
1.602263,1.419976,3.286086,3.040167,3.540789,0.2732416,
1.603116,1.419526,3.287512,3.039929,3.540781,0.2732432,
1.603985,1.419152,3.288946,3.040025,3.540861,0.2732454,
1.604951,1.418623,3.290185,3.040029,3.540906,0.2732764,
1.605873,1.418419,3.291539,3.039754,3.540848,0.273277,
1.606613,1.418062,3.29276,3.03957,3.540843,0.2732595,
1.607509,1.417535,3.293967,3.039325,3.540753,0.2731968,
1.608437,1.417033,3.295269,3.039307,3.540738,0.2731836,
1.609543,1.416485,3.296694,3.039327,3.540757,0.2731805,
1.610262,1.416037,3.298001,3.039248,3.540611,0.2729711,
1.610971,1.415546,3.299296,3.03846,3.540545,0.272979,
1.61157,1.415122,3.300632,3.038164,3.540498,0.272955,
1.612399,1.414566,3.302172,3.038062,3.540572,0.2730852,
1.613253,1.413833,3.303609,3.037912,3.540578,0.2730914,
1.61417,1.413123,3.305089,3.037799,3.540575,0.2730494,
1.615074,1.412302,3.306417,3.037614,3.540543,0.2729332,
1.61596,1.411562,3.307778,3.037481,3.54054,0.2729124,
1.616839,1.410912,3.30917,3.037275,3.540488,0.2729064,
1.617917,1.410281,3.310667,3.03704,3.54053,0.2730245,
1.618971,1.409595,3.312063,3.036905,3.540603,0.2729279,
1.620051,1.408903,3.313402,3.036818,3.540615,0.2730121,
1.621083,1.408114,3.314681,3.03674,3.540637,0.2729796,
1.621933,1.40743,3.316015,3.036622,3.540622,0.2730978,
1.622596,1.40678,3.317171,3.036474,3.540659,0.2730475,
1.623131,1.406249,3.318372,3.036185,3.540603,0.2730654,
1.623636,1.405851,3.319453,3.036028,3.540611,0.2730906,
1.623983,1.405815,3.320495,3.035862,3.540616,0.2730971,
1.624084,1.406001,3.321495,3.035683,3.540627,0.2730404,
1.623891,1.406293,3.322102,3.035503,3.54065,0.2729731,
1.623678,1.406502,3.322561,3.035508,3.540669,0.272999,
1.62312,1.406984,3.322831,3.035397,3.540714,0.2729743,
1.622437,1.407715,3.323078,3.035352,3.540688,0.2730431,
1.62163,1.408656,3.32335,3.035256,3.54067,0.2730309,
1.620631,1.409642,3.323335,3.035182,3.540644,0.2732616,
1.619622,1.410728,3.322685,3.035065,3.540671,0.2725848,
1.618262,1.411956,3.321794,3.03486,3.540595,0.2725416,
1.616805,1.41328,3.321102,3.034788,3.540576,0.2726829,
1.615363,1.414537,3.319728,3.03457,3.540578,0.2722446,
1.613447,1.415911,3.317925,3.034528,3.54056,0.2722456,
1.611581,1.417116,3.316291,3.034307,3.54052,0.2719965,
1.609542,1.418634,3.314708,3.034178,3.540544,0.272474,
1.607566,1.419879,3.312603,3.034077,3.540443,0.2724599,
1.605311,1.421054,3.3102,3.03381,3.540314,0.2721384,
1.602999,1.422242,3.308085,3.033776,3.540341,0.2723269,
1.600325,1.42359,3.305552,3.033938,3.54037,0.2723112,
1.597818,1.424827,3.302933,3.034021,3.540552,0.2724841,
1.595227,1.426248,3.300097,3.033823,3.540512,0.2724974,
1.592847,1.427619,3.297314,3.03389,3.54047,0.2724987,
1.590444,1.428996,3.294349,3.033728,3.540429,0.2723083,
1.588091,1.430462,3.291302,3.033636,3.540421,0.2724126,
1.585916,1.431966,3.288227,3.033784,3.540404,0.2723961,
1.58379,1.433282,3.285213,3.033617,3.540493,0.2725371,
1.58174,1.43461,3.281852,3.033519,3.540443,0.2724621,
1.579468,1.435988,3.278125,3.033756,3.540426,0.2724174,
1.577345,1.437148,3.274573,3.033847,3.540554,0.2726717,
1.575292,1.438281,3.270974,3.033654,3.540608,0.2726235,
1.573263,1.439308,3.266999,3.033876,3.540579,0.27238,
1.570815,1.440085,3.263044,3.033577,3.540796,0.2723472,
1.567872,1.440812,3.259154,3.033826,3.54081,0.272366,
1.565396,1.441595,3.255608,3.034081,3.540822,0.2723452,
1.56268,1.442057,3.252568,3.033792,3.540529,0.2733873,
1.559768,1.442763,3.247877,3.033713,3.540601,0.2723277,
1.557072,1.443263,3.243584,3.033947,3.540531,0.2723185,
1.554391,1.443808,3.239541,3.033833,3.540533,0.2723861,
1.551632,1.444138,3.235714,3.033714,3.540468,0.2726847,
1.548822,1.444752,3.231891,3.034232,3.540504,0.27268,
1.548043,1.445299,3.228223,3.038392,3.540583,0.2726368,
1.546383,1.445721,3.22454,3.040059,3.540593,0.2730318,
1.543763,1.446154,3.220458,3.040148,3.540684,0.2731883,
1.541489,1.44643,3.216487,3.040334,3.540584,0.2731626,
1.539043,1.446766,3.212837,3.040194,3.540627,0.273223,
1.536697,1.447289,3.209232,3.04025,3.54063,0.2732833,
1.534694,1.447825,3.205407,3.040374,3.540572,0.27323,
1.532822,1.448359,3.201897,3.040227,3.540562,0.2732256,
1.531108,1.448852,3.198205,3.040204,3.54052,0.2731137,
1.529668,1.449435,3.195002,3.041101,3.540636,0.2730844,
1.528493,1.45003,3.191874,3.041877,3.540616,0.2732807,
1.527064,1.450602,3.188578,3.041904,3.540566,0.2737056,
1.525892,1.451106,3.18531,3.042155,3.540533,0.2737168,
1.52493,1.451701,3.182647,3.04252,3.540517,0.2739009,
1.52398,1.452248,3.180412,3.042765,3.540558,0.2737516,
1.523216,1.453069,3.178472,3.042829,3.540538,0.2732996,
1.522656,1.453709,3.175939,3.042763,3.540453,0.273051,
1.522782,1.454026,3.173015,3.04289,3.540442,0.273649,
1.522374,1.454697,3.168371,3.042682,3.54029,0.2742818,
1.521779,1.455106,3.16359,3.042489,3.540295,0.2754559,
1.520826,1.455613,3.160268,3.0428,3.540535,0.2756734,
1.519786,1.455989,3.158169,3.042764,3.540494,0.2758258,
1.518626,1.456474,3.156101,3.042724,3.540555,0.2746919,
1.517493,1.456993,3.154121,3.042732,3.540525,0.2740313,
1.516078,1.457543,3.152912,3.042582,3.540512,0.2725759,
1.514767,1.458155,3.151435,3.042455,3.540527,0.2720841,
1.513415,1.458952,3.149545,3.042539,3.540513,0.2720153,
1.512384,1.459763,3.146667,3.042345,3.540626,0.2733756,
1.511323,1.460351,3.14326,3.04216,3.540643,0.2754376,
1.510429,1.461038,3.139709,3.042205,3.540633,0.2778004,
1.509708,1.46176,3.136552,3.042367,3.540653,0.2804568,
1.509018,1.462135,3.133794,3.042124,3.540422,0.2824912,
1.508637,1.462615,3.131799,3.042028,3.540249,0.2847456,
1.508264,1.463272,3.129755,3.04206,3.540233,0.2872391,
1.507787,1.464019,3.127212,3.041923,3.540376,0.2900296,
1.507213,1.464818,3.124205,3.041778,3.540351,0.2936885,
1.506748,1.465445,3.121688,3.041769,3.540349,0.297472,
1.506308,1.466235,3.119213,3.041734,3.540473,0.3015679,
1.505823,1.46687,3.116645,3.041531,3.540327,0.3055441,
1.505434,1.467481,3.114191,3.041621,3.540305,0.3099165,
1.505189,1.468202,3.111727,3.041773,3.540385,0.3154418,
1.504778,1.468869,3.109093,3.041887,3.54054,0.3204013,
1.504482,1.469481,3.105711,3.041955,3.540539,0.3265481,
1.504229,1.470042,3.102282,3.042076,3.540578,0.3333431,
1.503848,1.470505,3.098748,3.042135,3.54072,0.3397219,
1.503566,1.471049,3.094744,3.04201,3.540743,0.3471057,
1.503356,1.471477,3.091441,3.042004,3.54067,0.3536624,
1.503266,1.471834,3.087438,3.042024,3.540656,0.361169,
1.503495,1.47199,3.082807,3.042028,3.540688,0.3689694,
1.503684,1.472088,3.077732,3.042091,3.540693,0.3782595,
1.503884,1.472064,3.072294,3.04216,3.540461,0.3875824,
1.503981,1.472108,3.066465,3.042236,3.540579,0.3981165,
1.504054,1.47223,3.060971,3.042238,3.540579,0.4092138,
1.504105,1.472275,3.055365,3.042222,3.540552,0.4206492,
1.504239,1.472329,3.049427,3.042211,3.540571,0.432428,
1.504258,1.472497,3.044135,3.04223,3.540534,0.4439221,
1.504456,1.472453,3.03916,3.042481,3.540671,0.4555536,
1.504477,1.472652,3.034348,3.042366,3.540865,0.466717,
1.504481,1.472877,3.029933,3.042384,3.540861,0.4785111,
1.504361,1.47329,3.025443,3.042234,3.54081,0.4905537,
1.504285,1.473627,3.020532,3.042296,3.540612,0.5029401,
1.504223,1.474131,3.016768,3.042305,3.540716,0.5156165,
1.504061,1.474614,3.012235,3.042222,3.540632,0.5293112,
1.503913,1.475381,3.007482,3.042276,3.540641,0.5428224,
1.503665,1.476044,3.003322,3.042228,3.540665,0.5568691,
1.50353,1.476729,3.000102,3.041998,3.540474,0.5699039,
1.503282,1.477524,2.996567,3.041986,3.540456,0.5832825,
1.503023,1.478362,2.993196,3.041883,3.540424,0.5970947,
1.502782,1.479409,2.990263,3.041965,3.540573,0.6111667,
1.502437,1.48035,2.987471,3.041717,3.540583,0.6256353,
1.50189,1.482445,2.982786,3.041753,3.540662,0.6537635,
1.501437,1.483639,2.979981,3.041527,3.540682,0.6682118,
1.501113,1.484774,2.977488,3.041562,3.540703,0.6826779,
1.500715,1.486255,2.975153,3.041505,3.540597,0.6968767,
1.500286,1.487667,2.972544,3.041616,3.540595,0.7107027,
1.499863,1.489097,2.971612,3.041669,3.540583,0.7247559,
1.499236,1.490485,2.971295,3.041728,3.540525,0.7373756,
1.498507,1.492165,2.971273,3.041721,3.540464,0.7505744,
1.497781,1.493679,2.972364,3.041605,3.540426,0.7626193,
1.496801,1.495325,2.973535,3.041656,3.540484,0.7743922,
1.495668,1.497225,2.974433,3.040876,3.54052,0.7859157,
1.494867,1.499103,2.976131,3.040916,3.540562,0.7967377,
1.494004,1.501094,2.977406,3.040713,3.540429,0.8073983,
1.493038,1.503062,2.979216,3.040694,3.540502,0.817527,
1.492097,1.505171,2.981055,3.040638,3.540515,0.8268909,
1.491356,1.507419,2.983064,3.040556,3.54063,0.8365093,
1.490716,1.509575,2.985766,3.040474,3.540677,0.8450261,
1.490151,1.511888,2.988822,3.040367,3.540654,0.8530813,
1.489708,1.514294,2.99194,3.040355,3.540845,0.8608457,
1.489367,1.516738,2.995023,3.040275,3.540883,0.8683078,
1.489199,1.519235,2.997972,3.040134,3.540844,0.8753989,
1.489107,1.521642,3.000415,3.040137,3.540823,0.8819076,
1.488975,1.523771,3.002491,3.039927,3.54053,0.8879147,
1.488627,1.526061,3.004303,3.039763,3.54048,0.8938849,
1.488171,1.528229,3.005799,3.039711,3.54037,0.8990104,
1.487612,1.530592,3.007126,3.039581,3.540487,0.90459,
1.487162,1.532699,3.008102,3.039535,3.540502,0.9101557,
1.486704,1.534631,3.009304,3.039273,3.540331,0.9152447,
1.486143,1.536414,3.010531,3.039234,3.540408,0.9205629,
1.485725,1.538301,3.011639,3.039356,3.540487,0.9261189,
1.485166,1.540012,3.012817,3.039132,3.540597,0.9308311,
1.484146,1.541788,3.014148,3.039266,3.540632,0.9357852,
1.483323,1.543464,3.014954,3.039262,3.540633,0.9406469,
1.482623,1.54499,3.01544,3.03929,3.540789,0.9454997,
1.482069,1.546443,3.015777,3.038983,3.540754,0.9502193,
1.481069,1.547864,3.015752,3.03888,3.540733,0.954702,
1.48037,1.549095,3.015712,3.038567,3.540731,0.9587651,
1.479206,1.550297,3.015867,3.038475,3.540732,0.9631665,
1.47812,1.551272,3.015669,3.038474,3.540569,0.9670755,
1.476754,1.552317,3.015563,3.038531,3.540594,0.9709314,
1.475338,1.553426,3.015776,3.038335,3.54053,0.974533,
1.473795,1.554339,3.015598,3.038425,3.540719,0.9780816,
1.472445,1.555337,3.015309,3.038491,3.540615,0.9812037,
1.47131,1.556033,3.015382,3.038369,3.54059,0.984085,
1.470288,1.557068,3.015061,3.038311,3.54058,0.9866264,
1.469412,1.558045,3.014287,3.038239,3.540493,0.9892452,
1.468519,1.55875,3.013541,3.03816,3.540405,0.9920154,
1.467752,1.559496,3.0125,3.038188,3.540428,0.995052,
1.46725,1.560311,3.011689,3.038113,3.540568,0.9977588,
1.466991,1.560985,3.010867,3.038066,3.540577,1.000798,
1.467053,1.561793,3.009815,3.038197,3.540572,1.004119,
1.467158,1.562608,3.00872,3.038097,3.540644,1.006961,
1.467322,1.563216,3.007906,3.038004,3.54057,1.00984,
1.467847,1.563668,3.008325,3.038158,3.540538,1.011618,
1.468288,1.564095,3.008482,3.038047,3.540539,1.013291,
1.468723,1.564479,3.007941,3.037961,3.540563,1.015526,
1.469357,1.564844,3.005987,3.038148,3.540581,1.01826,
1.469932,1.565294,3.004593,3.038166,3.540609,1.020855,
1.470467,1.565476,3.002953,3.038018,3.54063,1.023587,
1.471265,1.565515,3.001385,3.038018,3.54055,1.026296,
1.47191,1.565582,2.99926,3.03793,3.540585,1.029122,
1.472492,1.565458,2.99712,3.037806,3.540554,1.032118,
1.473322,1.565228,2.995638,3.0381,3.540506,1.034391,
1.47401,1.564849,2.993561,3.038104,3.540569,1.037637,
1.474595,1.564488,2.991295,3.038083,3.540593,1.040624,
1.475476,1.56406,2.989058,3.038186,3.540497,1.043785,
1.476341,1.563476,2.986465,3.038209,3.540541,1.04639,
1.477145,1.562975,2.983915,3.038026,3.540561,1.049222,
1.478099,1.562291,2.980803,3.038386,3.540757,1.052515,
1.4791,1.561455,2.977607,3.038339,3.540644,1.05544,
1.48036,1.560339,2.974571,3.038044,3.540513,1.058463,
1.481639,1.559367,2.971488,3.038396,3.540529,1.061646,
1.482848,1.557983,2.96839,3.038271,3.540528,1.064752,
1.484121,1.556681,2.965397,3.038244,3.540605,1.068153,
1.485719,1.555244,2.962647,3.038452,3.540582,1.071051,
1.487139,1.553525,2.959413,3.038296,3.540617,1.073987,
1.488162,1.551875,2.955957,3.038279,3.540695,1.077307,
1.489874,1.549989,2.952381,3.038718,3.540818,1.080725,
1.491516,1.548257,2.948762,3.038309,3.540667,1.084147,
1.493075,1.545927,2.944761,3.038265,3.540477,1.087327,
1.494767,1.543648,2.940355,3.038697,3.540591,1.090993,
1.496476,1.541282,2.936132,3.038484,3.54059,1.094589,
1.4982,1.538867,2.931895,3.038464,3.54074,1.098224,
1.500042,1.535947,2.927386,3.038683,3.540612,1.101729,
1.501665,1.532745,2.922585,3.038632,3.540622,1.105487,
1.503026,1.529719,2.917739,3.038518,3.540729,1.109129,
1.5045,1.526357,2.91257,3.039059,3.540968,1.113035,
1.506297,1.522826,2.906995,3.038815,3.540753,1.116763,
1.507918,1.519031,2.901439,3.038813,3.540727,1.120294,
1.509529,1.51502,2.894973,3.039097,3.540617,1.12403,
1.510779,1.510877,2.888523,3.038806,3.540689,1.12805,
1.512203,1.506452,2.881568,3.038793,3.540655,1.13246,
1.513825,1.501987,2.874644,3.039049,3.54047,1.136433,
1.515419,1.497424,2.867297,3.038913,3.540545,1.140802,
1.516949,1.492632,2.859523,3.038765,3.540524,1.145043,
1.519111,1.487609,2.851591,3.039042,3.540474,1.149168,
1.520954,1.482444,2.843228,3.038473,3.540477,1.15371,
1.523754,1.477393,2.834818,3.040087,3.540426,1.15808,
1.526086,1.472016,2.825938,3.040128,3.540534,1.162745,
1.528371,1.467005,2.817383,3.041184,3.540526,1.167118,
1.53077,1.46195,2.808901,3.04174,3.540485,1.17147,
1.533128,1.456789,2.800237,3.042026,3.540673,1.17617,
1.535578,1.451952,2.791497,3.042353,3.540675,1.180574,
1.537979,1.446926,2.782582,3.042544,3.540668,1.185065,
1.540283,1.441984,2.77386,3.042529,3.540561,1.189501,
1.542637,1.437135,2.764942,3.042744,3.540554,1.194091,
1.544861,1.432457,2.75598,3.042784,3.540667,1.1985,
1.546841,1.427792,2.747222,3.0428,3.540461,1.202855,
1.548791,1.423501,2.739145,3.042919,3.540472,1.208885,
1.550676,1.419066,2.730309,3.042528,3.540246,1.213467,
1.552714,1.415013,2.72132,3.042474,3.540231,1.217872,
1.55486,1.410962,2.712339,3.042527,3.540217,1.222211,
1.557189,1.407176,2.703454,3.042533,3.540396,1.226686,
1.559046,1.403396,2.694253,3.042725,3.540698,1.230974,
1.561345,1.399469,2.685059,3.042686,3.540727,1.235187,
1.563815,1.396107,2.675781,3.042817,3.540961,1.239703,
1.566512,1.392833,2.666483,3.042742,3.540825,1.244155,
1.568984,1.389384,2.656944,3.042723,3.540857,1.248641,
1.57134,1.386011,2.647506,3.04263,3.540815,1.253345,
1.573741,1.382559,2.637796,3.042317,3.540634,1.258057,
1.57583,1.3792,2.628311,3.042209,3.540635,1.262617,
1.577693,1.375815,2.618767,3.042208,3.540551,1.267262,
1.579654,1.372859,2.609606,3.04251,3.540767,1.27188,
1.58185,1.369942,2.601269,3.042537,3.540801,1.275392,
1.583946,1.366919,2.592419,3.042376,3.540735,1.279622,
1.585669,1.364367,2.584419,3.04223,3.54065,1.2829,
1.587417,1.361891,2.576362,3.042324,3.540677,1.285944,
1.588747,1.35976,2.568422,3.042363,3.540674,1.289062,
1.590312,1.35757,2.560776,3.042396,3.540679,1.291679,
1.591483,1.355569,2.553109,3.042177,3.540651,1.294519,
1.592693,1.353758,2.54574,3.042267,3.540683,1.297133,
1.593741,1.352161,2.538625,3.042305,3.540743,1.29946,
1.594964,1.35074,2.531278,3.04253,3.540803,1.301737,
1.596122,1.349522,2.524593,3.042508,3.540819,1.303928,
1.597129,1.348619,2.518558,3.0424,3.540613,1.305841,
1.598197,1.347611,2.512663,3.042405,3.540621,1.307708,
1.599339,1.346835,2.507167,3.042428,3.540665,1.30981,
1.600266,1.346193,2.501508,3.04245,3.540569,1.311641,
1.601053,1.345734,2.496126,3.042425,3.540551,1.313296,
1.601599,1.344853,2.491137,3.042026,3.540225,1.315072,
1.602418,1.344143,2.486312,3.042062,3.540293,1.316564,
1.60317,1.343527,2.481492,3.042207,3.540268,1.318167,
1.60364,1.343245,2.477148,3.042166,3.540485,1.31996,
1.603951,1.342727,2.472537,3.042227,3.540505,1.321658,
1.604106,1.341995,2.468198,3.042368,3.540514,1.32349,
1.604132,1.341627,2.464225,3.042403,3.540642,1.32547,
1.60392,1.34131,2.460127,3.042337,3.54061,1.327278,
1.603489,1.341113,2.456087,3.042097,3.540644,1.329306,
1.603403,1.340495,2.452415,3.041923,3.540315,1.331257,
1.603154,1.340321,2.448628,3.041894,3.540271,1.333205,
1.602979,1.340076,2.445209,3.041869,3.540205,1.335341,
1.603104,1.340155,2.441836,3.041991,3.540413,1.337534,
1.602822,1.34015,2.438143,3.04225,3.540624,1.339761,
1.602738,1.340094,2.434424,3.042212,3.540623,1.342125,
1.603021,1.34003,2.431194,3.042182,3.540711,1.344563,
1.602705,1.340097,2.427378,3.042155,3.540758,1.346986,
1.602611,1.34001,2.423323,3.04214,3.540806,1.34926,
1.602451,1.340045,2.419652,3.042277,3.540869,1.35163,
1.602551,1.340052,2.416247,3.042267,3.540865,1.353938,
1.602482,1.339847,2.412343,3.042385,3.54079,1.356167,
1.602517,1.339874,2.408256,3.042108,3.540783,1.358278,
1.603131,1.339886,2.404365,3.042132,3.540757,1.360494,
1.603738,1.339539,2.400065,3.042304,3.540762,1.363003,
1.604438,1.339194,2.395753,3.042294,3.540738,1.36563,
1.604738,1.338919,2.391022,3.042199,3.540681,1.368141,
1.605057,1.33813,2.386559,3.042364,3.540556,1.370693,
1.605251,1.337626,2.382011,3.042305,3.540503,1.373266,
1.6057,1.337128,2.377136,3.042372,3.540543,1.376245,
1.606413,1.336634,2.372094,3.042352,3.540481,1.37905,
1.607413,1.335986,2.367231,3.042325,3.540486,1.381717,
1.608103,1.335317,2.361879,3.04236,3.540409,1.384337,
1.60863,1.334522,2.356314,3.042068,3.540465,1.386769,
1.608779,1.333604,2.350543,3.042049,3.540415,1.38911,
1.608755,1.332559,2.345025,3.042006,3.540565,1.391818,
1.608738,1.331769,2.33933,3.042155,3.54053,1.394315,
1.609011,1.330894,2.333526,3.042136,3.54054,1.396889,
1.609199,1.33039,2.327931,3.042128,3.540467,1.399576,
1.609568,1.329753,2.321921,3.042119,3.540461,1.402443,
1.609539,1.329466,2.316205,3.041929,3.540393,1.405389,
1.609613,1.329135,2.310457,3.042269,3.540657,1.408635,
1.60973,1.328649,2.304592,3.042362,3.540763,1.411966,
1.609783,1.328297,2.298836,3.042288,3.540721,1.415206,
1.609646,1.328049,2.292914,3.04225,3.540588,1.418225,
1.609549,1.327838,2.286859,3.042325,3.540633,1.421474,
1.609357,1.327776,2.280953,3.042357,3.540619,1.424754,
1.609153,1.327741,2.274922,3.042499,3.540721,1.428059,
1.608956,1.327651,2.269015,3.042482,3.540717,1.431235,
1.608811,1.327657,2.263323,3.042507,3.540835,1.434365,
1.608686,1.327529,2.25723,3.042412,3.540653,1.437487,
1.608691,1.327545,2.251325,3.04243,3.540655,1.440506,
1.608873,1.327411,2.245461,3.042393,3.540637,1.443457,
1.609032,1.327029,2.23919,3.042316,3.540601,1.446186,
1.609218,1.326734,2.233393,3.042279,3.5406,1.449066,
1.609246,1.326417,2.227476,3.042365,3.540599,1.451899,
1.609482,1.325942,2.221536,3.042484,3.540663,1.45489,
1.609254,1.32574,2.21588,3.042091,3.54058,1.457704,
1.609393,1.325261,2.210288,3.042014,3.540558,1.460494,
1.608993,1.324884,2.204502,3.042173,3.54069,1.463301,
1.608654,1.324312,2.198802,3.041997,3.540477,1.465925,
1.608161,1.324023,2.193193,3.041958,3.540483,1.46868,
1.608095,1.323523,2.187996,3.041807,3.540487,1.471721,
1.607668,1.323428,2.182214,3.041836,3.540549,1.474734,
1.607633,1.322823,2.17613,3.041807,3.540564,1.477888,
1.607397,1.322403,2.170237,3.041871,3.540363,1.480729,
1.607286,1.32201,2.164028,3.041995,3.540417,1.483943,
1.607099,1.321621,2.158247,3.042008,3.540428,1.487019,
1.607312,1.320893,2.152286,3.042093,3.540441,1.489954,
1.607613,1.320465,2.146161,3.042162,3.540468,1.492898,
1.607762,1.320001,2.140023,3.042146,3.540467,1.49565,
1.608337,1.319464,2.133976,3.042209,3.540605,1.49865,
1.608903,1.318788,2.127445,3.042205,3.540588,1.501502,
1.609421,1.318213,2.120897,3.042227,3.540598,1.504373,
1.609877,1.317607,2.11433,3.042259,3.540617,1.507323,
1.610429,1.316728,2.107455,3.042132,3.540339,1.510078,
1.611232,1.316077,2.100789,3.042196,3.54033,1.513136,
1.611368,1.315541,2.094096,3.042191,3.54043,1.516066,
1.611919,1.315143,2.08718,3.042351,3.540635,1.519194,
1.61233,1.314628,2.080302,3.042398,3.540637,1.522251,
1.61273,1.313958,2.073428,3.042294,3.540524,1.525045,
1.612987,1.313666,2.066723,3.042313,3.540594,1.527898,
1.613401,1.313254,2.059429,3.042205,3.54052,1.530889,
1.613758,1.312958,2.052337,3.042261,3.540718,1.534016,
1.614153,1.312677,2.044834,3.042256,3.540697,1.537072,
1.614363,1.312588,2.037144,3.042392,3.540751,1.54021,
1.61474,1.312581,2.029494,3.042189,3.540706,1.54367,
1.615041,1.312557,2.021676,3.042161,3.540655,1.546964,
1.615462,1.312667,2.013459,3.042091,3.540631,1.550497,
1.615984,1.312804,2.005254,3.042293,3.540682,1.554181,
1.616535,1.313152,1.996942,3.042342,3.540718,1.557847,
1.61707,1.31352,1.988469,3.042365,3.540726,1.561704,
1.617315,1.313972,1.980057,3.042536,3.540826,1.565572,
1.617656,1.314408,1.971435,3.042513,3.540762,1.569538,
1.618122,1.315079,1.962847,3.042497,3.540747,1.573472,
1.618683,1.315951,1.954238,3.042527,3.540785,1.57737,
1.619576,1.316447,1.945509,3.042303,3.540496,1.581569,
1.621156,1.317505,1.936728,3.042317,3.540483,1.585716,
1.622241,1.318188,1.927709,3.042312,3.540311,1.589673,
1.623209,1.318912,1.918483,3.042402,3.540476,1.594278,
1.624065,1.319371,1.90965,3.04241,3.540443,1.598835,
1.624646,1.319723,1.900926,3.042434,3.540389,1.60344,
1.62537,1.320395,1.89214,3.042535,3.540476,1.608414,
1.626038,1.320953,1.883151,3.042529,3.54072,1.613919,
1.627162,1.321318,1.874473,3.042428,3.540624,1.619156,
1.628394,1.321803,1.865682,3.042451,3.540627,1.624644,
1.629782,1.322369,1.8569,3.042627,3.540731,1.630241,
1.631305,1.322947,1.848098,3.042622,3.540684,1.63589,
1.632861,1.323143,1.839076,3.042315,3.5406,1.641952,
1.634581,1.32344,1.830264,3.042241,3.54059,1.647417,
1.636687,1.323515,1.821411,3.042316,3.540614,1.65368,
1.639012,1.32361,1.812466,3.042464,3.540639,1.660036,
1.641221,1.323714,1.803573,3.042359,3.540536,1.666379,
1.643693,1.323735,1.794663,3.042485,3.540533,1.673174,
1.646197,1.323756,1.785995,3.042544,3.540576,1.679767,
1.6486,1.323714,1.777485,3.042477,3.540619,1.68651,
1.650748,1.323441,1.769068,3.042236,3.540597,1.693592,
1.652943,1.323271,1.760928,3.042331,3.54061,1.700592,
1.655191,1.322919,1.753019,3.042336,3.540608,1.707567,
1.656985,1.322425,1.745014,3.042344,3.540609,1.714571,
1.6589,1.322274,1.737389,3.042511,3.540686,1.722022,
1.660799,1.322071,1.72972,3.042479,3.540872,1.7296,
1.662941,1.321631,1.721966,3.042457,3.540826,1.737235,
1.665176,1.321308,1.714296,3.042527,3.540786,1.745249,
1.667437,1.321163,1.706833,3.042747,3.540875,1.752761,
1.669846,1.320865,1.69914,3.04257,3.540807,1.761077,
1.672488,1.320521,1.691595,3.042571,3.540751,1.769248,
1.675308,1.320169,1.684328,3.042574,3.540801,1.776907,
1.678073,1.319924,1.676455,3.042583,3.540791,1.785641,
1.680887,1.319491,1.669146,3.042528,3.54075,1.794049,
1.683705,1.31908,1.662072,3.042454,3.540763,1.802031,
1.686607,1.318655,1.654548,3.042374,3.540684,1.810653,
1.689348,1.318121,1.647539,3.042331,3.540668,1.819219,
1.692054,1.31759,1.640587,3.042299,3.54066,1.827329,
1.694911,1.316991,1.633607,3.042325,3.540671,1.835717,
1.697857,1.316345,1.626621,3.042347,3.540684,1.844143,
1.700738,1.315742,1.620024,3.04246,3.540786,1.852303,
1.703713,1.315014,1.613024,3.042632,3.540786,1.860689,
1.70675,1.314303,1.606389,3.042687,3.540838,1.869032,
1.709712,1.313403,1.599965,3.042656,3.54049,1.876721,
1.712626,1.31273,1.593281,3.042464,3.540718,1.885362,
1.715437,1.31195,1.58734,3.042432,3.540716,1.89327,
1.718155,1.311204,1.581587,3.042589,3.540634,1.901017,
1.721069,1.310653,1.575196,3.042518,3.540635,1.910247,
1.723235,1.309616,1.569955,3.042256,3.540327,1.917929,
1.725323,1.308846,1.565591,3.042178,3.540157,1.924253,
1.727225,1.308147,1.561157,3.042068,3.540084,1.931766,
1.72905,1.307878,1.556711,3.041888,3.540224,1.939122,
1.730709,1.307538,1.55305,3.041993,3.540495,1.945678,
1.732889,1.306903,1.548523,3.042011,3.540499,1.952965,
1.735389,1.306916,1.544437,3.042286,3.540683,1.960055,
1.738235,1.306862,1.540549,3.042266,3.540639,1.966913,
1.741145,1.306836,1.536849,3.042221,3.540638,1.9733,
1.744519,1.306886,1.533307,3.042339,3.540623,1.979594,
1.747635,1.306911,1.529727,3.0423,3.540562,1.985713,
1.750944,1.30694,1.52599,3.042355,3.540563,1.992107,
1.754206,1.306985,1.522361,3.042102,3.540485,1.998156,
1.757727,1.30706,1.518941,3.042204,3.540686,2.003544,
1.761139,1.307418,1.515032,3.042254,3.540723,2.009412,
1.764366,1.307508,1.511427,3.042268,3.540678,2.015155,
1.767648,1.307562,1.507973,3.042161,3.540518,2.020034,
1.77052,1.307454,1.50439,3.042104,3.540534,2.025232,
1.773419,1.307343,1.500334,3.042211,3.540533,2.030684,
1.776137,1.307228,1.496558,3.042234,3.540574,2.035946,
1.778941,1.306892,1.492356,3.042337,3.540569,2.041047,
1.781565,1.306668,1.488159,3.042396,3.54057,2.04636,
1.784228,1.306446,1.484286,3.042274,3.540473,2.051215,
1.786772,1.306278,1.47968,3.042336,3.540465,2.057292,
1.789243,1.306107,1.475731,3.042353,3.540477,2.062632,
1.791632,1.305994,1.471954,3.042295,3.540504,2.067634,
1.794131,1.305822,1.467402,3.042228,3.540487,2.07408,
1.796433,1.306031,1.463235,3.042242,3.540467,2.079539,
1.79858,1.306042,1.459657,3.042574,3.540744,2.084713,
1.800662,1.306222,1.454891,3.042488,3.540759,2.091674,
1.802617,1.306299,1.451014,3.042515,3.540726,2.09725,
1.804636,1.306444,1.447156,3.042485,3.540692,2.102591,
1.80648,1.30647,1.444048,3.042399,3.54073,2.107635,
1.808445,1.306652,1.440221,3.042422,3.540741,2.113214,
1.810455,1.306946,1.436758,3.042439,3.5407,2.118037,
1.812644,1.307284,1.432184,3.042581,3.54076,2.124264,
1.814814,1.307552,1.428259,3.042588,3.54083,2.129877,
1.817119,1.30801,1.424517,3.042475,3.540658,2.134492,
1.819488,1.308568,1.421003,3.042561,3.540647,2.139005,
1.821649,1.308956,1.417039,3.042498,3.540619,2.144085,
1.823498,1.309494,1.412881,3.042429,3.540548,2.149707,
1.825354,1.310012,1.407703,3.042447,3.540521,2.156906,
1.827052,1.310729,1.403453,3.042453,3.540521,2.162863,
1.828329,1.311476,1.399795,3.042559,3.540699,2.168284,
1.829863,1.312419,1.394915,3.042582,3.540675,2.175654,
1.831246,1.313255,1.390878,3.042524,3.540685,2.181965,
1.832497,1.314312,1.387367,3.042517,3.540748,2.186967,
1.833767,1.315552,1.383481,3.042516,3.540751,2.193592,
1.834803,1.316833,1.379498,3.042425,3.540762,2.200195,
1.83613,1.318122,1.376053,3.042332,3.540564,2.205737,
1.837347,1.319301,1.372079,3.042317,3.540555,2.212658,
1.838478,1.320976,1.368328,3.042312,3.540632,2.219458,
1.839733,1.322632,1.364723,3.042258,3.540624,2.226101,
1.841032,1.324529,1.359359,3.042333,3.54063,2.23595,
1.842331,1.326354,1.355832,3.042327,3.540586,2.242268,
1.843598,1.32832,1.352037,3.042463,3.540735,2.249515,
1.844767,1.330299,1.348451,3.042424,3.540754,2.25691,
1.845951,1.332385,1.345191,3.042384,3.5407,2.263464,
1.847078,1.334502,1.341487,3.042339,3.540621,2.270923,
1.847939,1.336725,1.33795,3.042426,3.540608,2.278414,
1.848781,1.339014,1.334802,3.04244,3.540622,2.285226,
1.849524,1.341431,1.331288,3.042459,3.54062,2.293128,
1.850294,1.343788,1.327722,3.042545,3.540657,2.30089,
1.850965,1.346395,1.324274,3.042654,3.540692,2.308849,
1.851606,1.349108,1.321211,3.042789,3.54075,2.316074,
1.851997,1.352041,1.318024,3.042735,3.540738,2.323935,
1.852368,1.354899,1.315547,3.042781,3.54072,2.330395,
1.852713,1.357907,1.312632,3.042706,3.540635,2.338224,
1.852859,1.361033,1.310447,3.042512,3.540595,2.344908,
1.852991,1.36409,1.308237,3.042345,3.540474,2.351671,
1.853138,1.36737,1.305703,3.042345,3.540477,2.359449,
1.853319,1.370902,1.303762,3.042273,3.540489,2.365147,
1.853688,1.37451,1.30096,3.0422,3.540463,2.372501,
1.854219,1.378178,1.298553,3.04221,3.540535,2.378935,
1.854895,1.381798,1.295682,3.042269,3.54051,2.385753,
1.855527,1.385783,1.293298,3.04241,3.540589,2.392041,
1.85665,1.389766,1.290821,3.042518,3.540658,2.39895,
1.857455,1.393834,1.288564,3.042355,3.540677,2.406544,
1.85833,1.397568,1.287117,3.042213,3.540578,2.412241,
1.85902,1.401408,1.285543,3.042195,3.540479,2.418501,
1.85954,1.405118,1.284161,3.042204,3.540472,2.425457,
1.859905,1.408932,1.283321,3.042204,3.540474,2.430665,
1.860429,1.412554,1.282048,3.042255,3.540596,2.437033,
1.860602,1.416405,1.281618,3.041967,3.54055,2.442545,
1.861138,1.420113,1.280675,3.041966,3.540603,2.448417,
1.861633,1.423699,1.280013,3.041874,3.540593,2.452326,
1.862629,1.427523,1.278806,3.04223,3.540679,2.457335,
1.863326,1.431089,1.278106,3.042223,3.540696,2.462183,
1.86399,1.434521,1.277146,3.042019,3.540535,2.466832,
1.865156,1.437857,1.276047,3.042477,3.540608,2.4713,
1.8661,1.441152,1.27519,3.042429,3.540568,2.475848,
1.867361,1.444475,1.274518,3.042459,3.540635,2.47969,
1.868541,1.447391,1.273798,3.042481,3.540659,2.483799,
1.869958,1.450226,1.273178,3.042673,3.540658,2.487488,
1.871351,1.453078,1.272458,3.042593,3.540536,2.491785,
1.873038,1.456003,1.272015,3.042637,3.540581,2.495723,
1.874995,1.45888,1.271604,3.04266,3.540578,2.499146,
1.877398,1.461529,1.271215,3.042831,3.540747,2.503975,
1.879076,1.464207,1.270796,3.042042,3.540626,2.508405,
1.881497,1.466803,1.270396,3.042075,3.540665,2.511109,
1.884006,1.46917,1.269756,3.041912,3.540621,2.515748,
1.886467,1.471556,1.268975,3.042017,3.540685,2.521074,
1.888963,1.473906,1.268633,3.041898,3.540651,2.524698,
1.891479,1.476217,1.26806,3.042073,3.540694,2.529284,
1.894135,1.478331,1.267438,3.042351,3.540776,2.533994,
1.896581,1.48045,1.267221,3.042432,3.540865,2.538476,
1.899022,1.482736,1.266728,3.042443,3.541064,2.543631,
1.901802,1.484706,1.266402,3.042695,3.541111,2.548678,
1.904495,1.486733,1.266143,3.042659,3.541122,2.552872,
1.907523,1.488556,1.26577,3.042642,3.54087,2.557993,
1.910535,1.490344,1.265388,3.042649,3.540882,2.562635,
1.913548,1.491943,1.264995,3.042656,3.540894,2.566614,
1.91662,1.493667,1.264517,3.042488,3.540738,2.572033,
1.919564,1.494821,1.26407,3.042299,3.540488,2.577363,
1.922618,1.496251,1.263689,3.0422,3.54058,2.580999,
1.92591,1.498098,1.263285,3.042293,3.541932,2.586132,
1.929117,1.49951,1.262937,3.042336,3.542284,2.591739,
1.932284,1.500621,1.262698,3.042368,3.542453,2.596929,
1.935489,1.501727,1.262502,3.042331,3.542513,2.602477,
1.93858,1.502713,1.262345,3.042247,3.542525,2.609165,
1.941665,1.503522,1.262312,3.042228,3.542587,2.61348,
1.944612,1.50393,1.262146,3.042165,3.542783,2.619825,
1.947533,1.504466,1.262661,3.0424,3.542913,2.625748,
1.950517,1.505328,1.263324,3.042245,3.543173,2.631934,
1.952993,1.505894,1.264268,3.04226,3.543142,2.63786,
1.955122,1.506302,1.265388,3.04206,3.543292,2.643985,
1.95742,1.506602,1.266778,3.042032,3.543349,2.649016,
1.959769,1.506924,1.268597,3.042186,3.543565,2.655606,
1.962203,1.507255,1.270506,3.042159,3.5437,2.663133,
1.965002,1.507693,1.27273,3.042076,3.54376,2.669094,
1.968581,1.507971,1.274661,3.042263,3.544233,2.676001,
1.972955,1.50866,1.276944,3.042562,3.544394,2.682954,
1.977245,1.509146,1.279226,3.042703,3.544567,2.68968,
1.981385,1.509698,1.281538,3.042637,3.544625,2.696424,
1.985675,1.510163,1.284134,3.042728,3.54479,2.703603,
1.989877,1.510431,1.286772,3.042706,3.544763,2.709434,
1.99389,1.511225,1.289987,3.042663,3.544727,2.71666,
1.997875,1.51168,1.293117,3.042473,3.54486,2.723845,
2.002121,1.511488,1.295648,3.042326,3.544537,2.729164,
2.006254,1.511698,1.298334,3.042374,3.544476,2.736183,
2.010674,1.511989,1.300868,3.042549,3.544571,2.742974,
2.015336,1.512151,1.303065,3.042729,3.544863,2.749227,
2.019803,1.51198,1.3049,3.042488,3.544808,2.755668,
2.024483,1.5114,1.305976,3.042567,3.544921,2.762354,
2.029319,1.510844,1.306868,3.042563,3.544972,2.768301,
2.034113,1.510169,1.30754,3.042515,3.54542,2.775816,
2.039321,1.509417,1.307947,3.042498,3.545561,2.782517,
2.044608,1.508649,1.308381,3.042474,3.54563,2.788297,
2.050005,1.507718,1.308569,3.042462,3.545608,2.79483,
2.055411,1.506775,1.308559,3.04253,3.545649,2.800998,
2.060572,1.50581,1.30855,3.042543,3.545751,2.806458,
2.065843,1.504532,1.308226,3.042551,3.545777,2.812538,
2.071476,1.503457,1.307831,3.04258,3.545774,2.818503,
2.07734,1.50366,1.307243,3.042702,3.548116,2.82409,
2.083281,1.498656,1.306496,3.042727,3.541194,2.83108,
2.089496,1.497234,1.305342,3.042705,3.541053,2.836832,
2.095883,1.495902,1.303856,3.042527,3.540811,2.841479,
2.10223,1.494527,1.302586,3.042465,3.540435,2.848161,
2.108535,1.493232,1.300929,3.042461,3.540352,2.853447,
2.114989,1.491866,1.299085,3.042449,3.540216,2.858083,
2.121414,1.490698,1.296824,3.042195,3.540236,2.863362,
2.127959,1.489267,1.294271,3.042144,3.540125,2.86831,
2.13458,1.48783,1.291573,3.042293,3.540069,2.872642,
2.141108,1.4865,1.288474,3.042464,3.540241,2.878275,
2.147877,1.484931,1.284405,3.042501,3.540232,2.882775,
2.154478,1.483308,1.280565,3.042455,3.540153,2.886661,
2.161214,1.481711,1.276475,3.042503,3.540317,2.891737,
2.167964,1.479915,1.27141,3.042551,3.540422,2.896006,
2.174671,1.478048,1.26676,3.042401,3.540315,2.900066,
2.181382,1.476125,1.261728,3.04247,3.540424,2.905597,
2.188096,1.474248,1.256793,3.042432,3.540464,2.910087,
2.194809,1.472118,1.251665,3.042465,3.540436,2.914251,
2.201662,1.470089,1.246425,3.042431,3.540329,2.919345,
2.208512,1.468249,1.241158,3.04253,3.540424,2.923904,
2.215445,1.466302,1.2358,3.042464,3.540357,2.928493,
2.222327,1.46464,1.230606,3.042428,3.540389,2.933667,
2.229423,1.463003,1.224954,3.042449,3.540476,2.938367,
2.236492,1.460978,1.219015,3.04262,3.540478,2.942857,
2.243626,1.458837,1.212935,3.042511,3.540482,2.94855,
2.250787,1.456604,1.206628,3.042567,3.540503,2.953218,
2.25797,1.454412,1.20015,3.042437,3.540488,2.957442,
2.26531,1.452015,1.193278,3.042495,3.540794,2.963171,
2.272852,1.449508,1.186077,3.042527,3.540859,2.967838,
2.280752,1.446694,1.178367,3.04255,3.540784,2.971987,
2.288169,1.444191,1.171167,3.042217,3.540822,2.977792,
2.296046,1.440957,1.162883,3.042113,3.540702,2.982579,
2.303782,1.438053,1.154741,3.042193,3.540717,2.986641,
2.311659,1.434921,1.146444,3.042223,3.540722,2.991829,
2.319679,1.431276,1.137504,3.042173,3.540587,2.99666,
2.327784,1.427755,1.128208,3.04218,3.540618,3.000817,
2.335752,1.424481,1.119499,3.043305,3.540646,3.006551,
2.343784,1.420951,1.110123,3.043115,3.540675,3.01159,
2.351465,1.41759,1.100854,3.042884,3.540654,3.015988,
2.359988,1.414145,1.091278,3.04306,3.540684,3.021735,
2.369257,1.410921,1.081438,3.043155,3.54076,3.026778,
2.379184,1.408427,1.071491,3.042795,3.54071,3.031765,
2.388805,1.406089,1.061568,3.043797,3.540831,3.036802,
2.396825,1.403744,1.052643,3.04396,3.540965,3.042023,
2.404365,1.401692,1.044645,3.043738,3.54086,3.047012,
2.410594,1.399977,1.038214,3.044284,3.540925,3.053247,
2.416592,1.398466,1.032251,3.044263,3.540771,3.058549,
2.421664,1.397365,1.027045,3.043967,3.540787,3.063277,
2.427206,1.396203,1.022526,3.043898,3.540729,3.070093,
2.433012,1.395001,1.017536,3.044014,3.540808,3.075493,
2.439225,1.393608,1.012209,3.044056,3.540745,3.081085,
2.445294,1.392292,1.007405,3.043415,3.540698,3.087649,
2.451015,1.390887,1.002533,3.043384,3.540715,3.093515,
2.456866,1.38954,0.9976547,3.043413,3.540653,3.098823,
2.462245,1.387855,0.9938221,3.043156,3.540587,3.105924,
2.467131,1.385872,0.9897807,3.043174,3.540574,3.111914,
2.471255,1.383664,0.9861728,3.043349,3.540549,3.117653,
2.475466,1.381923,0.9834557,3.042931,3.54049,3.124886,
2.478873,1.379974,0.9806606,3.042726,3.540456,3.130934,
2.481968,1.377991,0.9778337,3.042925,3.540627,3.136334,
2.485272,1.376029,0.9758711,3.042864,3.540542,3.143043,
2.488234,1.373795,0.9736599,3.042911,3.540545,3.149039,
2.491105,1.371876,0.9717041,3.042917,3.540452,3.154678,
2.49415,1.37002,0.9702876,3.042719,3.540424,3.161202,
2.497007,1.368433,0.9692625,3.042774,3.540404,3.167382,
2.499765,1.367039,0.968611,3.042967,3.540538,3.173739,
2.502316,1.365935,0.9694384,3.042842,3.540527,3.181557,
2.504576,1.364825,0.9698601,3.04289,3.540492,3.187854,
2.506572,1.364022,0.9705623,3.042919,3.540486,3.193779,
2.508196,1.363578,0.9723971,3.042736,3.540485,3.20051,
2.509825,1.362956,0.973713,3.042489,3.540425,3.206447,
2.511583,1.363081,0.9751481,3.042619,3.540658,3.211921,
2.51357,1.363362,0.9775303,3.042335,3.540681,3.21872,
2.515521,1.363446,0.9793885,3.042267,3.5407,3.224447,
2.518144,1.363911,0.9811747,3.042194,3.540565,3.229797,
2.519783,1.364171,0.9844389,3.042131,3.540532,3.236285,
2.521144,1.364327,0.9873555,3.04235,3.54054,3.241894,
2.52248,1.364563,0.9903799,3.042504,3.540586,3.247389,
2.523608,1.364691,0.9944812,3.04254,3.540579,3.253933,
2.52472,1.364807,0.9978687,3.042705,3.540565,3.259376,
2.525415,1.364942,1.00126,3.0427,3.540482,3.264409,
2.526503,1.364867,1.005069,3.042711,3.540452,3.270349,
2.527253,1.364476,1.008192,3.042827,3.540441,3.275396,
2.528093,1.364227,1.011346,3.04293,3.540529,3.280484,
2.528676,1.364069,1.015055,3.042638,3.540546,3.285876,
2.529139,1.363361,1.017794,3.042639,3.540505,3.290342,
2.529517,1.362764,1.020082,3.042482,3.540367,3.29393,
2.529791,1.362135,1.023447,3.042367,3.540345,3.298976,
2.530003,1.361099,1.025481,3.042424,3.540321,3.302662,
2.530231,1.360095,1.027293,3.042451,3.540405,3.306171,
2.530064,1.35912,1.029736,3.042212,3.540401,3.310097,
2.53007,1.358429,1.031773,3.042201,3.540452,3.313302,
2.529857,1.357378,1.033903,3.04238,3.540632,3.316828,
2.529873,1.356603,1.036378,3.042512,3.540675,3.320571,
2.529548,1.355328,1.046645,3.042531,3.540632,3.33368,
2.528667,1.35416,1.048676,3.042575,3.540518,3.336251,
2.528283,1.353478,1.051393,3.042678,3.54053,3.339606,
2.527603,1.352664,1.053979,3.042614,3.5405,3.342708,
2.527087,1.351986,1.056628,3.042566,3.540431,3.345753,
2.526214,1.351358,1.059545,3.042346,3.540452,3.348843,
2.525351,1.350195,1.062701,3.042371,3.540493,3.352713,
2.524378,1.349014,1.065435,3.042492,3.540569,3.3558,
2.523304,1.347745,1.068427,3.042661,3.540574,3.358963,
2.52198,1.346516,1.071581,3.042571,3.540522,3.36213,
2.520386,1.345273,1.075294,3.042544,3.540478,3.365454,
2.518806,1.344099,1.079074,3.042516,3.540446,3.368721,
2.517126,1.342588,1.082612,3.042381,3.540345,3.371876,
2.51489,1.340919,1.086842,3.042564,3.540504,3.375488,
2.513166,1.338966,1.090655,3.042635,3.540519,3.379159,
2.511511,1.33707,1.094522,3.042703,3.540608,3.382811,
2.50889,1.335238,1.099155,3.042811,3.540686,3.386174,
2.506421,1.333407,1.104083,3.04275,3.540699,3.390093,
2.503838,1.332063,1.110161,3.042856,3.540792,3.394408,
2.500558,1.330656,1.116759,3.042883,3.54083,3.398676,
2.497664,1.329561,1.123232,3.042677,3.540831,3.402922,
2.4949,1.328523,1.130419,3.042656,3.540716,3.407609,
2.49197,1.327683,1.137804,3.042577,3.540601,3.412164,
2.48909,1.327275,1.145665,3.04248,3.540548,3.416922,
2.486368,1.326746,1.153747,3.042475,3.540516,3.421835,
2.482984,1.327118,1.163072,3.042442,3.540478,3.426581,
2.480049,1.32785,1.172676,3.042507,3.540474,3.431697,
2.476814,1.329186,1.183326,3.042572,3.540541,3.43703,
2.473647,1.330878,1.194566,3.042506,3.540492,3.442512,
2.470277,1.333004,1.206115,3.042343,3.540463,3.447741,
2.466551,1.335439,1.218705,3.042268,3.54035,3.453416,
2.462525,1.33856,1.232027,3.042247,3.540365,3.458971,
2.457921,1.342159,1.24633,3.042259,3.540287,3.464554,
2.453025,1.345724,1.260742,3.042357,3.540313,3.4703,
2.44783,1.349783,1.275742,3.042447,3.540449,3.476165,
2.44225,1.354055,1.291252,3.042543,3.540443,3.481975,
2.436514,1.358001,1.306687,3.042564,3.54046,3.48804,
2.430085,1.3628,1.323313,3.042634,3.540518,3.494288,
2.423445,1.367598,1.339639,3.042411,3.540435,3.500317,
2.415576,1.374105,1.358148,3.042404,3.540441,3.506702,
2.407707,1.379216,1.37553,3.042285,3.540429,3.513183,
2.39991,1.384531,1.392995,3.042402,3.540374,3.519637,
2.391289,1.391884,1.412157,3.042391,3.540344,3.526115,
2.38256,1.397697,1.430243,3.042397,3.540314,3.532652,
2.374149,1.403483,1.447723,3.042238,3.540344,3.539159,
2.365263,1.409758,1.466276,3.042188,3.540164,3.545925,
2.356047,1.415618,1.484305,3.042279,3.540417,3.552963,
2.34774,1.421283,1.501802,3.042519,3.540569,3.559973,
2.338813,1.427668,1.520011,3.042449,3.540537,3.566964,
2.33046,1.433352,1.537157,3.042295,3.540331,3.57375,
2.322162,1.438963,1.553784,3.042258,3.540495,3.580699,
2.313483,1.444894,1.570609,3.042264,3.540493,3.587547,
2.30506,1.450217,1.586508,3.042173,3.540381,3.594233,
2.297291,1.455449,1.601826,3.042575,3.540607,3.601094,
2.289651,1.460843,1.616974,3.042479,3.540586,3.607706,
2.282479,1.465907,1.63158,3.042538,3.540601,3.614362,
2.27499,1.470386,1.645684,3.04256,3.540567,3.620863,
2.267617,1.474559,1.659486,3.042446,3.540514,3.627509,
2.260252,1.478485,1.672941,3.04246,3.540509,3.634097,
2.253312,1.482608,1.686228,3.042424,3.540437,3.640589,
2.24656,1.486091,1.698762,3.042433,3.540419,3.647222,
2.240117,1.489406,1.710806,3.042316,3.540424,3.653791,
2.233806,1.493017,1.723122,3.042331,3.540514,3.660469,
2.228054,1.495768,1.734299,3.04228,3.540469,3.667143,
2.2228,1.498537,1.745114,3.042282,3.540448,3.673686,
2.217901,1.501185,1.755551,3.041877,3.540399,3.680222,
2.213253,1.503193,1.765502,3.04195,3.540418,3.687094,
2.208915,1.505185,1.77512,3.042853,3.540527,3.693307,
2.204702,1.507167,1.784663,3.042945,3.540509,3.699579,
2.200749,1.508333,1.793285,3.042606,3.540427,3.705922,
2.196782,1.509639,1.80189,3.042614,3.54052,3.712015,
2.192817,1.510699,1.810299,3.042322,3.54029,3.717798,
2.189097,1.511397,1.818157,3.042088,3.540198,3.723686,
2.185559,1.511558,1.825406,3.042927,3.54032,3.729252,
2.182077,1.511786,1.832542,3.043215,3.540504,3.734973,
2.178547,1.511309,1.838816,3.043164,3.540483,3.740402,
2.175219,1.511061,1.84504,3.043043,3.540557,3.74567,
2.17168,1.510028,1.850375,3.043077,3.540549,3.750595,
2.16841,1.50844,1.855201,3.043136,3.540557,3.755857,
2.164862,1.506943,1.8598,3.043083,3.540647,3.760629,
2.161481,1.504543,1.863627,3.04325,3.540645,3.765435,
2.158143,1.50201,1.867021,3.04338,3.540696,3.770087,
2.154561,1.499401,1.870482,3.04308,3.540634,3.774727,
2.150987,1.496275,1.873289,3.043102,3.540622,3.779174,
2.147654,1.492999,1.875722,3.043257,3.540678,3.783625,
2.144369,1.489483,1.877938,3.04291,3.540651,3.788157,
2.140972,1.485885,1.880148,3.042885,3.540584,3.792531,
2.137913,1.482239,1.882085,3.042943,3.540574,3.797009,
2.134882,1.47837,1.883806,3.042738,3.540563,3.801498,
2.131779,1.474591,1.885674,3.042739,3.540558,3.805932,
2.128899,1.47078,1.887351,3.042871,3.540589,3.810345,
2.125606,1.466497,1.888831,3.04281,3.540585,3.814699,
2.122769,1.462858,1.89071,3.042825,3.540558,3.819166,
2.119726,1.459357,1.892672,3.043033,3.540625,3.823447,
2.116472,1.455528,1.89474,3.042934,3.540678,3.82833,
2.113567,1.451902,1.896617,3.042934,3.540674,3.832927,
2.110281,1.447987,1.898448,3.042998,3.540714,3.837594,
2.106719,1.444334,1.900448,3.042759,3.540573,3.842009,
2.103298,1.440509,1.902432,3.042762,3.540546,3.846795,
2.099812,1.436639,1.904329,3.042694,3.540525,3.851472,
2.095557,1.432627,1.906237,3.042804,3.540769,3.856318,
2.091914,1.42865,1.907931,3.04285,3.540819,3.861108,
2.087991,1.424806,1.909729,3.042937,3.540851,3.865615,
2.084249,1.420587,1.911356,3.042681,3.540804,3.870586,
2.080573,1.416312,1.912753,3.042764,3.540784,3.875393,
2.076713,1.411951,1.914105,3.042712,3.540678,3.88018,
2.072995,1.407859,1.915713,3.04257,3.540669,3.885141,
2.069119,1.40315,1.916833,3.042452,3.540447,3.889949,
2.065089,1.398716,1.918137,3.042425,3.540416,3.895017,
2.061206,1.394208,1.919358,3.042369,3.540365,3.899984,
2.057619,1.389852,1.920634,3.04246,3.540496,3.905337,
2.053681,1.385378,1.921843,3.042678,3.540619,3.910609,
2.050055,1.380892,1.922958,3.042525,3.540639,3.915778,
2.046623,1.376445,1.924062,3.042642,3.540721,3.921125,
2.043519,1.372315,1.925227,3.042643,3.540739,3.92646,
2.041233,1.368991,1.926805,3.042565,3.540671,3.931676,
2.03889,1.365462,1.928261,3.04256,3.540664,3.937054,
2.03637,1.362019,1.929854,3.042622,3.540794,3.942618,
2.033884,1.358609,1.931615,3.042835,3.540797,3.948237,
2.031252,1.355129,1.933321,3.042822,3.540809,3.953979,
2.028625,1.351664,1.935064,3.042525,3.540352,3.959664,
2.0258,1.348055,1.936807,3.042539,3.540329,3.965551,
2.022774,1.344141,1.938318,3.042523,3.54029,3.971581,
2.019269,1.340237,1.940067,3.042773,3.540506,3.978118,
2.015743,1.336427,1.941925,3.042734,3.540459,3.984303,
2.012232,1.332365,1.943423,3.042674,3.540471,3.990725,
2.009015,1.328541,1.945123,3.042764,3.540428,3.99716,
2.006011,1.325076,1.947004,3.042598,3.540246,4.003474,
2.003179,1.321783,1.948911,3.042531,3.54021,4.009998,
2.000304,1.318558,1.950842,3.042398,3.539979,4.016417,
1.99727,1.315465,1.952985,3.04234,3.539906,4.022982,
1.993912,1.311969,1.954762,3.042131,3.539851,4.029524,
1.990765,1.308622,1.956579,3.042061,3.539774,4.036094,
1.987651,1.305399,1.958439,3.042117,3.539783,4.042755,
1.984576,1.302224,1.959974,3.042052,3.539737,4.049122,
1.981647,1.298831,1.961423,3.042066,3.539737,4.05575,
1.978569,1.295653,1.963032,3.042143,3.539708,4.062193,
1.975652,1.292638,1.964642,3.042409,3.539657,4.068714,
1.972541,1.29006,1.965968,3.042387,3.540038,4.074985,
1.969011,1.286955,1.96725,3.042304,3.540037,4.08111,
1.965768,1.284151,1.968693,3.042556,3.540038,4.087212,
1.962433,1.281621,1.970022,3.042436,3.540158,4.092804,
1.958848,1.2788,1.971545,3.042624,3.540178,4.098543,
1.954973,1.275999,1.97306,3.042547,3.540189,4.103991,
1.951118,1.273207,1.974713,3.042637,3.540222,4.10976,
1.946766,1.270426,1.976512,3.042882,3.540231,4.115168,
1.942513,1.267545,1.978155,3.042873,3.540238,4.120692,
1.938079,1.264682,1.979895,3.042771,3.540218,4.126086,
1.933496,1.261808,1.981495,3.042879,3.540256,4.131231,
1.92877,1.258946,1.983084,3.042935,3.540277,4.136495,
1.923683,1.256229,1.984388,3.042906,3.540426,4.141284,
1.918377,1.253784,1.986106,3.042767,3.540447,4.14593,
1.912781,1.251069,1.987184,3.042507,3.540473,4.150156,
1.907039,1.248039,1.98816,3.042402,3.539987,4.153891,
1.90127,1.245089,1.989053,3.042554,3.540053,4.157928,
1.895435,1.242489,1.990171,3.0427,3.540037,4.161839,
1.888948,1.240049,1.990802,3.042524,3.539808,4.164954,
1.882629,1.237285,1.99149,3.042624,3.539828,4.168348,
1.876361,1.23476,1.992411,3.042741,3.539778,4.172004,
1.869537,1.232364,1.99283,3.042886,3.539997,4.175283,
1.862628,1.23003,1.993557,3.042749,3.539958,4.178417,
1.855811,1.227803,1.99428,3.042788,3.539922,4.181589,
1.849026,1.226528,1.99528,3.043031,3.541758,4.184847,
1.842129,1.225046,1.996508,3.043115,3.541808,4.187731,
1.835107,1.223686,1.997912,3.043046,3.541785,4.190761,
1.828093,1.222403,1.999643,3.043133,3.540887,4.193778,
1.821037,1.222175,2.002232,3.04292,3.540812,4.196925,
1.814187,1.221724,2.004377,3.042829,3.540671,4.199983,
1.807287,1.221767,2.007009,3.042812,3.540426,4.203066,
1.800429,1.222451,2.010057,3.042654,3.54033,4.206129,
1.793745,1.223124,2.012906,3.042516,3.540166,4.209158,
1.787089,1.224489,2.016164,3.042489,3.540183,4.2122,
1.78078,1.226424,2.019844,3.042444,3.540123,4.215197,
1.775358,1.229128,2.023494,3.042493,3.540104,4.218132,
1.769528,1.231848,2.027289,3.042521,3.540221,4.220936,
1.763553,1.234627,2.030946,3.042515,3.540196,4.223547,
1.757966,1.237538,2.03483,3.042362,3.540172,4.22658,
1.752655,1.24081,2.038949,3.042372,3.540365,4.229841,
1.747288,1.244384,2.043719,3.042289,3.540337,4.233167,
1.741812,1.247226,2.047941,3.042266,3.54016,4.236576,
1.7363,1.250025,2.052123,3.042086,3.540179,4.240036,
1.730723,1.252702,2.056355,3.042138,3.540161,4.243511,
1.725618,1.255551,2.060605,3.042386,3.540123,4.247357,
1.720174,1.258995,2.065049,3.04257,3.540544,4.251285,
1.714692,1.262317,2.069725,3.042469,3.540529,4.25507,
1.709855,1.265951,2.07426,3.042601,3.540793,4.258958,
1.7054,1.269781,2.078975,3.04254,3.540671,4.262722,
1.700897,1.273716,2.083773,3.042577,3.540689,4.266715,
1.696595,1.277727,2.088334,3.042679,3.540736,4.270597,
1.692268,1.281582,2.093024,3.042544,3.540607,4.27461,
1.687888,1.285185,2.097819,3.042527,3.540506,4.278981,
1.683571,1.288842,2.102412,3.042434,3.540454,4.283344,
1.679428,1.292445,2.107023,3.042704,3.540572,4.287955,
1.675446,1.296191,2.111584,3.042741,3.540573,4.292444,
1.671423,1.299406,2.116245,3.04242,3.540246,4.297459,
1.667433,1.302952,2.120865,3.042399,3.540142,4.302176,
1.663602,1.306493,2.125728,3.042578,3.540127,4.307432,
1.659737,1.310306,2.130395,3.042574,3.540305,4.312588,
1.656066,1.313933,2.135273,3.04268,3.540446,4.31814,
1.652098,1.317881,2.140172,3.042562,3.540532,4.323641,
1.648323,1.32156,2.144862,3.042598,3.540579,4.329226,
1.644587,1.32529,2.149578,3.042551,3.540694,4.33518,
1.640672,1.329076,2.154393,3.042751,3.540776,4.340871,
1.636762,1.332796,2.159093,3.042519,3.540716,4.346767,
1.632709,1.33645,2.163779,3.04249,3.540591,4.352576,
1.628458,1.339972,2.167912,3.042449,3.540586,4.358028,
1.623945,1.343444,2.172356,3.042351,3.540551,4.363959,
1.619268,1.346839,2.176547,3.04248,3.54058,4.369834,
1.614601,1.35002,2.181034,3.042524,3.540623,4.375882,
1.609878,1.353218,2.185323,3.042634,3.540587,4.381664,
1.604872,1.356433,2.189698,3.042584,3.540577,4.387355,
1.599852,1.359925,2.1943,3.042426,3.540564,4.393072,
1.595088,1.362721,2.198667,3.042496,3.540339,4.398794,
1.590171,1.366049,2.20323,3.042414,3.540244,4.404302,
1.585361,1.369513,2.207922,3.042741,3.540547,4.410182,
1.580697,1.372769,2.212447,3.042824,3.540575,4.41597,
1.575669,1.376355,2.21703,3.042793,3.540495,4.421247,
1.571005,1.379906,2.221661,3.042794,3.540591,4.426588,
1.566361,1.383703,2.226165,3.04272,3.540545,4.431791,
1.561987,1.387744,2.230671,3.043032,3.540924,4.437229,
1.557431,1.391917,2.235131,3.042712,3.540858,4.441931,
1.553064,1.396376,2.239594,3.042692,3.54086,4.44671,
1.549107,1.401036,2.243889,3.042603,3.540742,4.450937,
1.545169,1.406029,2.248448,3.042661,3.540672,4.4551,
1.541548,1.411179,2.252928,3.042364,3.540596,4.459239,
1.538307,1.416539,2.257157,3.042404,3.540781,4.463477,
1.535053,1.42181,2.261329,3.042398,3.540785,4.467188,
1.532099,1.427279,2.265591,3.042501,3.540874,4.470983,
1.529309,1.43293,2.269813,3.042458,3.540728,4.474342,
1.526714,1.439275,2.274698,3.042368,3.54071,4.477903,
1.524551,1.445524,2.279196,3.042319,3.540721,4.481435,
1.522312,1.451573,2.283628,3.042364,3.540617,4.484516,
1.520525,1.45796,2.28812,3.042336,3.540634,4.48804,
1.518862,1.464237,2.292401,3.042319,3.540636,4.491388,
1.517311,1.47063,2.296828,3.042584,3.54073,4.494635,
1.516494,1.477294,2.301371,3.042731,3.540676,4.497877,
1.516223,1.48431,2.305708,3.042683,3.540658,4.501007,
1.515951,1.491419,2.310277,3.042707,3.540559,4.503891,
1.51572,1.498165,2.314377,3.042621,3.54055,4.506892,
1.515578,1.504752,2.318225,3.042728,3.540564,4.509862,
1.51566,1.511075,2.321965,3.042672,3.540627,4.51287,
1.515875,1.517004,2.32522,3.042674,3.540651,4.515819,
1.515926,1.523021,2.328416,3.042767,3.540661,4.518598,
1.515777,1.528499,2.331401,3.042768,3.540709,4.52138,
1.515414,1.533438,2.333852,3.042787,3.540717,4.524099,
1.514925,1.538307,2.336339,3.04287,3.540711,4.526942,
1.514364,1.542716,2.338331,3.042872,3.540705,4.529437,
1.514076,1.54676,2.340209,3.042733,3.540697,4.532105,
1.514009,1.550581,2.34181,3.042683,3.540614,4.534906,
1.513762,1.553997,2.343143,3.042921,3.54075,4.537642,
1.513421,1.557635,2.344818,3.042633,3.540664,4.540377,
1.513291,1.561101,2.346163,3.042621,3.540628,4.542904,
1.513276,1.564737,2.347728,3.042589,3.540595,4.545374,
1.513278,1.569108,2.349837,3.04257,3.540618,4.548021,
1.5136,1.57385,2.351937,3.042394,3.540509,4.55037,
1.514131,1.578762,2.354249,3.041854,3.54052,4.55292,
1.514585,1.583858,2.356633,3.04188,3.540581,4.555461,
1.514887,1.58899,2.359094,3.04193,3.540559,4.557943,
1.515098,1.593962,2.36136,3.042073,3.540569,4.560573,
1.515082,1.598587,2.363645,3.042127,3.54065,4.563241,
1.514956,1.602769,2.365415,3.042123,3.540608,4.565811,
1.514514,1.606594,2.366985,3.042154,3.540747,4.568712,
1.513917,1.609755,2.367873,3.042144,3.540793,4.571422,
1.513048,1.612742,2.368675,3.042161,3.540788,4.574018,
1.511933,1.615557,2.369332,3.042036,3.540701,4.57659,
1.510583,1.618444,2.369969,3.042026,3.540676,4.579236,
1.509483,1.62133,2.370671,3.041909,3.540479,4.581782,
1.508561,1.624264,2.371015,3.041977,3.54067,4.584557,
1.507941,1.627055,2.371356,3.041823,3.540655,4.587322,
1.506886,1.629874,2.371415,3.041991,3.540722,4.590137,
1.505662,1.632377,2.371378,3.041985,3.540694,4.592886,
1.504458,1.634685,2.371107,3.041948,3.5407,4.595695,
1.502937,1.636946,2.370739,3.041965,3.540665,4.598417,
1.501432,1.638925,2.370176,3.041974,3.540689,4.601201,
1.500075,1.6411,2.369614,3.041971,3.54069,4.604087,
1.498785,1.643248,2.368908,3.041856,3.540693,4.606949,
1.497584,1.645492,2.368073,3.041741,3.540637,4.609725,
1.496361,1.647763,2.367374,3.041703,3.540645,4.61277,
1.495239,1.650177,2.366783,3.041711,3.540709,4.615746,
1.494141,1.652642,2.36621,3.041738,3.540661,4.618889,
1.492967,1.655051,2.365671,3.041676,3.540657,4.622154,
1.491869,1.657249,2.364957,3.041631,3.540633,4.625346,
1.490614,1.65929,2.364259,3.041636,3.540549,4.628603,
1.489102,1.661438,2.363535,3.041673,3.540619,4.632045,
1.488009,1.663003,2.36235,3.041619,3.540591,4.635285,
1.486656,1.664709,2.361203,3.041626,3.540792,4.639158,
1.485195,1.666246,2.359913,3.041636,3.540815,4.642625,
1.483884,1.66779,2.358296,3.041824,3.540946,4.646152,
1.482266,1.669199,2.356752,3.041778,3.540811,4.649444,
1.480415,1.670372,2.354946,3.041743,3.54084,4.652935,
1.47852,1.671202,2.35291,3.041882,3.541067,4.656626,
1.476426,1.671921,2.350622,3.041895,3.540873,4.660163,
1.474614,1.672442,2.348214,3.041646,3.540861,4.663852,
1.472739,1.672934,2.345747,3.04171,3.540849,4.667207,
1.471465,1.673503,2.342928,3.04173,3.540727,4.671054,
1.471421,1.674521,2.340283,3.041478,3.540684,4.674717,
1.472284,1.675961,2.33763,3.041469,3.540671,4.678227,
1.473586,1.677764,2.335018,3.041407,3.540634,4.681938,
1.474471,1.679183,2.331861,3.041294,3.540611,4.685358,
1.475323,1.679905,2.328149,3.041364,3.54057,4.688736,
1.475322,1.679972,2.324002,3.041237,3.540339,4.691851,
1.474815,1.679702,2.319895,3.041178,3.540373,4.695155,
1.47468,1.678778,2.31554,3.041369,3.540541,4.698999,
1.474425,1.677427,2.310502,3.041409,3.540666,4.701961,
1.474006,1.675839,2.305503,3.041397,3.540807,4.704696,
1.473978,1.673924,2.300306,3.041725,3.541079,4.707429,
1.474151,1.672188,2.294948,3.041775,3.540847,4.709698,
1.474621,1.670075,2.289559,3.041453,3.540828,4.712055,
1.475203,1.667838,2.284075,3.041635,3.540855,4.714293,
1.475789,1.66515,2.278027,3.041559,3.540725,4.716372,
1.476377,1.662585,2.272275,3.041279,3.54074,4.718364,
1.477868,1.659374,2.266002,3.041436,3.540682,4.72047,
1.478949,1.655783,2.259459,3.041529,3.540708,4.721913,
1.479577,1.652563,2.253686,3.041363,3.540708,4.72362,
1.48225,1.648323,2.246643,3.041405,3.540565,4.724689,
1.483552,1.644549,2.240238,3.041227,3.540548,4.72616,
1.484991,1.640595,2.234585,3.041186,3.540489,4.727308,
1.486625,1.63676,2.228953,3.041408,3.540569,4.728806,
1.487846,1.632955,2.223498,3.041382,3.540567,4.729992,
1.488965,1.629081,2.218585,3.041211,3.540627,4.731481,
1.490426,1.624924,2.213165,3.041376,3.540599,4.732287,
1.491186,1.621619,2.20824,3.041388,3.540521,4.733424,
1.492171,1.617979,2.203351,3.041365,3.540475,4.73445,
1.493212,1.614407,2.198682,3.041429,3.540534,4.73526,
1.493582,1.611216,2.194494,3.041328,3.540519,4.736201,
1.494018,1.607957,2.190126,3.0413,3.540548,4.737089,
1.494446,1.605077,2.186273,3.041779,3.540668,4.738125,
1.494535,1.602149,2.182446,3.04173,3.540681,4.739146,
1.49272,1.600365,2.18027,3.041422,3.540707,4.740095,
1.492644,1.597795,2.176672,3.041646,3.540894,4.741075,
1.492108,1.595437,2.173426,3.04148,3.540926,4.742375,
1.491939,1.592989,2.169982,3.041469,3.540858,4.743356,
1.490776,1.591454,2.167435,3.041693,3.540557,4.744224,
1.490739,1.589346,2.163872,3.041346,3.540539,4.745291,
1.491004,1.587315,2.160194,3.041351,3.540622,4.746383,
1.49049,1.585885,2.157277,3.041717,3.540576,4.747589,
1.49087,1.584313,2.153845,3.04176,3.540595,4.748744,
1.491436,1.582927,2.15028,3.041509,3.540585,4.749939,
1.491387,1.582096,2.147206,3.041772,3.540597,4.751372,
1.492279,1.581034,2.143735,3.041751,3.540629,4.752802,
1.493258,1.579921,2.139868,3.041449,3.540675,4.754302,
1.494258,1.578938,2.136394,3.041743,3.540701,4.755951,
1.495362,1.578023,2.132656,3.041436,3.540679,4.757559,
1.496613,1.576808,2.128651,3.041429,3.540675,4.759193,
1.49789,1.575704,2.124676,3.04153,3.540866,4.760956,
1.498856,1.574805,2.120848,3.04143,3.540861,4.763062,
1.500247,1.57355,2.116557,3.041422,3.540866,4.764879,
1.501518,1.572609,2.112388,3.041757,3.54071,4.766808,
1.50289,1.571425,2.107891,3.041431,3.540743,4.768654,
1.504508,1.570051,2.103168,3.041742,3.540772,4.770639,
1.506137,1.568694,2.09831,3.041734,3.54081,4.772596,
1.507346,1.567259,2.093573,3.041439,3.540838,4.775033,
1.509039,1.565709,2.088455,3.041403,3.540888,4.77721,
1.510463,1.564212,2.083574,3.041776,3.540741,4.779535,
1.511986,1.562971,2.078583,3.041796,3.540761,4.78154,
1.513838,1.561385,2.073474,3.041362,3.540729,4.783821,
1.515771,1.559735,2.068133,3.041631,3.540601,4.786248,
1.517813,1.558099,2.062584,3.041368,3.540589,4.788638,
1.520252,1.556384,2.057022,3.041352,3.540608,4.791337,
1.522439,1.554676,2.051852,3.041565,3.540765,4.794389,
1.524455,1.552897,2.054422,3.041423,3.540805,4.806494,
1.52678,1.551289,2.043637,3.041402,3.540915,4.804562,
1.529325,1.549764,2.037906,3.041663,3.540768,4.807559,
1.531916,1.54826,2.032277,3.041239,3.54078,4.811326,
1.534591,1.546622,2.026547,3.041199,3.54067,4.814586,
1.537349,1.544976,2.020321,3.041639,3.540693,4.818089,
1.540095,1.543227,2.014022,3.041352,3.540727,4.822014,
1.54286,1.541609,2.007724,3.041367,3.540734,4.825411,
1.545723,1.540092,2.001242,3.041667,3.540729,4.828721,
1.548312,1.538522,1.994659,3.041407,3.540741,4.832527,
1.551284,1.537067,1.988206,3.041396,3.540702,4.836067,
1.554124,1.535615,1.981484,3.041666,3.540644,4.83941,
1.5568,1.534371,1.974701,3.0415,3.540732,4.843123,
1.559331,1.533145,1.968149,3.041489,3.540739,4.846566,
1.561967,1.531749,1.961151,3.041864,3.540783,4.850066,
1.564415,1.530666,1.954005,3.041723,3.540781,4.853633,
1.566982,1.529656,1.947281,3.041665,3.540733,4.857104,
1.570052,1.528927,1.940296,3.041909,3.54067,4.860206,
1.573351,1.528429,1.932941,3.041677,3.540648,4.863313,
1.57733,1.528031,1.926173,3.041885,3.540593,4.866512,
1.580891,1.527356,1.91898,3.041813,3.54064,4.869453,
1.584059,1.527127,1.912238,3.041822,3.540636,4.872589,
1.587316,1.526756,1.905711,3.042108,3.540361,4.875522,
1.590251,1.526595,1.899428,3.042099,3.540244,4.878187,
1.593268,1.526533,1.893628,3.041464,3.540182,4.881746,
1.596312,1.526847,1.888381,3.041444,3.540376,4.884944,
1.599497,1.52694,1.882974,3.041954,3.540724,4.888348,
1.602491,1.527137,1.877914,3.041704,3.540726,4.891564,
1.605505,1.527561,1.87317,3.041983,3.540916,4.894796,
1.608612,1.528168,1.868169,3.042014,3.540721,4.897408,
1.611998,1.528718,1.862994,3.04144,3.540783,4.900174,
1.614839,1.529552,1.858576,3.0417,3.540758,4.902812,
1.617708,1.530275,1.853557,3.041904,3.540746,4.905302,
1.620717,1.531132,1.848586,3.041422,3.540723,4.907837,
1.623273,1.532312,1.844565,3.041708,3.540675,4.910179,
1.625762,1.533384,1.840281,3.041728,3.540588,4.912276,
1.628139,1.53472,1.836268,3.041541,3.540586,4.914891,
1.630431,1.536059,1.832569,3.041923,3.540506,4.917296,
1.632678,1.537559,1.828892,3.04187,3.540568,4.919683,
1.634658,1.538967,1.824863,3.041659,3.540598,4.922463,
1.637024,1.540478,1.821324,3.041971,3.540569,4.925025,
1.639426,1.541849,1.81741,3.042156,3.540626,4.927728,
1.641764,1.543214,1.813548,3.041915,3.540609,4.930436,
1.644384,1.54454,1.809719,3.042227,3.540592,4.933139,
1.646889,1.545858,1.805527,3.042299,3.540835,4.935856,
1.649015,1.54728,1.801208,3.042094,3.540936,4.938828,
1.651524,1.548842,1.797192,3.042307,3.540859,4.941484,
1.654062,1.550382,1.79283,3.042352,3.540736,4.943989,
1.656591,1.552026,1.788445,3.041974,3.540649,4.946949,
1.659001,1.553662,1.784448,3.042293,3.540633,4.949839,
1.661219,1.55529,1.780173,3.042321,3.540608,4.952386,
1.663199,1.557151,1.775661,3.042161,3.54056,4.95531,
1.665475,1.558933,1.771651,3.042539,3.540582,4.958305,
1.667331,1.560851,1.767672,3.042597,3.540545,4.961053,
1.669196,1.562859,1.763695,3.042366,3.540535,4.964153,
1.671057,1.56507,1.760245,3.042588,3.54049,4.967047,
1.672956,1.567031,1.756329,3.042748,3.540665,4.970176,
1.674721,1.569418,1.752442,3.042375,3.540618,4.973336,
1.676932,1.571295,1.748376,3.042494,3.540576,4.976253,
1.679003,1.573328,1.743976,3.042553,3.540593,4.97918,
1.680952,1.575134,1.739196,3.042299,3.540633,4.982425,
1.683154,1.576789,1.734544,3.042599,3.540685,4.985409,
1.685104,1.578377,1.72949,3.042552,3.540736,4.988297,
1.68674,1.579896,1.724332,3.042232,3.540784,4.991357,
1.688424,1.581086,1.71919,3.042532,3.54078,4.994343,
1.689609,1.581942,1.713716,3.042503,3.540692,4.997041,
1.690654,1.583091,1.70856,3.04222,3.540718,5.000356,
1.692447,1.584155,1.702843,3.042504,3.540714,5.003048,
1.694411,1.585195,1.696686,3.042483,3.540738,5.005604,
1.696339,1.586342,1.690557,3.042241,3.540664,5.008212,
1.698631,1.587253,1.684064,3.042349,3.540564,5.010608,
1.700356,1.587731,1.676872,3.040385,3.540451,5.012895,
1.702557,1.588771,1.669418,3.041575,3.540423,5.015502,
1.705318,1.589569,1.661597,3.041783,3.540483,5.018106,
1.708344,1.590525,1.653726,3.042339,3.540465,5.020876,
1.711899,1.591582,1.645824,3.042118,3.540191,5.023462,
1.716349,1.592899,1.637383,3.042127,3.540121,5.026137,
1.720798,1.594272,1.628962,3.042173,3.540276,5.029119,
1.725251,1.595725,1.620018,3.042812,3.540504,5.031919,
1.730195,1.597141,1.610903,3.042973,3.540547,5.034865,
1.734872,1.598374,1.601967,3.042837,3.540467,5.037748,
1.739787,1.600254,1.593096,3.042901,3.540622,5.040816,
1.745489,1.601909,1.583708,3.042892,3.540584,5.043727,
1.751121,1.603499,1.574358,3.042999,3.540674,5.046905,
1.756807,1.605193,1.564669,3.042888,3.540725,5.049998,
1.76299,1.606534,1.554083,3.042813,3.540694,5.052915,
1.768707,1.607938,1.543574,3.04279,3.540889,5.05601,
1.7743,1.609202,1.532885,3.042764,3.540922,5.05916,
1.780152,1.610187,1.521232,3.042878,3.541,5.062101,
1.785751,1.610922,1.509314,3.04285,3.540931,5.064822,
1.790942,1.611645,1.497318,3.042881,3.540926,5.067554,
1.796453,1.611974,1.483671,3.04292,3.540945,5.069851,
1.80108,1.611714,1.470669,3.042924,3.540795,5.071764,
1.805463,1.611925,1.457461,3.042968,3.540775,5.073783,
1.809933,1.611346,1.442645,3.042795,3.540696,5.074891,
1.813659,1.610507,1.428083,3.042644,3.5406,5.075912,
1.816647,1.609745,1.413629,3.042634,3.540539,5.077123,
1.820108,1.608444,1.39832,3.042717,3.540549,5.078275,
1.823021,1.6067,1.382961,3.042654,3.540746,5.079283,
1.824934,1.604989,1.367849,3.042572,3.540698,5.0799,
1.827618,1.602562,1.351626,3.042649,3.540729,5.080203,
1.829197,1.599676,1.336026,3.042706,3.540897,5.080619,
1.830125,1.596966,1.321034,3.042657,3.540866,5.081083,
1.83168,1.593273,1.304694,3.042602,3.540858,5.080655,
1.832041,1.589191,1.289029,3.042612,3.540787,5.080061,
1.831604,1.586157,1.274797,3.042688,3.540841,5.07989,
1.832119,1.582099,1.259368,3.042828,3.540917,5.079075,
1.83159,1.577847,1.245125,3.04287,3.540852,5.078471,
1.830626,1.574437,1.231671,3.04283,3.540882,5.077798,
1.829788,1.570887,1.218637,3.042777,3.540846,5.077286,
1.828092,1.566852,1.206998,3.042759,3.54073,5.07692,
1.82628,1.563969,1.196019,3.042779,3.540714,5.076359,
1.824542,1.560974,1.186097,3.042745,3.540703,5.076278,
1.822325,1.557596,1.177388,3.042418,3.540591,5.076193,
1.820387,1.55563,1.169723,3.042418,3.540617,5.07651,
1.819565,1.553365,1.161623,3.04248,3.540651,5.076824,
1.818518,1.551227,1.154512,3.042496,3.540672,5.077423,
1.817953,1.549867,1.147579,3.042539,3.540668,5.078184,
1.817877,1.548471,1.140926,3.042473,3.540635,5.079113,
1.817475,1.547002,1.134922,3.042524,3.540618,5.08007,
1.817267,1.54619,1.129268,3.042523,3.540631,5.081047,
1.817421,1.545597,1.12409,3.042572,3.540632,5.082226,
1.81688,1.545565,1.119921,3.042464,3.540644,5.08344,
1.816014,1.54599,1.116289,3.042468,3.540607,5.084447,
1.815218,1.546559,1.113216,3.042458,3.54054,5.085709,
1.813965,1.547767,1.110808,3.042483,3.540595,5.08688,
1.812822,1.549209,1.108822,3.042479,3.540597,5.08831,
1.811769,1.550852,1.107083,3.042341,3.540636,5.089871,
1.811244,1.553228,1.105188,3.04232,3.540603,5.091519,
1.811102,1.555482,1.103004,3.042258,3.540515,5.092975,
1.811393,1.558078,1.100791,3.042387,3.540571,5.094691,
1.81162,1.560169,1.098549,3.042661,3.54059,5.096288,
1.812197,1.562439,1.096243,3.042577,3.540548,5.097902,
1.813215,1.564522,1.093124,3.042657,3.540492,5.099383,
1.814144,1.566441,1.09132,3.042764,3.540761,5.101782,
1.814996,1.568367,1.088329,3.042826,3.540875,5.103195,
1.815996,1.56997,1.086029,3.042623,3.540697,5.104683,
1.816892,1.571773,1.083762,3.042572,3.54065,5.106366,
1.81783,1.573261,1.081186,3.042555,3.540582,5.107654,
1.818392,1.574659,1.079502,3.042642,3.540691,5.109503,
1.819687,1.575743,1.077708,3.042586,3.540689,5.111578,
1.820855,1.576804,1.075708,3.042706,3.540768,5.113353,
1.822003,1.577691,1.074209,3.042781,3.540888,5.115504,
1.823812,1.578746,1.071744,3.042615,3.540715,5.116874,
1.825261,1.579976,1.070292,3.042568,3.540684,5.118973,
1.82661,1.581104,1.069106,3.042378,3.5406,5.121072,
1.828081,1.58224,1.067926,3.042529,3.540631,5.123231,
1.829302,1.58365,1.067768,3.042479,3.540533,5.125809,
1.830235,1.585415,1.068387,3.042537,3.540314,5.128706,
1.831634,1.587241,1.069193,3.042573,3.540493,5.131847,
1.833052,1.589556,1.070199,3.042572,3.540461,5.134768,
1.834245,1.591861,1.071685,3.042622,3.540493,5.138034,
1.835603,1.594354,1.073442,3.042609,3.540494,5.141161,
1.836976,1.597084,1.076299,3.042317,3.540448,5.144711,
1.838053,1.600073,1.079336,3.04225,3.540499,5.148073,
1.839227,1.603288,1.083343,3.042281,3.540472,5.151966,
1.840285,1.606766,1.087183,3.042374,3.540516,5.155272,
1.840948,1.610211,1.091909,3.042352,3.540622,5.158699,
1.842001,1.613889,1.096836,3.042395,3.540622,5.162384,
1.842857,1.617753,1.101814,3.042305,3.540642,5.165294,
1.843591,1.621746,1.107206,3.042272,3.540709,5.168374,
1.844419,1.625922,1.113239,3.042224,3.540732,5.171802,
1.845111,1.630512,1.119196,3.042424,3.54074,5.174528,
1.845489,1.635536,1.125291,3.042375,3.54072,5.176803,
1.845865,1.640399,1.132614,3.042542,3.540732,5.179893,
1.846145,1.645435,1.139856,3.0427,3.540737,5.18237,
1.845064,1.650578,1.148906,3.042752,3.540716,5.184883,
1.844869,1.656027,1.158476,3.042568,3.540706,5.188136,
1.844477,1.661624,1.16801,3.042579,3.540675,5.190828,
1.843592,1.667319,1.179599,3.042589,3.540606,5.194475,
1.842822,1.672676,1.190604,3.042774,3.540601,5.19728,
1.842174,1.677973,1.201989,3.042833,3.540629,5.200232,
1.84061,1.682773,1.214489,3.042864,3.540657,5.202877,
1.839192,1.687658,1.227393,3.042752,3.540627,5.206048,
1.838066,1.692447,1.240014,3.04277,3.540632,5.208663,
1.835511,1.696754,1.254095,3.042816,3.540549,5.211554,
1.833762,1.701229,1.266605,3.042725,3.540521,5.213424,
1.832324,1.705672,1.279181,3.042828,3.540611,5.215647,
1.829182,1.709371,1.293237,3.042724,3.540594,5.218203,
1.827905,1.713208,1.305427,3.042556,3.540561,5.219902,
1.826499,1.716381,1.317703,3.042526,3.540543,5.2219,
1.82163,1.720457,1.332361,3.042783,3.540825,5.224864,
1.819558,1.723789,1.344303,3.042775,3.540838,5.226261,
1.81746,1.726116,1.356028,3.042748,3.540845,5.228148,
1.815023,1.728623,1.367099,3.042777,3.540863,5.229387,
1.812176,1.731088,1.378133,3.042718,3.540895,5.230576,
1.809529,1.732874,1.38941,3.042729,3.540896,5.232618,
1.806303,1.734899,1.399709,3.042496,3.540608,5.233294,
1.802857,1.737041,1.409603,3.042305,3.540574,5.234217,
1.79924,1.738147,1.419294,3.042355,3.54058,5.23573,
1.795336,1.739566,1.428331,3.042448,3.540653,5.237066,
1.791023,1.740373,1.436499,3.04256,3.540677,5.237722,
1.78659,1.741046,1.44536,3.042638,3.54075,5.239301,
1.781968,1.741191,1.45311,3.042701,3.540852,5.240829,
1.777029,1.741359,1.460219,3.042777,3.540849,5.241711,
1.771754,1.741234,1.46787,3.042771,3.540925,5.24332,
1.766706,1.740964,1.473881,3.042731,3.540776,5.244071,
1.761633,1.740818,1.479971,3.042696,3.540745,5.245024,
1.756754,1.740651,1.485467,3.042527,3.540662,5.24597,
1.751909,1.740573,1.490548,3.042546,3.540635,5.246658,
1.74765,1.740929,1.495754,3.04248,3.540636,5.247633,
1.74371,1.741202,1.500334,3.042203,3.540344,5.248493,
1.740469,1.741899,1.504532,3.042262,3.540444,5.249688,
1.73682,1.742616,1.509064,3.042541,3.540427,5.250571,
1.733663,1.743613,1.512927,3.04253,3.540598,5.25147,
1.730642,1.744739,1.516688,3.042461,3.540529,5.252274,
1.727526,1.745975,1.520434,3.042699,3.540551,5.253058,
1.724681,1.747239,1.523447,3.042753,3.540602,5.253694,
1.721878,1.748548,1.526359,3.042562,3.54053,5.254145,
1.71908,1.750137,1.529286,3.042623,3.540524,5.254589,
1.716573,1.751687,1.531646,3.042539,3.54049,5.255029,
1.714266,1.75336,1.533566,3.042768,3.540671,5.25553,
1.711782,1.755067,1.535339,3.042862,3.540725,5.255737,
1.709354,1.757043,1.536789,3.042908,3.540787,5.255754,
1.707063,1.758948,1.538205,3.042928,3.540951,5.255899,
1.704648,1.761289,1.539232,3.04286,3.540888,5.255647,
1.702297,1.763221,1.539981,3.04251,3.54077,5.25533,
1.699675,1.765398,1.540349,3.042474,3.540655,5.254813,
1.697097,1.767745,1.540741,3.042644,3.540746,5.254305,
1.694864,1.770047,1.540496,3.042443,3.540654,5.253565,
1.69225,1.772557,1.54029,3.042418,3.540333,5.252668,
1.689922,1.775568,1.539996,3.042444,3.540297,5.251957,
1.688004,1.778343,1.539317,3.042528,3.540528,5.251195,
1.685926,1.781526,1.538248,3.042511,3.540433,5.250185,
1.683887,1.784595,1.536919,3.042673,3.540542,5.249051,
1.682325,1.787814,1.535554,3.042759,3.540566,5.248164,
1.68045,1.791289,1.534081,3.042837,3.540772,5.247092,
1.679036,1.794999,1.532444,3.042861,3.540779,5.246071,
1.678146,1.799042,1.530599,3.042908,3.540774,5.244987,
1.677851,1.803394,1.528604,3.042919,3.540918,5.244234,
1.677274,1.807969,1.526653,3.042728,3.540927,5.243161,
1.677226,1.812652,1.524021,3.042617,3.540799,5.242014,
1.677196,1.817593,1.521365,3.042704,3.540773,5.241003,
1.677085,1.822574,1.518536,3.042583,3.540745,5.239881,
1.677259,1.827574,1.515422,3.042619,3.540732,5.23874,
1.677712,1.832823,1.511763,3.042661,3.540771,5.237658,
1.677987,1.837741,1.507844,3.042791,3.540779,5.236226,
1.678415,1.842877,1.503546,3.042806,3.540778,5.234812,
1.678683,1.848005,1.498719,3.042862,3.540824,5.233198,
1.678843,1.853074,1.494261,3.042813,3.540768,5.231642,
1.678855,1.858158,1.489358,3.042814,3.540787,5.229991,
1.678389,1.863207,1.484586,3.042798,3.540723,5.228196,
1.677972,1.868291,1.479807,3.042857,3.540759,5.226472,
1.677671,1.873527,1.47504,3.042795,3.540727,5.224703,
1.677183,1.878949,1.470243,3.042764,3.540683,5.222718,
1.676838,1.884396,1.465414,3.042832,3.540669,5.220767,
1.676328,1.890107,1.460757,3.042901,3.540687,5.218837,
1.675751,1.895852,1.456259,3.042852,3.540732,5.216706,
1.675038,1.901835,1.452145,3.042897,3.54075,5.214633,
1.67427,1.907983,1.448234,3.042963,3.540771,5.212506,
1.673247,1.914257,1.444766,3.043097,3.540838,5.210427,
1.672542,1.920508,1.441712,3.042969,3.540798,5.208419,
1.671706,1.926651,1.438994,3.042906,3.54075,5.20649,
1.670342,1.932362,1.436294,3.042907,3.540814,5.204617,
1.668902,1.937397,1.43376,3.042784,3.540758,5.202897,
1.667147,1.941855,1.431331,3.042825,3.540756,5.201386,
1.66519,1.945649,1.429014,3.042732,3.540549,5.199819,
1.663363,1.949288,1.426825,3.042668,3.540545,5.198466,
1.661381,1.951977,1.424507,3.042658,3.540534,5.197077,
1.659067,1.954709,1.422365,3.042736,3.540717,5.19585,
1.65737,1.957657,1.420304,3.042627,3.540738,5.194675,
1.655713,1.96067,1.418567,3.042679,3.540767,5.193603,
1.654408,1.963532,1.41687,3.04258,3.540649,5.192402,
1.653239,1.966018,1.415257,3.04243,3.540656,5.191278,
1.651889,1.968407,1.413883,3.042587,3.540712,5.190326,
1.650705,1.970647,1.41271,3.042531,3.54069,5.18943,
1.649243,1.972542,1.411806,3.042732,3.540738,5.188534,
1.647719,1.974175,1.411064,3.04257,3.540639,5.187486,
1.646252,1.975708,1.410499,3.042572,3.540722,5.186775,
1.644791,1.977031,1.410098,3.042537,3.540668,5.185896,
1.643236,1.978155,1.40967,3.042543,3.540648,5.184966,
1.64177,1.979249,1.409214,3.042779,3.540715,5.184143,
1.64033,1.98011,1.408907,3.042774,3.540688,5.183151,
1.638806,1.980878,1.408654,3.042813,3.540694,5.182194,
1.636798,1.98134,1.408598,3.042883,3.540548,5.180906,
1.635111,1.981819,1.408729,3.042407,3.540465,5.179629,
1.633176,1.981922,1.409029,3.042325,3.540395,5.178285,
1.631195,1.982015,1.409241,3.042461,3.540523,5.177084,
1.62889,1.981862,1.409781,3.042584,3.540609,5.175797,
1.626421,1.981484,1.410474,3.042549,3.540586,5.174412,
1.623779,1.981011,1.411416,3.042634,3.540602,5.173161,
1.620845,1.980456,1.412985,3.042649,3.540611,5.171864,
1.617553,1.97975,1.414695,3.042628,3.540566,5.170509,
1.614306,1.979092,1.416571,3.042795,3.540676,5.169333,
1.61101,1.978353,1.418476,3.042853,3.540689,5.167993,
1.607667,1.977341,1.420477,3.043003,3.540753,5.166656,
1.603994,1.976419,1.422729,3.042877,3.540736,5.165127,
1.600488,1.975304,1.424993,3.042956,3.540766,5.163754,
1.596555,1.974141,1.42765,3.043026,3.540787,5.162502,
1.592472,1.973021,1.430511,3.043009,3.54078,5.161056,
1.588165,1.971273,1.433675,3.043047,3.540765,5.159739,
1.583421,1.969793,1.437183,3.043079,3.540911,5.158583,
1.578938,1.968147,1.440901,3.042923,3.540809,5.157297,
1.574129,1.966239,1.444665,3.042918,3.540821,5.156035,
1.568951,1.963879,1.44876,3.042841,3.540765,5.154693,
1.563891,1.961624,1.452783,3.042799,3.540789,5.1534,
1.558413,1.958629,1.457014,3.042781,3.540791,5.152203,
1.552762,1.955468,1.461384,3.042791,3.540796,5.151025,
1.547155,1.952241,1.466091,3.042804,3.540802,5.14996,
1.541564,1.94856,1.47089,3.042752,3.540772,5.148879,
1.536304,1.945318,1.475839,3.042783,3.540651,5.147848,
1.53044,1.941745,1.481194,3.042883,3.540994,5.146784,
1.525026,1.93811,1.486321,3.042815,3.540947,5.14571,
1.519701,1.934539,1.491467,3.042755,3.540916,5.144601,
1.514698,1.930628,1.496919,3.042724,3.540763,5.143448,
1.509614,1.927238,1.502035,3.042713,3.540766,5.142342,
1.504726,1.923465,1.507113,3.042522,3.540659,5.141005,
1.499939,1.919811,1.513265,3.042554,3.540639,5.139994,
1.495483,1.916367,1.518154,3.042634,3.540683,5.138877,
1.490922,1.912825,1.522997,3.042545,3.54063,5.13764,
1.486833,1.90941,1.527527,3.042524,3.540581,5.136511,
1.482775,1.906266,1.531895,3.042461,3.540547,5.135396,
1.478766,1.903056,1.536005,3.042401,3.54052,5.134302,
1.474839,1.900005,1.539997,3.042429,3.540492,5.133227,
1.471082,1.897051,1.543822,3.042517,3.540562,5.132226,
1.467116,1.89427,1.547644,3.042664,3.540612,5.131311,
1.463423,1.891823,1.551369,3.042519,3.540546,5.130376,
1.459746,1.88921,1.555064,3.042523,3.540563,5.129434,
1.456012,1.88685,1.558663,3.042621,3.540617,5.128559,
1.45254,1.884454,1.562162,3.042757,3.54074,5.127755,
1.449211,1.88247,1.565515,3.042702,3.540698,5.126823,
1.445774,1.880148,1.568785,3.042819,3.540837,5.125893,
1.44284,1.87814,1.571907,3.042723,3.540971,5.125051,
1.440039,1.876298,1.574915,3.042806,3.540985,5.12413,
1.437127,1.874597,1.577963,3.042751,3.540975,5.123178,
1.434679,1.872948,1.581606,3.042793,3.540995,5.122296,
1.432572,1.871417,1.584456,3.042788,3.540964,5.121374,
1.430409,1.86993,1.587368,3.042796,3.541071,5.120658,
1.429258,1.868593,1.588835,3.042753,3.540979,5.120021,
1.427796,1.867251,1.591631,3.042726,3.540916,5.119463,
1.426435,1.866166,1.594343,3.042674,3.540841,5.118931,
1.425218,1.86508,1.596299,3.042788,3.540898,5.118748,
1.423904,1.864312,1.599288,3.042805,3.540974,5.118563,
1.422747,1.8634,1.602243,3.042608,3.5408,5.118146,
1.421563,1.862502,1.604385,3.042636,3.540808,5.117918,
1.420454,1.86158,1.607294,3.042736,3.54081,5.117805,
1.419344,1.86086,1.609785,3.042913,3.540951,5.117547,
1.418178,1.86,1.612296,3.042771,3.540947,5.117276,
1.417017,1.859143,1.61488,3.042849,3.540957,5.117029,
1.416223,1.858617,1.617057,3.042828,3.540808,5.116784,
1.415046,1.857826,1.619255,3.042831,3.540794,5.116287,
1.413823,1.857255,1.621255,3.042694,3.540813,5.115824,
1.41288,1.856637,1.623209,3.042493,3.540642,5.11528,
1.411755,1.856114,1.625109,3.042535,3.540734,5.114751,
1.410816,1.855588,1.626714,3.042596,3.540747,5.114228,
1.40953,1.854965,1.628457,3.042595,3.540892,5.113839,
1.408484,1.854386,1.630262,3.04259,3.540913,5.113437,
1.407602,1.853488,1.631803,3.04266,3.540919,5.113012,
1.406421,1.852838,1.633255,3.042703,3.540827,5.112588,
1.40528,1.852078,1.634539,3.042854,3.540811,5.112041,
1.404433,1.851275,1.635512,3.042943,3.540836,5.111562,
1.403457,1.850408,1.636212,3.042858,3.540749,5.11084,
1.402712,1.849737,1.63702,3.042875,3.540749,5.110169,
1.402137,1.848577,1.637244,3.042862,3.540722,5.109416,
1.401289,1.847642,1.637445,3.042947,3.54065,5.108638,
1.400646,1.846652,1.637422,3.042901,3.540647,5.107824,
1.400057,1.845667,1.636996,3.042915,3.540681,5.107058,
1.399105,1.844564,1.637028,3.042938,3.540715,5.106392,
1.39842,1.843658,1.636717,3.042965,3.540722,5.105629,
1.397962,1.842856,1.635962,3.042903,3.54077,5.104964,
1.397436,1.841787,1.635705,3.043003,3.540807,5.104199,
1.396826,1.84119,1.635288,3.042873,3.540807,5.10355,
1.396288,1.840133,1.634234,3.042844,3.540746,5.102945,
1.395322,1.839226,1.633446,3.042686,3.540594,5.102309,
1.394625,1.838745,1.632726,3.042317,3.540509,5.10187,
1.394001,1.837886,1.631843,3.042368,3.54065,5.101583,
1.39309,1.837111,1.63133,3.042625,3.540833,5.101513,
1.392529,1.836642,1.631078,3.042652,3.540859,5.1015,
1.392318,1.835929,1.630778,3.042562,3.540817,5.101622,
1.392302,1.835482,1.631094,3.042624,3.540782,5.101985,
1.392141,1.835135,1.571875,3.042673,3.540787,5.053312,
1.391768,1.834558,1.571674,3.042697,3.540741,5.05322,
1.391618,1.83394,1.571373,3.042692,3.540935,5.053181,
1.391528,1.833588,1.571247,3.04275,3.540973,5.053111,
1.391397,1.833151,1.571067,3.042749,3.540976,5.053182,
1.391527,1.832503,1.571046,3.042688,3.540953,5.053226,
1.391823,1.832057,1.571386,3.042822,3.540999,5.053457,
1.392007,1.831535,1.571732,3.042877,3.540957,5.053754,
1.392326,1.830728,1.572246,3.04282,3.540821,5.053803,
1.392719,1.830358,1.573106,3.042853,3.540846,5.053943,
1.393075,1.829402,1.573679,3.042568,3.540537,5.054057,
1.39313,1.828387,1.574198,3.042391,3.540312,5.053628,
1.393353,1.827366,1.574988,3.042674,3.540267,5.053772,
1.393376,1.826486,1.575771,3.042666,3.540578,5.053876,
1.393065,1.825019,1.576924,3.042714,3.540693,5.05392,
1.392829,1.823787,1.577706,3.042699,3.540648,5.053831,
1.392746,1.82225,1.578447,3.042552,3.540708,5.053765,
1.392376,1.820855,1.579206,3.042555,3.540694,5.05363,
1.391956,1.81912,1.57981,3.042593,3.540687,5.05347,
1.391557,1.817544,1.580536,3.042626,3.540689,5.053423,
1.391242,1.815685,1.581566,3.042746,3.540834,5.053485,
1.390859,1.813847,1.582384,3.042856,3.540869,5.053372,
1.390492,1.811827,1.583306,3.042853,3.540738,5.053211,
1.390326,1.80973,1.584181,3.042913,3.540879,5.053181,
1.390106,1.80746,1.584965,3.043038,3.540926,5.053035,
1.390103,1.805205,1.58617,3.04312,3.540883,5.052131,
1.390393,1.802788,1.58726,3.043056,3.540798,5.049799,
1.390819,1.800241,1.589031,3.043044,3.54084,5.050364,
1.391239,1.797596,1.589601,3.042964,3.54079,5.049957,
1.391844,1.7948,1.590832,3.042862,3.54075,5.049097,
1.392489,1.791976,1.592537,3.042803,3.540757,5.049615,
1.393565,1.789066,1.593578,3.042754,3.540743,5.049445,
1.394335,1.785958,1.594835,3.042703,3.54065,5.048949,
1.395239,1.782953,1.595866,3.042488,3.540618,5.049299,
1.396056,1.779983,1.596831,3.042679,3.540701,5.049252,
1.396974,1.77696,1.59775,3.04271,3.540881,5.049125,
1.397821,1.773639,1.599017,3.042923,3.540937,5.049914,
1.398581,1.770525,1.599929,3.042924,3.540923,5.049953,
1.399032,1.767513,1.60067,3.043059,3.540938,5.049816,
1.399468,1.764383,1.601436,3.043089,3.540972,5.050209,
1.399795,1.761348,1.602023,3.042966,3.540889,5.050148,
1.399793,1.758348,1.602375,3.042904,3.54075,5.049824,
1.39958,1.755452,1.602771,3.04283,3.540733,5.050144,
1.399203,1.752798,1.603032,3.042717,3.540732,5.050061,
1.39933,1.750116,1.60377,3.042544,3.540691,5.050204,
1.399667,1.747758,1.604376,3.042511,3.540677,5.050087,
1.400406,1.74544,1.605293,3.042552,3.540591,5.050075,
1.402305,1.742881,1.606836,3.042574,3.540693,5.05031,
1.403889,1.740349,1.607948,3.042542,3.540717,5.050291,
1.40511,1.737688,1.609062,3.042675,3.540777,5.050435,
1.406012,1.735127,1.610412,3.042689,3.540916,5.050552,
1.407016,1.733246,1.611726,3.042713,3.541013,5.050598,
1.407858,1.731222,1.613062,3.042738,3.541054,5.050668,
1.408933,1.728828,1.614578,3.042747,3.540985,5.050713,
1.40988,1.726683,1.615852,3.042821,3.540962,5.050808,
1.410685,1.72449,1.617131,3.042874,3.540975,5.050875,
1.411625,1.722044,1.618665,3.042922,3.540829,5.05091,
1.412615,1.719865,1.619951,3.04286,3.540824,5.050896,
1.41374,1.717622,1.621365,3.042906,3.540826,5.050911,
1.415043,1.715353,1.62288,3.042807,3.540802,5.050855,
1.41636,1.713046,1.624533,3.042853,3.540806,5.05097,
1.417872,1.710784,1.626134,3.042944,3.540851,5.051082,
1.419244,1.708332,1.627961,3.042964,3.54082,5.05111,
1.420327,1.706278,1.629458,3.042469,3.540725,5.05095,
1.421711,1.704043,1.630888,3.042245,3.540606,5.050765,
1.422923,1.701744,1.632587,3.042262,3.540548,5.050919,
1.424319,1.699674,1.634244,3.042198,3.540543,5.050986,
1.425905,1.697411,1.635641,3.042215,3.540548,5.051093,
1.427408,1.695167,1.63703,3.0422,3.540525,5.05121,
1.42887,1.692967,1.638411,3.042283,3.540515,5.051463,
1.430277,1.690857,1.639637,3.042131,3.540509,5.051482,
1.431779,1.688785,1.640755,3.042255,3.54078,5.052011,
1.433259,1.686537,1.641835,3.042153,3.540891,5.052206,
1.434513,1.684445,1.643004,3.042254,3.540938,5.052537,
1.435801,1.682316,1.644022,3.042109,3.540869,5.052538,
1.436827,1.680216,1.645091,3.042059,3.540901,5.052794,
1.43787,1.678151,1.646141,3.041972,3.540877,5.052898,
1.438869,1.67602,1.647312,3.04196,3.540792,5.052997,
1.439797,1.674171,1.64837,3.041904,3.54078,5.053115,
1.440781,1.67238,1.649455,3.04196,3.540784,5.05326,
1.441956,1.670609,1.650522,3.041959,3.540817,5.053402,
1.4433,1.668559,1.651571,3.041881,3.540804,5.053504,
1.444581,1.666763,1.652708,3.042006,3.540869,5.053686,
1.4459,1.664741,1.653847,3.041955,3.54085,5.053683,
1.447205,1.662821,1.65483,3.041931,3.540899,5.053656,
1.44844,1.660928,1.655882,3.041912,3.540879,5.053624,
1.449472,1.658969,1.656965,3.041846,3.540839,5.053458,
1.450275,1.65713,1.658012,3.041828,3.540877,5.053414,
1.451077,1.655328,1.659246,3.041721,3.540823,5.053266,
1.451958,1.653441,1.660585,3.041853,3.540899,5.053329,
1.453007,1.651705,1.661922,3.04169,3.540869,5.053292,
1.453965,1.649975,1.663244,3.041797,3.540918,5.053406,
1.454823,1.648149,1.664421,3.041715,3.540802,5.053301,
1.455558,1.646409,1.665675,3.041632,3.540758,5.053303,
1.45625,1.644662,1.667047,3.041602,3.540678,5.053222,
1.456866,1.642986,1.668511,3.041621,3.540769,5.053365,
1.457464,1.641295,1.670062,3.041443,3.540745,5.053423,
1.45792,1.639631,1.671727,3.041478,3.540743,5.05348,
1.458226,1.63797,1.673585,3.041328,3.540762,5.053519,
1.458295,1.636418,1.675443,3.041257,3.540806,5.053603,
1.458551,1.634722,1.677323,3.041304,3.54078,5.053655,
1.458531,1.633015,1.679151,3.041143,3.540644,5.053451,
1.458439,1.631466,1.681231,3.041061,3.540696,5.053507,
1.458245,1.629893,1.683368,3.04128,3.540616,5.053552,
1.458034,1.628105,1.685398,3.0415,3.540861,5.053568,
1.457682,1.626442,1.687661,3.041325,3.540817,5.053562,
1.457373,1.624531,1.690073,3.041403,3.540794,5.053589,
1.456737,1.622611,1.69255,3.041307,3.541065,5.053724,
1.455835,1.620885,1.69507,3.04135,3.541109,5.053743,
1.455093,1.61943,1.697928,3.041572,3.541147,5.053724,
1.454814,1.617749,1.700804,3.041526,3.541009,5.053689,
1.454909,1.616204,1.703755,3.041243,3.541006,5.053651,
1.45497,1.614478,1.706925,3.041346,3.540985,5.053609,
1.454916,1.612741,1.710244,3.041246,3.540838,5.053584,
1.454723,1.610927,1.713434,3.040975,3.540761,5.053563,
1.454601,1.608825,1.716752,3.041191,3.54076,5.053537,
1.454317,1.606835,1.719923,3.041162,3.540815,5.05347,
1.453884,1.604789,1.723104,3.041044,3.540819,5.053379,
1.453524,1.602765,1.726355,3.041185,3.540819,5.053536,
1.453304,1.600712,1.729474,3.04101,3.54074,5.053145,
1.452747,1.598321,1.732548,3.040965,3.540555,5.052989,
1.452516,1.595969,1.735598,3.041107,3.540532,5.052835,
1.452261,1.593352,1.738651,3.041034,3.540409,5.052828,
1.452067,1.591155,1.741909,3.040756,3.540569,5.052925,
1.451805,1.588673,1.745079,3.04087,3.540509,5.0529,
1.451635,1.585939,1.748065,3.04095,3.540671,5.053039,
1.451185,1.583395,1.751251,3.040871,3.540771,5.053176,
1.45091,1.580771,1.754319,3.041163,3.540797,5.05318,
1.450722,1.578128,1.757222,3.041206,3.540765,5.05317,
1.450627,1.575454,1.760144,3.040953,3.540737,5.053237,
1.450553,1.572785,1.763007,3.041218,3.54072,5.053252,
1.450484,1.569759,1.765765,3.041351,3.540757,5.05336,
1.450397,1.567007,1.768469,3.041131,3.540743,5.053372,
1.450427,1.564277,1.771225,3.041383,3.540693,5.053309,
1.45058,1.561538,1.774009,3.041604,3.540807,5.053521,
1.451037,1.55884,1.776586,3.041356,3.540775,5.053483,
1.451782,1.556268,1.7792,3.041651,3.540768,5.053554,
1.452661,1.553703,1.781914,3.041596,3.540748,5.053573,
1.453526,1.55104,1.784149,3.041366,3.540524,5.05337,
1.454727,1.548493,1.786666,3.041543,3.540456,5.053326,
1.455947,1.545705,1.789026,3.041418,3.540496,5.053526,
1.457065,1.543452,1.791592,3.041418,3.540787,5.053745,
1.458462,1.540966,1.793692,3.041796,3.540787,5.053773,
1.459767,1.538396,1.795798,3.041754,3.540779,5.053722,
1.461047,1.535822,1.797886,3.041489,3.540832,5.05373,
1.462764,1.533167,1.799666,3.041649,3.540562,5.053527,
1.464337,1.530383,1.801145,3.041551,3.54069,5.053383,
1.465695,1.52759,1.802613,3.04144,3.540676,5.053325,
1.467767,1.524595,1.80407,3.041735,3.540712,5.053165,
1.469668,1.521594,1.80531,3.041819,3.540756,5.053091,
1.471509,1.518402,1.806176,3.041477,3.540799,5.052754,
1.474016,1.515194,1.806864,3.041897,3.5408,5.05263,
1.47637,1.511895,1.807395,3.041862,3.540684,5.052411,
1.478518,1.508614,1.807932,3.041555,3.540665,5.052194,
1.481047,1.505321,1.8082,3.041953,3.540752,5.052034,
1.48345,1.501704,1.808194,3.041915,3.540768,5.051793,
1.485751,1.498282,1.808258,3.041699,3.540746,5.051658,
1.488541,1.494607,1.808255,3.042003,3.540752,5.05146,
1.490867,1.491185,1.807714,3.041805,3.540666,5.051107,
1.493301,1.487808,1.807332,3.041802,3.540719,5.051015,
1.495911,1.484281,1.806894,3.042295,3.54078,5.051052,
1.498289,1.48077,1.806332,3.042229,3.540819,5.051082,
1.500719,1.477251,1.80548,3.041963,3.540818,5.050905,
1.503372,1.473708,1.804379,3.042308,3.540808,5.050743,
1.505617,1.469954,1.803258,3.042039,3.540819,5.05069,
1.5081,1.466356,1.802005,3.042042,3.540807,5.050623,
1.510913,1.462498,1.800635,3.042265,3.540806,5.050471,
1.513568,1.458715,1.799068,3.042334,3.540819,5.050359,
1.516181,1.454727,1.797472,3.042086,3.540792,5.050234,
1.518893,1.450867,1.795591,3.042647,3.541048,5.050446,
1.521676,1.446915,1.793697,3.042331,3.54108,5.050281,
1.524541,1.442826,1.791851,3.042369,3.541068,5.050198,
1.527636,1.43878,1.78984,3.042536,3.540832,5.049798,
1.530488,1.434626,1.78775,3.042277,3.540848,5.049638,
1.533413,1.430629,1.78569,3.042299,3.540881,5.049467,
1.536421,1.4268,1.783501,3.042609,3.54094,5.049301,
1.539201,1.423037,1.781415,3.042312,3.540967,5.048959,
1.542207,1.419171,1.779194,3.042323,3.540865,5.048798,
1.54522,1.415498,1.777103,3.042551,3.540901,5.048628,
1.548316,1.411901,1.774611,3.04261,3.540909,5.048329,
1.551158,1.408273,1.772373,3.042429,3.540917,5.048261,
1.554263,1.404602,1.769786,3.042616,3.54085,5.047925,
1.556956,1.401363,1.766927,3.042399,3.540819,5.047535,
1.560714,1.398493,1.7646,3.042442,3.540836,5.047534,
1.565126,1.395747,1.762024,3.042813,3.540848,5.047535,
1.570158,1.393087,1.759525,3.042397,3.540848,5.047311,
1.574804,1.390032,1.756992,3.042412,3.54062,5.047282,
1.579838,1.387259,1.754431,3.042538,3.540526,5.047232,
1.584927,1.384418,1.752054,3.042115,3.540493,5.047356,
1.590039,1.381784,1.749573,3.042127,3.540738,5.047397,
1.595287,1.37887,1.747104,3.042448,3.540699,5.04749,
1.600071,1.375945,1.744806,3.042177,3.540686,5.047562,
1.605014,1.37267,1.742469,3.042152,3.540699,5.047625,
1.610263,1.369169,1.74029,3.042525,3.540767,5.04779,
1.615689,1.365854,1.737973,3.042061,3.540744,5.047689,
1.620736,1.362489,1.735937,3.042044,3.540767,5.047725,
1.626241,1.359116,1.733783,3.042402,3.540917,5.047771,
1.631806,1.355738,1.731729,3.041975,3.540943,5.047697,
1.637296,1.352068,1.729882,3.042256,3.540905,5.047688,
1.64261,1.348319,1.728148,3.042258,3.541021,5.047768,
1.647474,1.344755,1.726348,3.042116,3.541039,5.047625,
1.652574,1.341002,1.724803,3.042342,3.540984,5.047603,
1.657518,1.337432,1.723365,3.042272,3.540834,5.047347,
1.662514,1.333737,1.721852,3.042019,3.540834,5.047316,
1.667603,1.330152,1.72048,3.042032,3.540866,5.047276,
1.672652,1.326431,1.719165,3.042248,3.540768,5.04714,
1.677597,1.322705,1.717918,3.042113,3.540776,5.047292,
1.682762,1.319064,1.716763,3.042514,3.540766,5.047361,
1.687726,1.315346,1.715744,3.042443,3.540817,5.047446,
1.692512,1.311633,1.714484,3.042186,3.540832,5.047422,
1.697651,1.307901,1.713245,3.042373,3.540756,5.047385,
1.702708,1.304093,1.711914,3.042341,3.540707,5.047369,
1.707528,1.300061,1.710601,3.0421,3.540702,5.04739,
1.712655,1.295992,1.709201,3.042393,3.540687,5.047407,
1.717523,1.291656,1.707786,3.042558,3.540709,5.047492,
1.722455,1.287065,1.706215,3.042135,3.540681,5.047397,
1.727342,1.282534,1.704667,3.042432,3.540737,5.047389,
1.732345,1.27758,1.703093,3.042446,3.540762,5.047392,
1.737263,1.272602,1.701338,3.042119,3.540772,5.047287,
1.742328,1.267476,1.699694,3.042394,3.540751,5.047269,
1.747383,1.262086,1.697953,3.042572,3.540864,5.047377,
1.75256,1.256393,1.696153,3.042285,3.540877,5.047343,
1.757774,1.250513,1.694375,3.042632,3.540893,5.04732,
1.763363,1.244187,1.692733,3.042526,3.540931,5.047236,
1.769018,1.237693,1.690989,3.042238,3.540956,5.047317,
1.774905,1.231002,1.689068,3.042533,3.540938,5.047251,
1.780905,1.224112,1.687045,3.042577,3.540963,5.047321,
1.787226,1.216682,1.685161,3.042182,3.540971,5.047284,
1.794067,1.209047,1.683536,3.042633,3.541025,5.04735,
,,,,

1.801057,1.201316,1.681524,3.042389,3.540907,5.047067,
1.81575,1.183806,1.678038,3.042638,3.540943,5.047148,
1.823164,1.174706,1.676043,3.042371,3.540886,5.047153,
1.83857,1.155558,1.672113,3.041215,3.540885,5.047186,
1.84647,1.145801,1.670184,3.041201,3.540853,5.047228,
1.854675,1.1355,1.668297,3.041732,3.540852,5.047225,
1.862954,1.122271,1.666397,3.041822,3.540681,5.047376,
1.878852,1.100818,1.662474,3.042401,3.541477,5.047153,
1.886639,1.089307,1.660727,3.042615,3.541685,5.047298,
1.902399,1.068194,1.657406,3.042714,3.539653,5.047097,
1.927478,1.040069,1.65296,3.04333,3.541946,5.046827,
1.94807,1.014428,1.648471,3.042982,3.540944,5.046799,
1.95871,1.000668,1.646242,3.042957,3.541226,5.046899,
1.967433,0.9898688,1.64443,3.042958,3.540844,5.047053,
1.974213,0.9848159,1.642284,3.043172,3.541031,5.047523,
1.97208,0.9880073,1.642598,3.043215,3.540833,5.047683,
1.974619,0.9866962,1.642142,3.043266,3.540712,5.047825,
1.977389,0.9854556,1.642154,3.043182,3.540687,5.048168,
1.982585,0.9862993,1.641918,3.043031,3.540596,5.048304,
1.985037,0.9869921,1.641475,3.043188,3.54092,5.048619,
1.992903,0.9895316,1.639953,3.043153,3.541258,5.049662,
1.994129,0.991263,1.639154,3.043144,3.541343,5.04981,
1.993694,0.9930923,1.637351,3.043001,3.541219,5.04932,
1.991311,0.9949664,1.63544,3.043075,3.541186,5.048634,
1.990007,0.9949488,1.635284,3.042846,3.541112,5.048479,
1.98873,0.9957935,1.634669,3.042858,3.541039,5.048232,
1.98737,0.9967025,1.633976,3.04269,3.540758,5.047663,
1.985445,0.999478,1.63243,3.04269,3.540657,5.047529,
1.985236,1.001226,1.631627,3.042795,3.54072,5.047484,
1.985322,1.002986,1.630081,3.042795,3.540633,5.04731,
1.986147,1.010069,1.626361,3.04307,3.540709,5.047301,
1.986166,1.0146,1.624925,3.043169,3.540952,5.047637,
1.985491,1.019701,1.622647,3.043007,3.541151,5.047775,
1.984195,1.024732,1.620533,3.043179,3.541442,5.047923,
1.984029,1.02514,1.620651,3.043173,3.541456,5.047933,
1.982991,1.027948,1.619634,3.042977,3.541303,5.047594,
1.981838,1.031222,1.618478,3.042906,3.541266,5.047536,
1.979781,1.038003,1.615894,3.043005,3.541349,5.047445,
1.978715,1.041244,1.614625,3.043032,3.541339,5.047369,
1.977206,1.044865,1.61342,3.043034,3.541303,5.047298,
1.974569,1.05161,1.611019,3.042847,3.541115,5.047009,
1.968712,1.063103,1.608741,3.042676,3.540838,5.046726,
1.964359,1.070869,1.607456,3.042294,3.540523,5.046415,
1.95957,1.078693,1.606949,3.042678,3.540695,5.046804,
1.953746,1.086237,1.606972,3.042905,3.541058,5.047161,
1.953135,1.086304,1.607599,3.042992,3.54116,5.04725,
1.947519,1.093826,1.608214,3.042985,3.541264,5.047604,
1.944484,1.09779,1.608707,3.04303,3.541372,5.047725,
1.941018,1.101932,1.609328,3.042884,3.541366,5.047827,
1.927682,1.118044,1.612058,3.042816,3.541284,5.048059,
1.919463,1.126154,1.613876,3.042834,3.541286,5.048357,
1.910332,1.13447,1.616362,3.042896,3.541375,5.048771,
1.901635,1.14255,1.619175,3.04272,3.541216,5.048829,
1.901199,1.142353,1.619342,3.042825,3.541367,5.048995,
1.897067,1.146202,1.620931,3.04277,3.541342,5.049129,
1.892354,1.150148,1.622458,3.042898,3.541261,5.049488,
1.883313,1.158034,1.625414,3.042917,3.54126,5.04969,
1.878182,1.161593,1.627274,3.043029,3.541305,5.050055,
1.873249,1.165335,1.628535,3.042849,3.540968,5.049799,
1.863005,1.171718,1.631858,3.042826,3.540951,5.049968,
1.85744,1.174979,1.633488,3.042888,3.540932,5.050163,
1.847161,1.18144,1.636937,3.042813,3.540858,5.050702,
1.835946,1.187727,1.639794,3.042713,3.540824,5.051206,
1.826306,1.194229,1.641844,3.042866,3.541009,5.052007,
1.817486,1.200425,1.642608,3.042684,3.540787,5.052556,
1.818164,1.200556,1.641575,3.042654,3.540755,5.052598,
1.814477,1.203788,1.641694,3.04268,3.540896,5.053306,
1.81119,1.207248,1.641859,3.042635,3.541067,5.054033,
1.806044,1.21388,1.640867,3.042499,3.541079,5.054368,
1.803432,1.217087,1.640549,3.04254,3.541096,5.054708,
1.801395,1.220184,1.640264,3.042176,3.541165,5.055375,
1.796538,1.22687,1.638528,3.041472,3.541077,5.055547,
1.79461,1.230136,1.637537,3.04126,3.540918,5.055721,
1.790233,1.23658,1.63616,3.040676,3.540939,5.056545,
1.78627,1.244508,1.633319,3.040414,3.54102,5.057273,
1.783534,1.249231,1.631137,3.040405,3.541299,5.058055,
1.780942,1.25351,1.628729,3.040175,3.541303,5.058617,
1.779034,1.257368,1.626586,3.039783,3.541261,5.059429,
1.77937,1.256894,1.626526,3.039769,3.541202,5.059471,
1.778537,1.258649,1.625336,3.03967,3.541132,5.059783,
1.777618,1.260003,1.624246,3.039451,3.540977,5.060174,
1.77669,1.261557,1.623038,3.039285,3.540962,5.060603,
1.776025,1.262934,1.621918,3.039198,3.540951,5.060956,
1.775662,1.264091,1.620516,3.039026,3.540942,5.061472,
1.775265,1.265432,1.618998,3.038929,3.540916,5.061934,
1.775442,1.266416,1.61749,3.038745,3.540827,5.062235,
1.775851,1.267407,1.615778,3.038718,3.540907,5.062728,
1.776534,1.268152,1.613853,3.038573,3.540822,5.063044,
1.777097,1.269014,1.611888,3.038605,3.540925,5.063487,
1.777921,1.269506,1.60972,3.03849,3.540958,5.06386,
1.778694,1.27017,1.607505,3.038393,3.541046,5.064231,
1.779674,1.27059,1.605293,3.038259,3.541134,5.064536,
1.780685,1.271047,1.602805,3.03802,3.54116,5.064796,
1.781631,1.271682,1.600085,3.037904,3.54116,5.065111,
1.782927,1.271878,1.597913,3.038005,3.541236,5.065666,
1.784361,1.272696,1.594762,3.037946,3.54123,5.065786,
1.785735,1.273001,1.591665,3.037833,3.541162,5.066098,
1.787683,1.273249,1.588743,3.037641,3.540964,5.066474,
1.789403,1.273479,1.585462,3.037622,3.540959,5.066911,
1.791186,1.273849,1.58199,3.037514,3.540935,5.067311,
1.793224,1.274054,1.578595,3.037546,3.541161,5.06803,
1.795311,1.274359,1.574844,3.037516,3.541157,5.068448,
1.797492,1.274746,1.571055,3.037438,3.54116,5.068967,
1.800063,1.275121,1.567178,3.03734,3.541142,5.069395,
1.802522,1.275487,1.56344,3.037106,3.541145,5.069857,
1.804984,1.275869,1.559543,3.03697,3.540987,5.070351,
1.80795,1.276327,1.555366,3.037019,3.540969,5.07071,
1.810836,1.276761,1.551337,3.036861,3.540957,5.071244,
1.813556,1.277439,1.547234,3.036955,3.540969,5.071782,
1.817092,1.277769,1.543222,3.036952,3.541032,5.072229,
1.820491,1.278235,1.539171,3.036817,3.541043,5.072762,
1.824501,1.27878,1.534987,3.037138,3.541143,5.073236,
1.828479,1.279222,1.530878,3.036709,3.540969,5.073254,
1.83267,1.279934,1.526671,3.03658,3.540928,5.073546,
1.837595,1.280841,1.522131,3.036446,3.540872,5.073797,
1.842026,1.281452,1.51794,3.036845,3.541089,5.074394,
1.846615,1.282271,1.513726,3.036691,3.541111,5.074696,
1.850642,1.283824,1.509739,3.037025,3.541075,5.075043,
1.857167,1.284869,1.506194,3.036769,3.541149,5.075257,
1.862686,1.286837,1.502382,3.03694,3.54116,5.075376,
1.868128,1.288842,1.498538,3.03692,3.541093,5.075541,
1.873384,1.290409,1.495076,3.037105,3.541114,5.07593,
1.87876,1.292082,1.491539,3.036693,3.541113,5.075967,
1.883682,1.293728,1.488134,3.036619,3.541128,5.076112,
1.888443,1.295238,1.485027,3.03679,3.540921,5.076057,
1.893049,1.296626,1.481789,3.036563,3.540894,5.076142,
1.897429,1.297994,1.478602,3.036942,3.540944,5.076322,
1.901443,1.299116,1.475669,3.036973,3.54105,5.076657,
1.905153,1.300224,1.472772,3.036866,3.541048,5.077025,
1.908831,1.301064,1.469895,3.03679,3.540996,5.077271,
1.91236,1.302001,1.467099,3.037266,3.540982,5.077473,
1.915628,1.302942,1.464407,3.037122,3.540945,5.077752,
1.918852,1.303863,1.461655,3.037468,3.54096,5.078026,
1.921526,1.304433,1.459319,3.037324,3.540875,5.078193,
1.923926,1.305083,1.456769,3.037393,3.540873,5.07858,
1.926203,1.305749,1.454272,3.037776,3.540862,5.078832,
1.928314,1.306346,1.452194,3.037871,3.540953,5.079263,
1.930523,1.306848,1.450154,3.037885,3.540958,5.0797,
1.932753,1.307403,1.447998,3.038242,3.540976,5.079918,
1.934593,1.307667,1.445996,3.038186,3.541064,5.080246,
1.9364,1.307818,1.444091,3.03823,3.541091,5.080455,
1.938301,1.307908,1.44243,3.038623,3.541093,5.080664,
1.940085,1.307907,1.440886,3.038543,3.541064,5.080756,
1.941928,1.307967,1.439446,3.03842,3.54106,5.080775,
1.944116,1.307902,1.438227,3.038362,3.541005,5.080898,
1.946329,1.307817,1.43714,3.038779,3.540906,5.080829,
1.94901,1.307518,1.436115,3.038625,3.540908,5.080943,
1.951728,1.307273,1.435053,3.039013,3.540897,5.081043,
1.954381,1.307138,1.434039,3.03905,3.54099,5.081206,
1.957355,1.306983,1.433242,3.038701,3.541031,5.081413,
1.960339,1.306943,1.432294,3.038709,3.541044,5.081605,
1.963021,1.306849,1.431314,3.039121,3.541279,5.081887,
1.965416,1.306983,1.430389,3.039022,3.54124,5.081935,
1.96822,1.306978,1.429515,3.039462,3.541271,5.082103,
1.970531,1.307214,1.428726,3.039532,3.541164,5.082264,
1.973548,1.307351,1.427771,3.039279,3.541162,5.082347,
1.97638,1.307402,1.426934,3.039675,3.541147,5.082591,
1.978854,1.307581,1.426021,3.039711,3.541145,5.082897,
1.981716,1.307843,1.425042,3.039526,3.541099,5.083097,
1.984957,1.307864,1.424073,3.040008,3.54117,5.083301,
1.987698,1.30812,1.422908,3.039895,3.541023,5.083272,
1.991093,1.308276,1.421526,3.039742,3.541014,5.083389,
1.994551,1.30822,1.420278,3.040127,3.541004,5.083543,
1.997448,1.308299,1.418661,3.040321,3.541043,5.083714,
2.000845,1.308481,1.416878,3.040148,3.541008,5.083793,
2.004293,1.308566,1.414742,3.040219,3.540994,5.083825,
2.007086,1.308707,1.412423,3.040458,3.541007,5.0838,
2.010456,1.308626,1.410018,3.040337,3.540994,5.083925,
2.013777,1.308322,1.407488,3.040853,3.541068,5.084014,
2.016304,1.307881,1.404609,3.040706,3.541165,5.084058,
2.019171,1.308006,1.401076,3.040756,3.54107,5.083715,
2.022102,1.307825,1.397362,3.04118,3.54114,5.083683,
2.024313,1.307625,1.393706,3.041204,3.541127,5.083532,
2.026891,1.307422,1.389644,3.040949,3.541152,5.083341,
2.029677,1.307367,1.385093,3.041186,3.540951,5.083154,
2.031892,1.307123,1.380588,3.041438,3.541259,5.083437,
2.03478,1.306856,1.375562,3.041183,3.541314,5.083303,
2.037767,1.306899,1.370371,3.04162,3.541337,5.083365,
2.039854,1.307006,1.364999,3.0416,3.541101,5.082947,
2.037866,1.30742,1.358778,3.041274,3.541106,5.082924,
2.045411,1.307152,1.353613,3.041433,3.541118,5.0832,
2.047588,1.306839,1.347756,3.041514,3.541071,5.083273,
2.049474,1.306299,1.341335,3.041184,3.541007,5.083456,
2.050755,1.305564,1.334622,3.041474,3.540946,5.083501,
2.051859,1.304795,1.327645,3.041221,3.541045,5.08384,
2.053098,1.303483,1.320772,3.041308,3.541065,5.084218,
2.053281,1.302549,1.313617,3.041685,3.541043,5.084463,
2.053497,1.301454,1.306712,3.042474,3.541044,5.084613,
2.053895,1.300402,1.299621,3.042525,3.541016,5.084607,
2.053586,1.29897,1.29266,3.04252,3.540903,5.084667,
2.05283,1.297514,1.285242,3.042483,3.540915,5.084763,
2.052253,1.295678,1.278374,3.04335,3.540965,5.085168,
2.05066,1.29408,1.270985,3.043301,3.540871,5.085281,
2.048589,1.292186,1.263951,3.043669,3.541163,5.085714,
2.046843,1.290463,1.257222,3.043468,3.541243,5.085933,
2.044791,1.28917,1.250609,3.043642,3.541247,5.086215,
2.043367,1.287704,1.244346,3.043365,3.541132,5.086328,
2.041445,1.286252,1.238094,3.043253,3.541187,5.086521,
2.039732,1.284598,1.232356,3.043387,3.541197,5.08688,
2.038072,1.283038,1.226517,3.043435,3.541265,5.087205,
2.036341,1.281435,1.220682,3.043218,3.541235,5.087274,
2.034651,1.279902,1.214729,3.043104,3.541168,5.087342,
2.033246,1.278373,1.209249,3.043102,3.541049,5.087421,
2.03195,1.276857,1.203998,3.043046,3.541073,5.08771,
2.030851,1.275624,1.198686,3.043052,3.541056,5.088006,
2.029699,1.274322,1.193648,3.043055,3.540971,5.088304,
2.028741,1.272611,1.188884,3.043104,3.541001,5.08845,
2.027297,1.271268,1.183971,3.043061,3.540953,5.088637,
2.025646,1.269891,1.179536,3.043073,3.541046,5.089022,
2.024825,1.268327,1.175425,3.043045,3.541068,5.089258,
2.023497,1.267204,1.171266,3.043103,3.541012,5.089746,
2.021864,1.264609,1.163838,3.04299,3.540921,5.089981,
2.020646,1.263228,1.160666,3.04296,3.540906,5.090289,
2.019215,1.261261,1.15428,3.043123,3.540936,5.091224,
2.017276,1.259032,1.149428,3.043043,3.54093,5.091472,
2.015891,1.258096,1.144335,3.04317,3.541092,5.091763,
2.014572,1.257353,1.139614,3.042907,3.540946,5.091591,
2.014173,1.256178,1.136628,3.042996,3.54097,5.091832,
2.0141,1.256207,1.136122,3.043029,3.541062,5.091976,
2.014856,1.255715,1.133595,3.043,3.541042,5.092158,
2.015641,1.255497,1.132457,3.042838,3.541054,5.092419,
2.016413,1.255246,1.130932,3.04293,3.541074,5.09322,
2.01801,1.256025,1.128667,3.042931,3.541255,5.094091,
2.018337,1.257115,1.127826,3.043027,3.541487,5.095428,
2.018427,1.25789,1.127428,3.042813,3.541431,5.096539,
2.01889,1.259138,1.126377,3.043118,3.54134,5.097667,
2.019288,1.259199,1.12594,3.043059,3.541316,5.097694,
2.019229,1.259842,1.1252,3.043034,3.541085,5.098039,
2.019492,1.260525,1.123966,3.042905,3.540978,5.098958,
2.020447,1.26197,1.122291,3.042831,3.540856,5.099313,
2.020814,1.263217,1.120543,3.042834,3.540824,5.099813,
2.021981,1.26462,1.117766,3.04284,3.540878,5.100858,
2.025981,1.269964,1.109409,3.042845,3.540854,5.102323,
2.028475,1.273218,1.103771,3.042601,3.540667,5.103179,
2.032513,1.27728,1.096898,3.042685,3.540582,5.10428,
2.037072,1.281583,1.08978,3.042721,3.540679,5.10543,
2.037615,1.281703,1.089217,3.042749,3.540778,5.105301,
2.039659,1.283944,1.085559,3.042618,3.540761,5.105744,
2.041612,1.285931,1.081533,3.042658,3.540918,5.10703,
2.045975,1.290142,1.076181,3.042814,3.541001,5.107648,
2.048099,1.292229,1.073419,3.042678,3.540928,5.108088,
2.050067,1.294024,1.069998,3.042854,3.540947,5.108951,
2.058377,1.303392,1.061753,3.04267,3.541062,5.110635,
2.062608,1.30898,1.05801,3.042763,3.5411,5.111776,
2.066006,1.315798,1.054459,3.042928,3.541193,5.1129,
2.069357,1.323286,1.051837,3.043097,3.541178,5.114126,
2.068976,1.323807,1.051745,3.042993,3.541054,5.11403,
2.070583,1.32816,1.050643,3.043109,3.541103,5.114945,
2.072021,1.33269,1.048903,3.04306,3.540938,5.116124,
2.075163,1.342298,1.048779,3.042994,3.540994,5.116934,
2.077973,1.35296,1.049138,3.043068,3.541011,5.118723,
2.079792,1.36428,1.051634,3.043107,3.541127,5.120796,
2.082039,1.376027,1.054979,3.043027,3.541128,5.122736,
2.081907,1.393895,1.065722,3.043099,3.541176,5.126089,
2.081763,1.405221,1.075686,3.042898,3.541101,5.127973,
2.081643,1.410492,1.081492,3.042974,3.541092,5.12912,
2.080216,1.424664,1.100742,3.042993,3.54105,5.132032,
2.078331,1.423109,1.101815,3.04292,3.541019,5.132025,
2.077542,1.427224,1.107845,3.04269,3.541,5.133603,
2.074245,1.433537,1.122882,3.042665,3.54095,5.13534,
2.069636,1.438968,1.138246,3.042707,3.540911,5.137017,
2.063293,1.44288,1.154584,3.042825,3.540923,5.137831,
2.05396,1.448817,1.179261,3.043118,3.541083,5.140807,
2.040924,1.451535,1.204078,3.043081,3.541072,5.143615,
2.030181,1.452085,1.220443,3.043217,3.541078,5.145639,
2.019135,1.452485,1.2372,3.042895,3.541009,5.148052,
2.008044,1.452362,1.253282,3.042847,3.540962,5.150807,
2.007374,1.451392,1.253235,3.043075,3.540963,5.15082,
2.001687,1.451134,1.261182,3.043015,3.540929,5.152147,
1.996882,1.451271,1.269149,3.043233,3.54108,5.154771,
1.988056,1.451219,1.283481,3.043211,3.541074,5.156215,
1.982705,1.451248,1.29041,3.043157,3.540955,5.157309,
1.978108,1.451319,1.297607,3.043031,3.540998,5.159544,
1.958729,1.450738,1.322952,3.043012,3.541119,5.162791,
1.949349,1.450652,1.335008,3.042872,3.541137,5.165145,
1.940083,1.450895,1.346572,3.042595,3.541102,5.166769,
1.930138,1.450926,1.357675,3.042802,3.541167,5.168251,
1.929706,1.450578,1.357306,3.042794,3.540931,5.168041,
1.924717,1.450601,1.362664,3.042708,3.541028,5.168945,
1.919561,1.450728,1.368481,3.042714,3.541254,5.170325,
1.91006,1.451164,1.378464,3.042815,3.54107,5.171062,
1.901122,1.451502,1.388631,3.04288,3.541171,5.172595,
1.896627,1.451683,1.393544,3.04276,3.541003,5.173098,
1.892254,1.451847,1.399393,3.042607,3.540917,5.175033,
1.875672,1.453411,1.416049,3.042473,3.54094,5.176311,
1.86844,1.45426,1.423757,3.042421,3.540811,5.177497,
1.860959,1.45553,1.430686,3.042569,3.540797,5.178528,
1.85335,1.456734,1.437285,3.042637,3.540859,5.180088,
1.853492,1.456812,1.436812,3.042721,3.540895,5.18016,
1.849933,1.457718,1.440037,3.04266,3.540982,5.180996,
1.84652,1.458799,1.443972,3.042636,3.54098,5.182693,
1.839615,1.461121,1.449298,3.04257,3.540974,5.183389,
1.835854,1.462331,1.452475,3.042421,3.540961,5.184196,
1.828414,1.464753,1.458989,3.042605,3.541055,5.18618,
1.816715,1.469463,1.466476,3.042503,3.540922,5.186813,
1.809083,1.473109,1.471094,3.042487,3.540949,5.187318,
1.801559,1.477376,1.475011,3.042533,3.540924,5.18769,
1.789713,1.483225,1.480492,3.04235,3.540919,5.188178,
1.789381,1.483341,1.479898,3.04231,3.540982,5.187936,
1.785521,1.485386,1.481676,3.042532,3.541,5.188286,
1.781435,1.487594,1.483271,3.042493,3.541185,5.18893,
1.773227,1.492098,1.485547,3.042675,3.541214,5.189341,
1.765066,1.496651,1.487397,3.04233,3.541065,5.189394,
1.761592,1.499301,1.48829,3.042486,3.540879,5.189517,
1.758235,1.501861,1.489536,3.04235,3.540727,5.190118,
1.74635,1.512705,1.49188,3.042531,3.540707,5.189946,
1.741265,1.517242,1.4909,3.042579,3.540669,5.189607,
1.736623,1.519842,1.489277,3.042548,3.540734,5.188661,
1.733836,1.521015,1.487839,3.042752,3.540754,5.187646,
1.734283,1.52012,1.487824,3.042591,3.540807,5.187402,
1.733052,1.520569,1.487121,3.042772,3.540833,5.186978,
1.731213,1.520616,1.486084,3.042727,3.541058,5.185888,
1.729075,1.520657,1.485274,3.042777,3.541158,5.185328,
1.728528,1.520588,1.484788,3.042326,3.541033,5.184822,
1.727027,1.520998,1.483536,3.04271,3.541246,5.183837,
1.724729,1.520052,1.481004,3.042325,3.541129,5.182048,
1.724096,1.518503,1.479666,3.042506,3.541214,5.181218,
1.723402,1.51644,1.47841,3.042349,3.541119,5.180339,
1.722169,1.514574,1.47755,3.042143,3.541084,5.179544,
1.722083,1.514416,1.477743,3.042471,3.541162,5.179587,
1.721907,1.51377,1.477018,3.042543,3.541165,5.179243,
1.721904,1.512998,1.475922,3.042523,3.541139,5.178237,
1.722733,1.511223,1.474593,3.04252,3.540999,5.177614,
1.723258,1.510397,1.473971,3.042328,3.541042,5.177372,
1.72412,1.509274,1.472474,3.042502,3.540954,5.176242,
1.727971,1.505372,1.46862,3.042356,3.540853,5.174692,
1.730341,1.503618,1.466358,3.04205,3.540991,5.173631,
1.733174,1.501873,1.464249,3.042414,3.541083,5.1726,
1.736144,1.500055,1.461623,3.042554,3.541081,5.171444,
1.73661,1.500298,1.461571,3.042402,3.541267,5.171329,
1.738241,1.499338,1.460371,3.042294,3.541286,5.170915,
1.740453,1.498527,1.458893,3.042596,3.541179,5.170084,
1.745593,1.496531,1.456543,3.042211,3.541083,5.169591,
1.748357,1.495543,1.45499,3.042384,3.541034,5.169161,
1.7516,1.494354,1.453631,3.041874,3.541036,5.168271,
1.763936,1.489427,1.446737,3.042106,3.540994,5.167802,
1.773346,1.486163,1.441411,3.042201,3.540958,5.167222,
1.780759,1.483045,1.436737,3.041811,3.541003,5.166977,
1.789319,1.479409,1.43122,3.042388,3.541363,5.167027,
1.79024,1.478985,1.430257,3.04209,3.54137,5.166744,
1.793802,1.477471,1.427359,3.042374,3.541384,5.16644,
1.803973,1.473493,1.419843,3.041878,3.54127,5.164939,
1.808394,1.471595,1.415734,3.042164,3.54126,5.16399,
1.818438,1.46763,1.407813,3.042026,3.541137,5.162004,
1.829654,1.462532,1.398214,3.041798,3.541071,5.158848,
1.841757,1.456962,1.38803,3.041552,3.540934,5.155204,
1.853687,1.450896,1.37728,3.041405,3.540945,5.150713,
1.854632,1.450061,1.37659,3.041431,3.540928,5.150327,
1.860703,1.446771,1.371289,3.041687,3.540919,5.148175,
1.867017,1.44367,1.366108,3.041998,3.540937,5.145769,
1.873948,1.440042,1.358936,3.042666,3.540793,5.140394,
1.887532,1.432704,1.349353,3.042728,3.540906,5.1374,
1.894398,1.428877,1.344102,3.042831,3.540943,5.134635,
1.90756,1.421721,1.332957,3.042908,3.540935,5.126158,
1.924093,1.412814,1.323068,3.042787,3.540986,5.121845,
1.94163,1.405504,1.313755,3.042518,3.541019,5.114824,
1.956482,1.399914,1.306349,3.042859,3.540989,5.10857,
1.970533,1.394673,1.299887,3.043245,3.541221,5.1036,
1.985992,1.390278,1.295282,3.043298,3.541213,5.098484,
1.987277,1.390562,1.295713,3.043186,3.541101,5.098476,
1.995531,1.388218,1.293417,3.042917,3.541126,5.092309,
2.011712,1.384171,1.289727,3.042982,3.541062,5.089639,
2.019839,1.382159,1.287615,3.042924,3.540981,5.086483,
2.035478,1.378316,1.286585,3.042847,3.540809,5.078907,
2.057816,1.373995,1.282493,3.042919,3.54076,5.074009,
2.072957,1.371165,1.281045,3.043036,3.54082,5.06862,
2.088337,1.368576,1.280055,3.042966,3.54102,5.062844,
2.103334,1.365502,1.280161,3.042929,3.541022,5.057381,
2.103391,1.365371,1.279147,3.042979,3.54094,5.057004,
2.110673,1.363679,1.278791,3.042934,3.540982,5.05361,
2.117554,1.362382,1.278772,3.043024,3.540953,5.05127,
2.125527,1.360733,1.279029,3.043144,3.541107,5.048552,
2.139124,1.357552,1.283015,3.042795,3.541187,5.047193,
2.146466,1.35606,1.283646,3.042938,3.54118,5.044487,
2.153535,1.35467,1.291013,3.042973,3.541117,5.037694,
2.180268,1.349166,1.290064,3.043048,3.541079,5.033011,
2.192767,1.345214,1.292257,3.042994,3.540923,5.027402,
2.203732,1.341663,1.294461,3.042998,3.540928,5.021726,
2.214758,1.337848,1.296303,3.043153,3.541038,5.016102,
2.21383,1.337509,1.2951,3.04316,3.541039,5.015458,
2.218874,1.335484,1.295675,3.043071,3.54079,5.012334,
2.224225,1.333432,1.297084,3.043025,3.540917,5.009557,
2.229152,1.331482,1.297848,3.043029,3.540981,5.006125,
2.234404,1.329291,1.299205,3.043099,3.541045,5.003059,
2.239923,1.327419,1.300692,3.043123,3.541035,5.000187,
2.245232,1.325486,1.301567,3.043181,3.541023,4.996913,
2.249992,1.322859,1.302878,3.043251,3.541216,4.993938,
2.254393,1.320148,1.304472,3.043259,3.541238,4.990845,
2.258206,1.317427,1.305931,3.04323,3.541234,4.987261,
2.262153,1.314895,1.308198,3.043114,3.541073,4.983712,
2.265549,1.312165,1.310622,3.043074,3.541085,4.980468,
2.268832,1.309533,1.312879,3.043053,3.54105,4.976942,
2.271791,1.306882,1.315475,3.042981,3.540976,4.973224,
2.274716,1.30423,1.318138,3.043007,3.540967,4.96965,
2.277864,1.301662,1.320873,3.042941,3.540915,4.966088,
2.280772,1.298963,1.323497,3.042751,3.540816,4.962063,
2.283626,1.296089,1.326661,3.042738,3.540767,4.958722,
2.286598,1.293332,1.329797,3.042686,3.540739,4.955054,
2.289268,1.290796,1.332675,3.042925,3.540853,4.9515,
2.291992,1.288122,1.336112,3.043033,3.54085,4.948216,
2.294723,1.285427,1.339304,3.042951,3.54085,4.944488,
2.296875,1.282582,1.342748,3.042851,3.540841,4.940804,
2.298564,1.279766,1.34598,3.042759,3.540827,4.937363,
2.300009,1.277076,1.348992,3.042707,3.540779,4.933424,
2.300211,1.274345,1.351183,3.042708,3.540716,4.929416,
2.30121,1.27148,1.354156,3.042733,3.540708,4.925657,
2.30162,1.268648,1.356804,3.042804,3.540826,4.92154,
2.301691,1.2661,1.359161,3.042933,3.541086,4.917525,
2.301866,1.263502,1.361853,3.042888,3.541101,4.913357,
2.301903,1.261063,1.364415,3.04295,3.541185,4.908992,
2.301392,1.258673,1.36687,3.042824,3.541007,4.904211,
2.301342,1.25642,1.369704,3.042928,3.541034,4.899716,
2.301322,1.254169,1.372719,3.042937,3.540978,4.895124,
2.300524,1.251826,1.375499,3.042961,3.541094,4.890292,
2.300452,1.249702,1.378633,3.042998,3.54114,4.885313,
2.299984,1.247822,1.381471,3.043023,3.541081,4.880082,
2.299441,1.246261,1.384051,3.043167,3.541231,4.874977,
2.298973,1.244367,1.386865,3.043074,3.541258,4.86919,
2.298541,1.242579,1.389933,3.043085,3.541218,4.863415,
2.298033,1.240882,1.392906,3.04298,3.541017,4.85703,
2.298073,1.239372,1.395917,3.043047,3.541037,4.850644,
2.297966,1.238038,1.39885,3.043097,3.541076,4.843976,
2.297584,1.237032,1.40147,3.043005,3.540925,4.837079,
2.297898,1.235999,1.404368,3.042915,3.540925,4.829792,
2.298052,1.234866,1.40726,3.043008,3.540918,4.822443,
2.298094,1.233956,1.410143,3.042841,3.540918,4.814811,
2.298573,1.233088,1.413381,3.042875,3.540899,4.807117,
2.299175,1.232703,1.416285,3.0426,3.540838,4.799223,
2.29928,1.23235,1.419255,3.042777,3.540902,4.791453,
2.299718,1.232244,1.422392,3.042816,3.540941,4.783652,
2.300331,1.232056,1.425683,3.042719,3.540876,4.775658,
2.300244,1.231517,1.429098,3.042783,3.540896,4.767336,
2.301119,1.231184,1.432562,3.04279,3.540881,4.759504,
2.301684,1.230908,1.436025,3.042902,3.540934,4.751421,
2.302197,1.230814,1.439326,3.042795,3.540912,4.743251,
2.302954,1.230766,1.442697,3.042687,3.540878,4.734939,
2.303638,1.230682,1.446375,3.042686,3.54088,4.726897,
2.304119,1.230311,1.449904,3.042667,3.540922,4.719345,
2.304687,1.230366,1.453305,3.042727,3.540902,4.711606,
2.305412,1.230678,1.456551,3.042907,3.540895,4.70474,
2.30582,1.231088,1.459442,3.042907,3.540852,4.697895,
2.306698,1.231759,1.462435,3.042804,3.540821,4.690777,
2.307485,1.232495,1.465515,3.042869,3.540848,4.684308,
2.307936,1.233072,1.468108,3.042975,3.541053,4.678441,
2.308369,1.233715,1.470707,3.042857,3.541082,4.672082,
2.308916,1.234437,1.473589,3.042827,3.541047,4.666233,
2.309277,1.235542,1.475907,3.042823,3.541034,4.660823,
2.309878,1.236707,1.478284,3.04301,3.541082,4.655429,
2.310087,1.237953,1.480302,3.042933,3.54112,4.650754,
2.310262,1.238924,1.482404,3.042966,3.54107,4.646458,
2.310939,1.239843,1.484719,3.043044,3.541062,4.64245,
2.311703,1.240759,1.487253,3.043122,3.541115,4.638433,
2.311867,1.241818,1.488969,3.043068,3.541071,4.634737,
2.312585,1.242902,1.49098,3.043231,3.541121,4.63105,
2.313343,1.244172,1.493161,3.043254,3.541135,4.627605,
2.313638,1.24516,1.494873,3.043151,3.541084,4.623946,
2.314236,1.246007,1.496688,3.043138,3.541094,4.620203,
2.314809,1.24669,1.49894,3.043191,3.541059,4.616884,
2.315248,1.247322,1.500779,3.043157,3.540998,4.613439,
2.315554,1.247948,1.50246,3.042966,3.540921,4.60974,
2.315721,1.248738,1.504226,3.042908,3.540905,4.606225,
2.315829,1.249269,1.505921,3.042892,3.540763,4.602749,
2.315453,1.249405,1.507432,3.042867,3.540823,4.599024,
2.315225,1.249557,1.509263,3.042823,3.540788,4.595444,
2.314762,1.24959,1.510856,3.042976,3.540848,4.591786,
2.314336,1.249834,1.512314,3.043018,3.540829,4.588181,
2.313857,1.250183,1.513768,3.042956,3.54077,4.58444,
2.313467,1.250438,1.51544,3.043057,3.54098,4.580825,
2.312671,1.250754,1.516616,3.042804,3.540924,4.576983,
2.312152,1.25063,1.518628,3.042691,3.540879,4.572989,
2.311664,1.250321,1.520637,3.042682,3.540829,4.568626,
2.311205,1.250742,1.52276,3.042423,3.540709,4.564672,
2.310693,1.250699,1.524965,3.042561,3.540782,4.560719,
2.31032,1.250795,1.527324,3.042745,3.54099,4.556518,
2.30975,1.25071,1.53,3.042847,3.540981,4.552004,
2.309422,1.250516,1.533137,3.042955,3.54104,4.547678,
2.309302,1.25035,1.536346,3.042965,3.541056,4.543098,
2.309096,1.250205,1.539768,3.042953,3.541045,4.538727,
2.308771,1.250092,1.543294,3.042921,3.541042,4.53418,
2.30859,1.249818,1.547352,3.042909,3.540863,4.529494,
2.308462,1.249433,1.55176,3.04299,3.540928,4.52516,
2.308335,1.248844,1.556275,3.042993,3.54092,4.520549,
2.308499,1.247971,1.561742,3.043077,3.541006,4.515762,
2.308555,1.247034,1.567126,3.04305,3.540947,4.511214,
2.308516,1.246121,1.572883,3.042963,3.540889,4.506523,
2.308828,1.244981,1.579068,3.042948,3.540786,4.50197,
2.309116,1.243924,1.585992,3.042924,3.540816,4.497436,
2.309124,1.242793,1.592962,3.04284,3.540755,4.492955,
2.309457,1.241543,1.600651,3.042851,3.540825,4.48868,
2.309792,1.240596,1.608282,3.04288,3.540854,4.484321,
2.309754,1.239715,1.616119,3.043016,3.540887,4.480109,
2.31013,1.23883,1.624725,3.043068,3.540999,4.475775,
2.310567,1.238056,1.633681,3.042937,3.540962,4.471405,
2.31053,1.23748,1.64241,3.042982,3.540973,4.467157,
2.311057,1.236761,1.651694,3.042969,3.540977,4.46283,
2.311513,1.236442,1.66124,3.043115,3.541012,4.458893,
2.311442,1.23619,1.670746,3.043137,3.541026,4.45471,
2.312479,1.236192,1.681132,3.043117,3.54103,4.450511,
2.312662,1.236355,1.690895,3.043179,3.54104,4.446198,
2.312899,1.236557,1.700769,3.043086,3.54102,4.44192,
2.313532,1.236885,1.711118,3.04315,3.541042,4.437653,
2.313608,1.237103,1.721445,3.042982,3.541019,4.433291,
2.313562,1.237301,1.731486,3.043023,3.541044,4.429354,
2.313929,1.237421,1.742106,3.042964,3.540931,4.425404,
2.314229,1.237766,1.752548,3.043047,3.540922,4.421929,
2.314665,1.238327,1.762787,3.042965,3.54089,4.418456,
2.315183,1.238632,1.773256,3.042893,3.54075,4.414684,
2.315808,1.238937,1.783862,3.042904,3.540786,4.411464,
2.31657,1.23909,1.794661,3.042912,3.540795,4.408212,
2.317527,1.239278,1.805691,3.043111,3.54092,4.405204,
2.318492,1.239469,1.816178,3.043144,3.540982,4.402106,
2.34556,1.23885,1.84644,3.043161,3.540903,4.398871,
2.346265,1.239117,1.855908,3.043251,3.540959,4.395609,
2.347438,1.239609,1.86575,3.043247,3.540928,4.392134,
2.348523,1.240172,1.874573,3.043195,3.540885,4.388613,
2.349018,1.240338,1.883003,3.043252,3.540953,4.385165,
2.35015,1.240887,1.89166,3.043222,3.540955,4.381739,
2.351245,1.24154,1.899189,3.043134,3.540902,4.378286,
2.351505,1.242087,1.906303,3.043192,3.540906,4.375118,
2.35295,1.242996,1.913238,3.042956,3.540848,4.371892,
2.35374,1.243843,1.920239,3.042969,3.540861,4.368814,
2.354664,1.24468,1.92671,3.042959,3.540858,4.365565,
2.355695,1.245611,1.933382,3.043087,3.540919,4.362348,
2.35675,1.24676,1.939284,3.042994,3.540867,4.358834,
2.357818,1.248133,1.945284,3.042731,3.540866,4.355256,
2.35877,1.249655,1.950742,3.042756,3.540906,4.351632,
2.359728,1.251227,1.955952,3.04275,3.540841,4.347946,
2.360214,1.252531,1.961045,3.042868,3.540833,4.344588,
2.361102,1.253865,1.966152,3.042948,3.540861,4.340724,
2.361443,1.254748,1.971046,3.042916,3.540826,4.337036,
2.362327,1.255852,1.975931,3.043045,3.54111,4.333436,
2.363458,1.257205,1.980904,3.043091,3.541108,4.329719,
2.364459,1.258631,1.985702,3.043241,3.541083,4.326055,
2.364064,1.259527,1.989651,3.043171,3.541087,4.322176,
2.364886,1.260506,1.994301,3.042947,3.540788,4.318179,
2.364518,1.26108,1.99814,3.042911,3.540753,4.314278,
2.365122,1.261745,2.002583,3.042952,3.540743,4.310513,
2.365669,1.262389,2.0069,3.043082,3.540906,4.306796,
2.365489,1.262874,2.010906,3.043022,3.540842,4.302836,
2.365724,1.26363,2.014965,3.042972,3.540832,4.298792,
2.365918,1.264157,2.019105,3.043013,3.540884,4.294861,
2.366081,1.26465,2.023118,3.043055,3.541024,4.290988,
2.365314,1.265149,2.026603,3.043025,3.541033,4.286798,
2.365489,1.265794,2.030494,3.042971,3.541034,4.282582,
2.364308,1.266353,2.033462,3.042986,3.540917,4.278407,
2.364411,1.267363,2.037132,3.043042,3.54091,4.274179,
2.364458,1.268285,2.040817,3.042961,3.540878,4.269697,
2.363252,1.269166,2.043334,3.04275,3.540807,4.265086,
2.363344,1.270214,2.04709,3.04278,3.540862,4.260633,
2.363163,1.271177,2.050496,3.042978,3.540946,4.256137,
2.363,1.272237,2.053756,3.043031,3.541018,4.251301,
2.361423,1.273503,2.055949,3.043057,3.541018,4.246197,
2.360961,1.27457,2.059075,3.043074,3.540962,4.241026,
2.35918,1.275386,2.061345,3.043322,3.541073,4.235879,
2.358899,1.276403,2.064788,3.043129,3.541043,4.230396,
2.358489,1.277305,2.068226,3.04308,3.541049,4.224715,
2.356696,1.278358,2.070226,3.043085,3.541072,4.219085,
2.356045,1.279397,2.073461,3.043033,3.541064,4.212903,
2.35528,1.280371,2.076472,3.042885,3.541072,4.20687,
2.353034,1.280988,2.078465,3.042832,3.541027,4.200497,
2.352069,1.281859,2.08138,3.042625,3.540986,4.19368,
2.350876,1.282417,2.084194,3.04283,3.540936,4.187125,
2.348556,1.283071,2.086258,3.042972,3.540944,4.180591,
2.347202,1.28377,2.088969,3.04291,3.540974,4.173614,
2.345864,1.284698,2.091693,3.042902,3.540881,4.166431,
2.343397,1.285538,2.093215,3.042905,3.540924,4.159069,
2.341894,1.286568,2.09575,3.042862,3.540873,4.151666,
2.340385,1.287674,2.0983,3.042747,3.540866,4.144411,
2.337964,1.288889,2.099781,3.042825,3.540799,4.136901,
2.33635,1.290216,2.102176,3.042947,3.541021,4.1291,
2.334761,1.291718,2.104384,3.042923,3.540973,4.121316,
2.331783,1.29344,2.104975,3.042948,3.540908,4.113783,
2.329771,1.295013,2.106538,3.04292,3.540902,4.105835,
2.327669,1.296565,2.108084,3.042888,3.540869,4.098193,
2.324583,1.298139,2.108542,3.042696,3.540709,4.09031,
2.322587,1.299871,2.109745,3.042841,3.540707,4.082459,
2.320855,1.301647,2.111408,3.042859,3.540832,4.074972,
2.318265,1.303553,2.111207,3.043024,3.54086,4.06766,
2.316189,1.305617,2.111831,3.043053,3.540853,4.060025,
2.313641,1.307498,2.111735,3.043097,3.540818,4.052941,
2.310328,1.30954,2.11079,3.042991,3.540755,4.045896,
2.307208,1.311525,2.10998,3.042965,3.540723,4.039008,
2.304031,1.31381,2.109062,3.042849,3.54068,4.032235,
2.300015,1.316064,2.106936,3.043019,3.540755,4.02603,
2.296239,1.318437,2.104851,3.042997,3.540768,4.019869,
2.292276,1.32107,2.102574,3.043094,3.540787,4.013829,
2.287999,1.323677,2.099398,3.043126,3.540881,4.008662,
2.283931,1.326167,2.09671,3.043274,3.540901,4.003129,
2.279912,1.328978,2.093796,3.043292,3.540954,3.998173,
2.275531,1.331907,2.090115,3.043208,3.540942,3.993387,
2.271113,1.335007,2.086469,3.04324,3.540943,3.988648,
2.266247,1.338326,2.082572,3.043164,3.540891,3.984036,
2.26108,1.341873,2.078144,3.043073,3.54095,3.9798,
2.255388,1.345523,2.07318,3.043117,3.540984,3.975352,
2.24989,1.349236,2.068627,3.043086,3.541032,3.971064,
2.24378,1.352992,2.063571,3.043072,3.540938,3.966734,
2.237339,1.356762,2.058234,3.042966,3.540933,3.962283,
2.23074,1.360664,2.052973,3.042937,3.540958,3.957809,
2.223552,1.364427,2.047146,3.042943,3.540884,3.95344,
2.21582,1.367895,2.041265,3.043049,3.540855,3.948756,
2.207649,1.371294,2.035089,3.043044,3.540836,3.944173,
2.19959,1.374528,2.029485,3.043046,3.540769,3.939438,
2.191205,1.377635,2.023531,3.042861,3.540781,3.934684,
2.182928,1.380788,2.017851,3.042832,3.540738,3.929926,
2.174308,1.383921,2.011775,3.042681,3.540721,3.925157,
2.165932,1.386921,2.006461,3.042767,3.540696,3.92056,
2.158353,1.390069,2.001879,3.042954,3.540777,3.91576,
2.151815,1.393723,1.998181,3.042871,3.540871,3.910629,
2.144866,1.397265,1.994128,3.042941,3.540869,3.905702,
2.138383,1.401176,1.990392,3.042986,3.540893,3.90069,
2.132495,1.405156,1.98725,3.043106,3.540978,3.89561,
2.126368,1.409199,1.983859,3.043109,3.540977,3.890345,
2.120064,1.413265,1.980425,3.043204,3.540904,3.88504,
2.113681,1.417224,1.977051,3.043298,3.541065,3.879743,
2.107502,1.421336,1.973936,3.043339,3.541095,3.874279,
2.101267,1.425726,1.970844,3.04341,3.541059,3.868822,
2.095325,1.429934,1.968262,3.043308,3.540936,3.863153,
2.089717,1.434506,1.965688,3.043133,3.540979,3.857147,
2.084147,1.438963,1.963571,3.043146,3.540953,3.851506,
2.079531,1.443504,1.962314,3.043105,3.540919,3.845814,
2.073957,1.447941,1.960305,3.043177,3.540925,3.840147,
2.068485,1.452234,1.958719,3.043198,3.540882,3.83446,
2.062439,1.456463,1.956818,3.043097,3.54093,3.828567,
2.057005,1.460837,1.9556,3.043078,3.540921,3.822893,
2.054407,1.464695,1.957295,3.043169,3.540955,3.817297,
2.049045,1.46893,1.956732,3.043144,3.540963,3.811604,
2.043739,1.473315,1.956125,3.043279,3.541021,3.80625,
2.03895,1.477438,1.956222,3.043259,3.54102,3.800686,
2.03371,1.481635,1.956428,3.043281,3.540996,3.795413,
2.028349,1.486022,1.956375,3.043185,3.540997,3.789801,
2.023275,1.490047,1.956925,3.043075,3.540882,3.784393,
2.017637,1.49429,1.9574,3.043004,3.540848,3.779201,
2.012735,1.498263,1.958714,3.042927,3.540816,3.773989,
2.006811,1.50254,1.959107,3.043125,3.540864,3.768855,
2.001272,1.506833,1.95955,3.043077,3.540836,3.763429,
1.996651,1.510795,1.961403,3.042899,3.54062,3.757951,
1.991041,1.514979,1.962337,3.04285,3.540615,3.752289,
1.985969,1.51943,1.963463,3.042766,3.540638,3.746717,
1.98209,1.523457,1.966058,3.042903,3.540802,3.741265,
1.976791,1.527779,1.966931,3.042993,3.540843,3.735855,
1.971752,1.532147,1.967972,3.043004,3.540811,3.730414,
1.966889,1.536509,1.969027,3.043017,3.540804,3.725207,
1.963038,1.540513,1.970782,3.042907,3.540808,3.719745,
1.958253,1.544772,1.971324,3.042977,3.540842,3.714482,
1.954033,1.548753,1.972332,3.043059,3.54088,3.708789,
1.949187,1.552921,1.972892,3.043152,3.540905,3.703228,
1.944369,1.557227,1.973199,3.04319,3.540963,3.697435,
1.939343,1.56105,1.973329,3.043138,3.541005,3.691801,
1.934579,1.564797,1.973748,3.043208,3.541074,3.686336,
1.929274,1.568639,1.973244,3.043144,3.541127,3.680651,
1.924459,1.572497,1.973161,3.043197,3.541122,3.675315,
1.919487,1.576346,1.972725,3.043185,3.541128,3.670087,
1.914943,1.580298,1.97268,3.043109,3.541046,3.664723,
1.910324,1.584148,1.972159,3.043014,3.541033,3.659658,
1.905776,1.587928,1.971557,3.042994,3.541054,3.654708,
1.901154,1.591707,1.970713,3.042902,3.541012,3.649795,
1.896689,1.595324,1.969829,3.042916,3.540934,3.645034,
1.892574,1.598905,1.969242,3.042839,3.540907,3.640298,
1.888488,1.602463,1.968295,3.042849,3.540835,3.635866,
1.88443,1.606048,1.967088,3.042808,3.54081,3.631459,
1.880696,1.609425,1.96609,3.042861,3.540832,3.627218,
1.876861,1.612611,1.965256,3.04278,3.540787,3.622861,
1.873237,1.615829,1.964219,3.042892,3.540855,3.618786,
1.869908,1.618927,1.9635,3.042941,3.54087,3.614782,
1.866506,1.62183,1.962902,3.043039,3.541044,3.610848,
1.863717,1.624885,1.962669,3.043041,3.541066,3.607017,
1.861403,1.627909,1.962948,3.043206,3.541105,3.603019,
1.859275,1.630983,1.963529,3.043199,3.54105,3.598973,
1.857447,1.633967,1.96422,3.043189,3.541007,3.594621,
1.856199,1.636899,1.965291,3.043069,3.540949,3.590028,
1.854315,1.639536,1.965836,3.042789,3.540827,3.585418,
1.852819,1.642291,1.966803,3.042757,3.540766,3.580864,
1.851752,1.644865,1.96822,3.042499,3.540634,3.576113,
1.85072,1.647575,1.969705,3.042718,3.540787,3.571795,
1.849685,1.650384,1.970983,3.042832,3.540843,3.5673,
1.848496,1.653117,1.97221,3.042849,3.540852,3.562683,
1.847569,1.655645,1.97386,3.043021,3.541047,3.558303,
1.846453,1.657869,1.975635,3.04305,3.541044,3.55357,
1.845144,1.6601,1.977083,3.043201,3.541116,3.549068,
1.843683,1.661895,1.978847,3.043364,3.541106,3.544825,
1.8421,1.663302,1.980872,3.043307,3.541031,3.540148,
1.840531,1.66459,1.982917,3.043161,3.540972,3.535375,
1.838573,1.665312,1.984969,3.043324,3.540866,3.531071,
1.836629,1.665818,1.987351,3.043323,3.54089,3.526569,
1.83471,1.666221,1.989806,3.043267,3.54084,3.521952,
1.8324,1.666297,1.992332,3.043262,3.540718,3.51743,
1.830394,1.666151,1.995245,3.043152,3.540693,3.512741,
1.828243,1.666228,1.997792,3.04313,3.540651,3.508019,
1.826234,1.666208,2.00063,3.042998,3.540833,3.503004,
1.824056,1.66614,2.003372,3.04276,3.540761,3.49794,
1.822068,1.666163,2.006083,3.042628,3.54072,3.49299,
1.820571,1.666745,2.009017,3.042689,3.540758,3.488184,
1.819235,1.667665,2.011753,3.042627,3.540682,3.482864,
1.818157,1.668983,2.014516,3.042561,3.540677,3.477581,
1.816933,1.670719,2.016824,3.042618,3.540623,3.472527,
1.816186,1.673187,2.019089,3.042797,3.540825,3.466629,
1.815775,1.675624,2.021594,3.042672,3.54077,3.460442,
1.815669,1.678639,2.023951,3.042641,3.540791,3.454021,
1.815113,1.681478,2.026014,3.042832,3.540826,3.447961,
1.814644,1.684533,2.028047,3.043027,3.540911,3.441634,
1.814183,1.687787,2.029912,3.043159,3.540934,3.434668,
1.813212,1.690981,2.031208,3.043082,3.540901,3.427213,
1.812234,1.694165,2.032598,3.042956,3.540834,3.419328,
1.810935,1.697533,2.033857,3.042903,3.540807,3.411128,
1.809565,1.700744,2.035004,3.042844,3.540759,3.402695,
1.808048,1.70416,2.03593,3.04287,3.540771,3.394157,
1.806425,1.707648,2.036502,3.042919,3.540762,3.385828,
1.804721,1.711109,2.037187,3.042888,3.540538,3.377001,
1.802888,1.714885,2.037605,3.04295,3.54053,3.36826,
1.800792,1.718449,2.037713,3.042874,3.540692,3.359109,
1.798589,1.722566,2.037229,3.043164,3.540887,3.350212,
1.796241,1.726634,2.036817,3.043265,3.540883,3.34132,
1.794416,1.730822,2.036396,3.043211,3.541058,3.332051,
1.792035,1.735276,2.035316,3.043321,3.541093,3.323073,
1.789587,1.739906,2.034194,3.043294,3.541086,3.314006,
1.787268,1.744711,2.032523,3.043373,3.541119,3.305061,
1.784737,1.749643,2.030483,3.043371,3.541134,3.296551,
1.782204,1.75478,2.028096,3.043363,3.541117,3.288409,
1.779459,1.75989,2.025097,3.043248,3.540919,3.280481,
1.776704,1.765323,2.022043,3.043259,3.5409,3.272998,
1.774092,1.770782,2.019122,3.043313,3.54118,3.265578,
1.770851,1.776654,2.015739,3.043343,3.54115,3.258156,
1.767905,1.782788,2.012341,3.043298,3.541121,3.251107,
1.765075,1.789346,2.009086,3.043397,3.54108,3.244376,
1.7626,1.796337,2.005699,3.043243,3.540925,3.237514,
1.759722,1.803346,2.002046,3.043168,3.540834,3.231199,
1.756722,1.810787,1.998228,3.043277,3.540879,3.225034,
1.754219,1.818228,1.994286,3.043059,3.540881,3.219059,
1.751444,1.825995,1.990152,3.043081,3.540909,3.213445,
1.748665,1.833901,1.98602,3.043041,3.540975,3.208358,
1.745945,1.84231,1.98149,3.042999,3.540909,3.203327,
1.743049,1.850528,1.976856,3.043116,3.540913,3.198685,
1.739949,1.859093,1.972235,3.043133,3.540961,3.19404,
1.736841,1.868035,1.967487,3.043047,3.540889,3.189041,
1.733884,1.876967,1.963,3.04279,3.540822,3.18403,
1.731247,1.885931,1.95892,3.042632,3.540967,3.179147,
1.728226,1.895194,1.954573,3.042741,3.540619,3.17434,
1.725525,1.904539,1.950531,3.042741,3.54061,3.169424,
1.722896,1.913648,1.946805,3.04267,3.540643,3.164507,
1.720228,1.922693,1.943414,3.042676,3.540689,3.159258,
1.717844,1.931856,1.94033,3.042768,3.540715,3.154184,
1.715776,1.940653,1.937987,3.042879,3.541017,3.149194,
1.712875,1.94933,1.935376,3.043041,3.541042,3.143623,
1.710475,1.958016,1.933233,3.043117,3.541112,3.138235,
1.708281,1.966802,1.931316,3.043213,3.541152,3.132816,
1.706543,1.975609,1.929941,3.043354,3.541184,3.127152,
1.704912,1.984366,1.929047,3.043351,3.541194,3.121078,
1.703409,1.99296,1.927983,3.0432,3.541135,3.115013,
1.701977,2.001373,1.92742,3.043159,3.541183,3.108457,
1.700559,2.009362,1.927138,3.043145,3.541208,3.101863,
1.698993,2.016979,1.926795,3.043054,3.541068,3.095448,
1.697364,2.023953,1.926222,3.043061,3.541162,3.088779,
1.69596,2.030524,1.926221,3.043157,3.541082,3.082315,
1.694389,2.036841,1.926309,3.043243,3.540757,3.07553,
1.693676,2.043273,1.927271,3.042944,3.541104,3.067874,
1.692478,2.049644,1.927636,3.043022,3.541079,3.061033,
1.691084,2.055938,1.92809,3.043008,3.54097,3.053787,
1.689841,2.062152,1.92865,3.043042,3.541164,3.046267,
1.688697,2.068157,1.929343,3.04301,3.541103,3.038713,
1.687647,2.073525,1.930074,3.043204,3.541199,3.031487,
1.686529,2.078711,1.931146,3.04324,3.541221,3.023635,
1.685463,2.083374,1.932455,3.043352,3.541243,3.015994,
1.684379,2.087615,1.933648,3.043293,3.541067,3.008616,
1.682835,2.091584,1.935007,3.043303,3.541059,3.000644,
1.681265,2.09506,1.936659,3.043355,3.541102,2.992853,
1.679512,2.098521,1.938089,3.043211,3.540949,2.984956,
1.67823,2.102159,1.940151,3.043158,3.54087,2.976843,
1.677243,2.105367,1.943062,3.043017,3.540771,2.968654,
1.676402,2.108548,1.946107,3.042959,3.540766,2.960625,
1.675542,2.111511,1.949515,3.042915,3.540727,2.952149,
1.674896,2.113858,1.953446,3.042685,3.540495,2.943745,
1.673857,2.115954,1.957416,3.042853,3.540518,2.935628,
1.673257,2.117911,1.961724,3.042927,3.540481,2.927087,
1.672912,2.119776,1.966206,3.043059,3.540691,2.918916,
1.672769,2.12132,1.970747,3.042996,3.540764,2.910859,
1.672811,2.122667,1.975599,3.043028,3.54077,2.902876,
1.672989,2.124064,1.980178,3.04313,3.540866,2.895587,
1.673336,2.125119,1.985143,3.04317,3.540934,2.888385,
1.673938,2.126094,1.989854,3.043107,3.540944,2.881218,
1.674645,2.12674,1.994685,3.043065,3.540922,2.874628,
1.675552,2.127394,1.999477,3.043095,3.540955,2.868187,
1.676485,2.127829,2.004317,3.043211,3.540978,2.862224,
1.677678,2.127818,2.009514,3.043285,3.540937,2.856197,
1.679217,2.127645,2.015161,3.043211,3.540975,2.849932,
1.680384,2.127232,2.020489,3.043356,3.541002,2.843842,
1.681896,2.126333,2.026164,3.043242,3.540908,2.837691,
1.683298,2.125674,2.031338,3.043157,3.540873,2.831713,
1.684827,2.124748,2.036735,3.043225,3.540841,2.825623,
1.686595,2.123654,2.042088,3.043152,3.540784,2.819674,
1.688227,2.12238,2.047633,3.043089,3.540854,2.813789,
1.69013,2.120761,2.052964,3.043109,3.540712,2.807787,
1.691932,2.119181,2.057747,3.043022,3.540761,2.802238,
1.693417,2.117238,2.061844,3.04314,3.540723,2.796947,
1.695207,2.115441,2.065966,3.042743,3.54066,2.791224,
1.69669,2.113419,2.069877,3.042639,3.540659,2.785932,
1.69803,2.111191,2.072991,3.042708,3.540756,2.780897,
1.699296,2.108615,2.075929,3.042998,3.540769,2.776219,
1.700924,2.105742,2.079176,3.043354,3.540913,2.771528,
1.701913,2.102531,2.082245,3.043298,3.541158,2.766345,
1.703212,2.099318,2.085647,3.043344,3.541145,2.761022,
1.704266,2.095876,2.088616,3.043371,3.541152,2.755847,
1.705524,2.092028,2.091745,3.043269,3.541039,2.750593,
1.706603,2.088088,2.094873,3.043222,3.541047,2.745337,
1.708104,2.084139,2.098534,3.043186,3.540982,2.740017,
1.709324,2.079638,2.101372,3.04331,3.540981,2.734982,
1.710763,2.074785,2.104982,3.043349,3.541088,2.729636,
1.712344,2.070188,2.108531,3.043395,3.541088,2.724462,
1.713419,2.064369,2.111195,3.043382,3.540971,2.719388,
1.714675,2.058297,2.11446,3.043297,3.540983,2.713739,
1.715935,2.052481,2.117577,3.043298,3.540959,2.708523,
1.716606,2.04534,2.119961,3.043308,3.540973,2.703317,
1.717616,2.038969,2.12277,3.042961,3.540929,2.697562,
1.718431,2.031698,2.12512,3.042944,3.540884,2.692367,
1.718849,2.02413,2.127122,3.042891,3.54091,2.687132,
1.719407,2.016315,2.128995,3.043126,3.541035,2.682066,
1.719922,2.00839,2.130787,3.043174,3.541077,2.67694,
1.72016,2.00026,2.132262,3.043064,3.541104,2.671619,
1.720122,1.991551,2.133497,3.043087,3.541126,2.666353,
1.719917,1.982697,2.134245,3.043222,3.541174,2.661217,
1.719743,1.973844,2.134531,3.043158,3.541058,2.655963,
1.719052,1.964673,2.13471,3.043199,3.541075,2.650463,
1.718193,1.955403,2.134504,3.043232,3.54103,2.645065,
1.717294,1.946186,2.134026,3.043243,3.540906,2.639546,
1.716232,1.936938,2.133464,3.043195,3.540939,2.633644,
1.715016,1.927544,2.132529,3.043308,3.540967,2.628176,
1.71365,1.91843,2.131127,3.043279,3.540838,2.622375,
1.711841,1.909392,2.129317,3.043282,3.540844,2.616224,
1.708298,1.901904,2.125751,3.043234,3.540752,2.610335,
1.706381,1.893278,2.123304,3.043212,3.540829,2.604191,
1.704571,1.884918,2.120946,3.043148,3.540824,2.598182,
1.701883,1.877035,2.117471,3.043222,3.540854,2.592343,
1.699786,1.869359,2.114344,3.043262,3.540915,2.586316,
1.698087,1.861657,2.111269,3.043145,3.540927,2.580424,
1.694719,1.855148,2.106651,3.043127,3.540875,2.574591,
1.692457,1.849054,2.102551,3.04313,3.541022,2.568602,
1.690189,1.843308,2.098267,3.043169,3.541035,2.562244,
1.687726,1.837651,2.093661,3.043069,3.540993,2.556237,
1.685662,1.832478,2.089153,3.04311,3.540902,2.550275,
1.683571,1.82796,2.084629,3.042726,3.540831,2.543704,
1.680954,1.823484,2.079283,3.042837,3.54091,2.537768,
1.678959,1.819427,2.074764,3.042848,3.540986,2.531602,
1.676702,1.815493,2.069763,3.042984,3.540943,2.525374,
1.67467,1.811335,2.065223,3.043054,3.540987,2.519412,
1.672425,1.808036,2.060194,3.043087,3.540952,2.513028,
1.670575,1.804402,2.055639,3.043159,3.540982,2.506623,
1.668936,1.801206,2.051159,3.043101,3.540956,2.50044,
1.667604,1.798194,2.046649,3.043047,3.541011,2.49408,
1.666273,1.794883,2.042105,3.043175,3.540992,2.487694,
1.664932,1.791855,2.037779,3.043145,3.540967,2.481644,
1.663751,1.789043,2.032955,3.043141,3.54098,2.475702,
1.662385,1.786349,2.028301,3.043165,3.540915,2.469492,
1.66165,1.783861,2.024115,3.043121,3.540899,2.464026,
1.66044,1.78156,2.019387,3.042792,3.540684,2.457987,
1.659513,1.779589,2.014771,3.042816,3.540701,2.452738,
1.658921,1.777626,2.010583,3.042777,3.540653,2.447702,
1.658132,1.776008,2.006392,3.042863,3.540747,2.442641,
1.657297,1.773978,2.002486,3.043173,3.540789,2.437341,
1.656757,1.772198,1.999407,3.043096,3.54072,2.431934,
1.655995,1.770569,1.996299,3.043179,3.54094,2.426538,
1.655214,1.769109,1.993721,3.042991,3.540935,2.420864,
1.654539,1.767686,1.991235,3.043007,3.540943,2.415649,
1.653494,1.766531,1.988745,3.042953,3.540875,2.410691,
1.652326,1.765489,1.986244,3.043197,3.540959,2.405675,
1.651523,1.764428,1.98436,3.043237,3.540932,2.400987,
1.650287,1.763703,1.982465,3.043138,3.540905,2.396412,
1.649219,1.762925,1.981011,3.043199,3.540947,2.392177,
1.647925,1.762602,1.979681,3.043359,3.541004,2.388459,
1.647075,1.762404,1.978513,3.043469,3.541102,2.384588,
1.646045,1.761925,1.977383,3.043403,3.541155,2.381407,
1.645235,1.761737,1.976286,3.043307,3.541052,2.378532,
1.644468,1.761499,1.974917,3.043305,3.541057,2.375779,
1.643847,1.761332,1.973636,3.043283,3.54108,2.373074,
1.643362,1.761297,1.972396,3.043276,3.541045,2.370566,
1.64309,1.761547,1.971574,3.043288,3.540935,2.367839,
1.642868,1.761721,1.970835,3.043315,3.540895,2.365152,
1.642904,1.76199,1.970655,3.043248,3.540963,2.362343,
1.64314,1.762382,1.970783,3.043109,3.540946,2.359225,
1.643223,1.762817,1.971009,3.043146,3.540949,2.356364,
1.643302,1.763149,1.971501,3.043136,3.540935,2.353417,
1.64332,1.763569,1.971771,3.043087,3.540934,2.350296,
1.643434,1.76394,1.972226,3.043057,3.540809,2.347445,
1.643575,1.764343,1.972575,3.043169,3.54085,2.344891,
1.643271,1.764697,1.972502,3.04315,3.541057,2.342032,
1.64285,1.765082,1.972113,3.043163,3.54106,2.339382,
1.64206,1.765452,1.970729,3.043198,3.541088,2.33709,
1.641234,1.765733,1.969357,3.043211,3.541028,2.334472,
1.640221,1.76622,1.96743,3.043211,3.540988,2.331892,
1.639313,1.766735,1.965632,3.04317,3.540897,2.329328,
1.637769,1.767165,1.963135,3.043143,3.541124,2.326389,
1.636414,1.767863,1.961144,3.04313,3.541131,2.3234,
1.63487,1.76851,1.959355,3.043059,3.54079,2.319967,
1.633772,1.769174,1.957951,3.042959,3.541,2.316442,
1.632237,1.769799,1.957595,3.042916,3.54076,2.311726,
1.630547,1.770446,1.956737,3.042947,3.540781,2.307649,
1.629216,1.771077,1.95625,3.043041,3.540694,2.30341,
1.627649,1.772023,1.955822,3.043298,3.540892,2.299038,
1.626383,1.772792,1.955886,3.043313,3.540677,2.294073,
1.624783,1.773402,1.955261,3.043224,3.54073,2.289603,
1.623181,1.77434,1.954367,3.043254,3.54079,2.285114,
1.621935,1.775183,1.953911,3.043451,3.540772,2.280723,
1.620405,1.775989,1.952911,3.043347,3.540943,2.276567,
1.618769,1.776774,1.95176,3.043381,3.540946,2.272232,
1.617143,1.777528,1.950767,3.043466,3.541008,2.267834,
1.615509,1.778012,1.949745,3.043377,3.541023,2.263516,
1.613785,1.77847,1.948715,3.043405,3.541027,2.259108,
1.61207,1.778791,1.947796,3.043315,3.541056,2.25446,
1.610367,1.779035,1.947013,3.04316,3.541039,2.249719,
1.608799,1.779007,1.946663,3.043138,3.540983,2.244765,
1.606985,1.779374,1.945781,3.043264,3.540916,2.240155,
1.605332,1.779325,1.945224,3.043177,3.540939,2.235376,
1.603798,1.779141,1.944897,3.04317,3.540907,2.230345,
1.602215,1.779091,1.944511,3.043054,3.540826,2.225372,
1.600547,1.778882,1.944023,3.043071,3.540808,2.220231,
1.598927,1.778523,1.943787,3.043076,3.540771,2.214807,
1.597307,1.778332,1.943498,3.043048,3.54075,2.209656,
1.595677,1.777905,1.943164,3.042936,3.540866,2.204284,
1.594183,1.777304,1.943039,3.042916,3.540834,2.198737,
1.593087,1.776771,1.943528,3.042967,3.541046,2.193215,
1.59199,1.775944,1.943969,3.042819,3.541078,2.187274,
1.591099,1.774986,1.944255,3.042828,3.541214,2.181719,
1.590433,1.773852,1.94488,3.042727,3.54091,2.175745,
1.589823,1.772455,1.945165,3.042747,3.540911,2.170031,
1.589412,1.770922,1.945392,3.042725,3.5409,2.164304,
1.589122,1.769709,1.945943,3.042773,3.540881,2.158685,
1.589173,1.76792,1.946234,3.042856,3.540901,2.153226,
1.589399,1.766223,1.946845,3.042862,3.540893,2.147746,
1.590036,1.764375,1.947186,3.042734,3.540871,2.142678,
1.590502,1.762379,1.948033,3.042772,3.540839,2.137341,
1.591166,1.760314,1.949336,3.042761,3.540767,2.13183,
1.592167,1.758228,1.950788,3.042806,3.540854,2.126689,
1.593065,1.755972,1.952959,3.042823,3.540828,2.120886,
1.594198,1.753678,1.955234,3.042815,3.540879,2.115149,
1.595365,1.751722,1.958274,3.043006,3.540985,2.109158,
1.596589,1.749172,1.961284,3.043127,3.540992,2.102947,
1.59792,1.746754,1.964349,3.043162,3.54097,2.096879,
1.599588,1.744302,1.967609,3.043118,3.540825,2.090921,
1.601342,1.74189,1.971035,3.042781,3.540814,2.08507,
1.603166,1.739695,1.974335,3.042798,3.540807,2.079501,
1.605484,1.737578,1.978024,3.042698,3.540827,2.073926,
1.607479,1.734953,1.981451,3.042848,3.540862,2.068748,
1.60948,1.732354,1.985289,3.042865,3.540887,2.06314,
1.611261,1.730025,1.989235,3.042918,3.540963,2.057519,
1.61288,1.727387,1.993296,3.042852,3.540962,2.051956,
1.614463,1.72483,1.997361,3.042888,3.541035,2.046558,
1.610909,1.722534,2.001527,3.043788,3.540898,2.041228,
1.612247,1.720368,2.005427,3.043725,3.540885,2.036459,
1.613687,1.718204,2.009526,3.043546,3.540856,2.031379,
1.618125,1.716239,2.013389,3.042946,3.540952,2.026741,
1.619604,1.714352,2.017021,3.042844,3.540941,2.02239,
1.620955,1.712361,2.020865,3.042919,3.540946,2.0181,
1.622302,1.710341,2.024011,3.042933,3.540903,2.014252,
1.623456,1.708476,2.027316,3.042823,3.540906,2.010295,
1.624583,1.706632,2.030568,3.042797,3.540937,2.006469,
1.62575,1.704732,2.033471,3.042642,3.540956,2.002668,
1.627022,1.702883,2.036601,3.042855,3.540999,1.99896,
1.628035,1.701001,2.039532,3.042925,3.540999,1.995227,
1.629626,1.698844,2.042332,3.042931,3.541031,1.991902,
1.631208,1.6969,2.044767,3.042979,3.541075,1.988924,
1.63278,1.694896,2.046511,3.042973,3.541024,1.986478,
1.634627,1.692698,2.048383,3.042712,3.540861,1.983847,
1.63666,1.690654,2.0497,3.042883,3.540852,1.981805,
1.638686,1.688393,2.051241,3.042693,3.540617,1.979549,
1.640989,1.686036,2.053274,3.042702,3.540663,1.977282,
1.643463,1.683825,2.055959,3.042842,3.54086,1.974703,
1.646,1.681575,2.058713,3.04296,3.540843,1.972136,
1.64841,1.679243,2.061894,3.042901,3.540748,1.969244,
1.651009,1.67715,2.06543,3.04294,3.540717,1.966538,
1.653647,1.675117,2.069043,3.04288,3.540787,1.96396,
1.656268,1.672889,2.072598,3.04292,3.540885,1.961509,
1.659158,1.670789,2.076489,3.042905,3.540918,1.959108,
1.662222,1.668733,2.080269,3.042729,3.540788,1.956736,
1.665145,1.666481,2.084051,3.042705,3.540767,1.954381,
1.668218,1.664244,2.08779,3.042972,3.540776,1.952104,
1.67155,1.661987,2.091899,3.043105,3.540867,1.949925,
1.674923,1.659817,2.096053,3.043138,3.540887,1.947508,
1.678361,1.657512,2.100234,3.043179,3.540902,1.945108,
1.68176,1.655159,2.104578,3.043192,3.540905,1.942604,
1.68563,1.652837,2.108879,3.04319,3.541042,1.940277,
1.689489,1.650701,2.113258,3.043172,3.541073,1.937821,
1.693465,1.648246,2.117656,3.04305,3.541036,1.93542,
1.697801,1.645952,2.122051,3.04313,3.540937,1.933356,
1.702183,1.643928,2.12661,3.042822,3.540846,1.931133,
1.706631,1.641751,2.131218,3.04285,3.540896,1.929068,
1.711399,1.639667,2.13609,3.042912,3.540958,1.927223,
1.716253,1.637529,2.141117,3.043063,3.540966,1.925304,
1.721088,1.635319,2.146208,3.043085,3.541001,1.923391,
1.726285,1.633143,2.151857,3.043227,3.541058,1.921228,
1.731658,1.631029,2.157493,3.043202,3.540961,1.919015,
1.737194,1.628745,2.163154,3.043138,3.540956,1.916922,
1.742825,1.626523,2.168783,3.043203,3.540993,1.91505,
1.748485,1.624333,2.174259,3.042884,3.540994,1.913116,
1.754326,1.621923,2.179728,3.04301,3.540941,1.911757,
1.760465,1.619601,2.184858,3.042912,3.540765,1.910718,
1.76663,1.617255,2.190164,3.043143,3.540842,1.909696,
1.773269,1.614777,2.195395,3.043101,3.540788,1.909029,
1.779604,1.612461,2.20037,3.043112,3.540801,1.90844,
1.786532,1.610081,2.205812,3.043105,3.540811,1.907855,
1.792977,1.608335,2.211186,3.042929,3.540704,1.907032,
1.800197,1.606405,2.21705,3.043292,3.540874,1.906842,
1.807552,1.604649,2.223103,3.0434,3.540988,1.906287,
1.815194,1.603406,2.229395,3.043286,3.540866,1.905569,
1.823285,1.602124,2.23628,3.043305,3.540877,1.904575,
1.831157,1.600647,2.243092,3.043232,3.540896,1.903309,
1.83913,1.599538,2.249828,3.043165,3.540829,1.902114,
1.847493,1.598996,2.256936,3.043159,3.540895,1.900997,
1.856252,1.598192,2.264414,3.043351,3.540919,1.899505,
1.864747,1.598015,2.27154,3.043261,3.540846,1.898047,
1.873267,1.597927,2.27864,3.043208,3.540812,1.896634,
1.881967,1.597807,2.2856,3.043535,3.540951,1.895344,
1.89054,1.597883,2.292396,3.043407,3.540872,1.893801,
1.89916,1.597799,2.298989,3.04344,3.541017,1.892541,
1.9074,1.597588,2.304989,3.043412,3.540935,1.891362,
1.915374,1.597359,2.310709,3.043339,3.54089,1.8903,
1.923328,1.596964,2.315581,3.043339,3.540898,1.88994,
1.931288,1.596437,2.320327,3.043411,3.540854,1.889763,
1.939074,1.596167,2.324884,3.043565,3.540887,1.889941,
1.946948,1.595939,2.32984,3.043613,3.540925,1.889818,
1.954773,1.595221,2.334206,3.043568,3.540956,1.890091,
1.962305,1.594755,2.338832,3.04352,3.540944,1.890122,
1.969513,1.593975,2.343245,3.043485,3.540921,1.889977,
1.976655,1.59312,2.348089,3.043546,3.541007,1.889666,
1.983224,1.592316,2.352833,3.043438,3.54094,1.888853,
1.989555,1.591721,2.35747,3.043326,3.540763,1.888099,
1.995604,1.590947,2.362507,3.043361,3.540532,1.886864,
2.001687,1.590254,2.367191,3.043081,3.540485,1.885915,
2.007474,1.589727,2.371836,3.042897,3.540431,1.884962,
2.013346,1.589065,2.376344,3.043032,3.540611,1.884516,
2.019115,1.588593,2.380573,3.04327,3.540685,1.88431,
2.025078,1.587919,2.384782,3.04289,3.540805,1.884078,
2.030928,1.587436,2.389404,3.042925,3.540832,1.88321,
2.036928,1.586684,2.393959,3.04297,3.540839,1.882456,
2.043012,1.585956,2.398545,3.043065,3.540985,1.882022,
2.049096,1.585148,2.403399,3.04309,3.541004,1.881208,
2.055228,1.584061,2.408192,3.043096,3.541019,1.880335,
2.061278,1.583226,2.412907,3.043053,3.540976,1.879626,
2.067228,1.582051,2.417584,3.043036,3.540936,1.878972,
2.073119,1.580892,2.422302,3.043215,3.541027,1.878327,
2.078804,1.579748,2.42707,3.043152,3.540954,1.87742,
2.084643,1.578383,2.432265,3.043106,3.540934,1.875991,
2.090158,1.576866,2.437633,3.043017,3.540903,1.874219,
2.095968,1.575484,2.440923,3.043069,3.540967,1.874496,
2.101949,1.57365,2.446641,3.043272,3.541018,1.872861,
2.107521,1.57189,2.451856,3.043282,3.541012,1.871344,
2.113359,1.569983,2.457306,3.04329,3.540983,1.869758,
2.119278,1.568013,2.46273,3.043259,3.540975,1.868229,
2.125368,1.565876,2.468416,3.043122,3.540897,1.866407,
2.131143,1.563773,2.47417,3.043155,3.540688,1.864386,
2.137515,1.561381,2.480439,3.04315,3.540683,1.862293,
2.14384,1.559092,2.4866,3.043248,3.540724,1.86034,
2.149987,1.55676,2.493164,3.043193,3.54075,1.857862,
2.156336,1.5542,2.499847,3.043194,3.540725,1.855333,
2.162682,1.551683,2.506266,3.043253,3.54074,1.853072,
2.169065,1.54908,2.512576,3.043258,3.540789,1.850982,
2.175478,1.546383,2.518537,3.0432,3.540818,1.849103,
2.181887,1.543576,2.523982,3.043104,3.540763,1.847549,
2.188242,1.541097,2.529465,3.043184,3.540921,1.846151,
2.194942,1.53824,2.534906,3.042971,3.540699,1.844649,
2.201571,1.535444,2.540288,3.043004,3.540736,1.843317,
2.208193,1.532763,2.545681,3.042762,3.540553,1.841521,
2.2151,1.529786,2.551752,3.042687,3.540539,1.839339,
2.222029,1.526687,2.557755,3.042659,3.540527,1.837291,
2.228928,1.523766,2.564216,3.042799,3.540478,1.834883,
2.235927,1.52082,2.570528,3.042968,3.540759,1.832588,
2.243015,1.517704,2.577199,3.042913,3.540718,1.829861,
2.250186,1.514962,2.583934,3.043058,3.540779,1.827427,
2.257401,1.512037,2.590446,3.043129,3.540891,1.824865,
2.264756,1.509259,2.596853,3.043236,3.540978,1.822555,
2.271939,1.506575,2.603019,3.04336,3.541194,1.820331,
2.279809,1.504014,2.608927,3.04346,3.541265,1.818447,
2.287663,1.50148,2.614865,3.043411,3.541271,1.8165,
2.295561,1.499316,2.620342,3.043308,3.541146,1.814977,
2.303373,1.496939,2.625918,3.043134,3.540923,1.813237,
2.311297,1.494737,2.631434,3.043038,3.540824,1.811412,
2.319025,1.492978,2.637263,3.042966,3.540886,1.809415,
2.327209,1.491486,2.643172,3.043126,3.54086,1.80756,
2.335245,1.490101,2.64921,3.043341,3.541239,1.805696,
2.343549,1.488691,2.655445,3.043217,3.541294,1.803393,
2.351295,1.487555,2.661684,3.043246,3.540989,1.800992,
2.358707,1.486128,2.667626,3.043023,3.540807,1.798534,
2.36567,1.484975,2.673677,3.04299,3.540796,1.795997,
2.372682,1.483727,2.679893,3.042899,3.540707,1.793263,
2.379531,1.482677,2.686015,3.043005,3.540761,1.790784,
2.386205,1.481764,2.692099,3.043035,3.540924,1.788421,
2.392803,1.4808,2.698113,3.043143,3.540923,1.785884,
2.39928,1.479829,2.704156,3.043237,3.540905,1.783214,
2.405475,1.479091,2.710247,3.043218,3.540879,1.780256,
2.411795,1.478581,2.716475,3.043129,3.540879,1.77734,
2.418071,1.478094,2.722716,3.042955,3.540887,1.774354,
2.423775,1.478101,2.728856,3.04306,3.540914,1.771447,
2.429532,1.477986,2.73506,3.043116,3.540847,1.768407,
2.435088,1.478,2.741203,3.043186,3.540839,1.765349,
2.440466,1.478124,2.747296,3.043044,3.540836,1.762235,
2.446078,1.478377,2.753595,3.042848,3.540755,1.758959,
2.451701,1.478889,2.75981,3.04287,3.540834,1.755983,
2.457247,1.479196,2.766205,3.042982,3.540807,1.75268,
2.462863,1.479433,2.772552,3.043152,3.540854,1.749551,
2.468536,1.479852,2.77934,3.043217,3.540966,1.746149,
2.474053,1.479975,2.786252,3.043263,3.540978,1.742427,
2.47951,1.480104,2.793019,3.04343,3.541025,1.738874,
2.485277,1.480214,2.799951,3.043238,3.54103,1.735138,
2.490858,1.480351,2.806938,3.043388,3.540982,1.731401,
2.496569,1.480623,2.813794,3.043403,3.540953,1.727971,
2.50226,1.48078,2.820299,3.043285,3.540865,1.724708,
2.507932,1.480989,2.826662,3.043055,3.540881,1.72178,
2.51361,1.481119,2.833096,3.042907,3.540814,1.718703,
2.518785,1.481098,2.838442,3.042942,3.540791,1.716467,
2.523993,1.481091,2.844154,3.042981,3.540788,1.713948,
2.529137,1.481116,2.849996,3.043046,3.54083,1.711339,
2.5343,1.481043,2.85632,3.04308,3.540752,1.708207,
2.539061,1.480968,2.862248,3.043054,3.540727,1.705304,
2.543575,1.48083,2.868262,3.043062,3.540786,1.702234,
2.548125,1.480901,2.874342,3.043047,3.54073,1.699161,
2.55253,1.480945,2.879881,3.04319,3.540956,1.696839,
2.556873,1.481016,2.885278,3.043217,3.540961,1.69443,
2.561179,1.481069,2.890122,3.043253,3.540992,1.692547,
2.565561,1.481268,2.89448,3.043303,3.541014,1.691354,
2.569766,1.481373,2.898321,3.043299,3.54104,1.69057,
2.573996,1.481562,2.902272,3.043389,3.541023,1.689729,
2.578246,1.482042,2.905843,3.043234,3.541001,1.689432,
2.582525,1.482511,2.91,3.043157,3.54093,1.688563,
2.586756,1.483318,2.914441,3.043348,3.541041,1.687813,
2.590956,1.484047,2.919335,3.043441,3.54098,1.686387,
2.595192,1.48506,2.924649,3.043377,3.540906,1.684748,
2.599585,1.486405,2.931139,3.043208,3.540805,1.682177,
2.603599,1.48761,2.936898,3.043293,3.540824,1.680093,
2.607672,1.489089,2.943043,3.043214,3.540798,1.677699,
2.612456,1.491053,2.949603,3.043321,3.540881,1.675499,
2.617034,1.492867,2.95595,3.043318,3.540899,1.673361,
2.621378,1.494853,2.961985,3.043288,3.540904,1.67145,
2.626561,1.49702,2.968003,3.043255,3.540908,1.669917,
2.630951,1.499179,2.973231,3.043289,3.540901,1.668896,
2.635127,1.501601,2.978548,3.043315,3.540875,1.667657,
2.639513,1.503878,2.982952,3.04337,3.540941,1.667612,
2.643617,1.50641,2.987195,3.043314,3.540933,1.667526,
2.647008,1.509193,2.991114,3.043257,3.540894,1.667561,
2.652236,1.512451,2.996217,3.043195,3.540936,1.667459,
2.655958,1.515325,2.999974,3.043144,3.540916,1.667878,
2.659346,1.518193,3.00383,3.043165,3.540914,1.667899,
2.662696,1.52089,3.007442,3.043222,3.540894,1.667957,
2.665855,1.523162,3.010797,3.043266,3.540907,1.667972,
2.669077,1.525384,3.014221,3.043199,3.540855,1.667848,
2.671767,1.527027,3.017319,3.043093,3.540761,1.66731,
2.674507,1.528398,3.02003,3.043115,3.540758,1.667113,
2.677191,1.529801,3.02264,3.043087,3.540774,1.666932,
2.679579,1.530628,3.024716,3.043238,3.540851,1.6668,
2.681998,1.53117,3.026486,3.043192,3.540857,1.666682,
2.684472,1.531702,3.028398,3.04313,3.540817,1.666465,
2.68667,1.531519,3.029399,3.043184,3.540869,1.666638,
2.689035,1.531451,3.030901,3.043087,3.540878,1.666411,
2.691177,1.531172,3.032049,3.043057,3.540865,1.66629,
2.693044,1.530784,3.032998,3.04299,3.540838,1.666201,
2.694918,1.529857,3.03365,3.043136,3.540871,1.666147,
2.696824,1.528969,3.034191,3.04321,3.540927,1.666264,
2.698397,1.527761,3.034325,3.043132,3.540924,1.666383,
2.699987,1.526505,3.034249,3.043132,3.540916,1.66662,
2.701611,1.52522,3.034109,3.04293,3.540678,1.666865,
2.703169,1.523947,3.034198,3.042858,3.540613,1.666929,
2.704784,1.52259,3.034024,3.042823,3.540614,1.66727,
2.706386,1.521245,3.034029,3.042751,3.5405,1.667396,
2.707682,1.519935,3.034235,3.04271,3.540565,1.667329,
2.709172,1.518547,3.034313,3.042976,3.540535,1.667396,
2.710582,1.517075,3.034763,3.042989,3.540803,1.667018,
2.711681,1.515653,3.035008,3.042885,3.540726,1.666582,
2.712979,1.51419,3.035346,3.043041,3.540733,1.666262,
2.714131,1.512787,3.035379,3.04311,3.540817,1.666166,
2.715374,1.511743,3.035092,3.043131,3.5409,1.666527,
2.717023,1.510823,3.03473,3.043002,3.540915,1.667153,
2.718584,1.510014,3.034081,3.043005,3.540906,1.66805,
2.72012,1.509644,3.033905,3.043079,3.541111,1.66885,
2.7219,1.509514,3.033455,3.043133,3.541176,1.669924,
2.723815,1.509488,3.033844,3.043188,3.541177,1.670336,
2.725905,1.510203,3.034906,3.043012,3.540975,1.670381,
2.727912,1.510958,3.036823,3.042854,3.540971,1.669769,
2.729906,1.511906,3.039191,3.043048,3.541041,1.668977,
2.731971,1.513489,3.042198,3.043044,3.541099,1.667916,
2.73365,1.514925,3.045136,3.043057,3.541121,1.666632,
2.735601,1.516339,3.048354,3.043237,3.541106,1.665275,
2.73715,1.518266,3.050609,3.043076,3.541063,1.664776,
2.738532,1.520445,3.054217,3.043126,3.541056,1.663064,
2.739538,1.522745,3.057669,3.043245,3.541094,1.661541,
2.740463,1.525062,3.061965,3.043296,3.541082,1.659109,
2.741142,1.527571,3.065181,3.043179,3.5411,1.657736,
2.741559,1.530179,3.068003,3.043169,3.541049,1.656666,
2.741549,1.532771,3.070506,3.043137,3.54084,1.655562,
2.741283,1.535539,3.072564,3.042966,3.540912,1.65495,
2.740954,1.538563,3.0745,3.04303,3.540782,1.654633,
2.740231,1.541596,3.076149,3.043075,3.540765,1.654467,
2.739416,1.54463,3.077954,3.043146,3.540776,1.654238,
2.738451,1.547682,3.07987,3.043108,3.540766,1.653764,
2.737403,1.550864,3.082038,3.043158,3.540836,1.653241,
2.73608,1.553927,3.084287,3.042975,3.540848,1.652467,
2.734518,1.557084,3.08656,3.043005,3.54084,1.651601,
2.732652,1.560035,3.087943,3.043066,3.540913,1.651475,
2.730647,1.56347,3.090168,3.042888,3.540795,1.650498,
2.729044,1.566671,3.092385,3.043014,3.540862,1.649886,
2.727226,1.570136,3.094489,3.042818,3.540828,1.649408,
2.725064,1.573375,3.096379,3.043013,3.540853,1.648986,
2.722914,1.576604,3.097938,3.042995,3.540848,1.6488,
2.720943,1.579715,3.099514,3.04298,3.54085,1.64859,
2.718819,1.582794,3.100907,3.043073,3.5409,1.648602,
2.716516,1.585829,3.102255,3.043079,3.540869,1.648436,
2.71417,1.588836,3.103343,3.043227,3.540965,1.648634,
2.711666,1.591807,3.104263,3.043282,3.54101,1.648943,
2.709187,1.594731,3.105182,3.043348,3.541062,1.649179,
2.706365,1.597539,3.105901,3.04333,3.540981,1.649336,
2.70193,1.600306,3.105671,3.043081,3.540973,1.649848,
2.699246,1.603487,3.106093,3.043072,3.540926,1.650598,
2.696577,1.606737,3.106558,3.043195,3.541092,1.651589,
2.694732,1.610378,3.107411,3.043119,3.541052,1.65258,
2.694849,1.614428,3.109335,3.043082,3.541041,1.653679,
2.692035,1.617596,3.109663,3.042947,3.540926,1.654702,
2.689287,1.620724,3.110132,3.043067,3.540923,1.655851,
2.686871,1.623926,3.110421,3.042937,3.54084,1.657255,
2.684229,1.627399,3.111022,3.043021,3.540906,1.658679,
2.681699,1.630766,3.111567,3.043096,3.540882,1.660138,
2.679067,1.634315,3.112231,3.043068,3.540851,1.661603,
2.676409,1.637735,3.112849,3.04315,3.540918,1.663135,
2.674095,1.641257,3.113535,3.043207,3.540985,1.664822,
2.671824,1.644712,3.114034,3.043156,3.540985,1.666557,
2.670059,1.648928,3.115136,3.043131,3.540878,1.668263,
2.668999,1.653353,3.116881,3.043128,3.540926,1.669933,
2.667426,1.657963,3.118642,3.043041,3.540924,1.671604,
2.666234,1.662699,3.120479,3.043046,3.540904,1.673444,
2.665152,1.667482,3.122306,3.043083,3.540909,1.675326,
2.663975,1.672352,3.124086,3.043272,3.540977,1.677459,
2.662811,1.677376,3.126105,3.043199,3.541171,1.679484,
2.662083,1.682271,3.127937,3.043247,3.541179,1.681739,
2.661248,1.687235,3.129822,3.043068,3.541117,1.683961,
2.660501,1.692647,3.132048,3.042922,3.5409,1.686085,
2.660232,1.697603,3.134142,3.043198,3.54094,1.688777,
2.659508,1.702687,3.136104,3.043262,3.540967,1.691436,
2.65919,1.70798,3.138352,3.042978,3.540873,1.694083,
2.659189,1.713228,3.140633,3.04286,3.540785,1.697033,
2.659018,1.71811,3.142578,3.042971,3.540817,1.700322,
2.658422,1.72296,3.144444,3.043032,3.540998,1.703666,
2.658275,1.72751,3.14633,3.042848,3.54079,1.706808,
2.657318,1.731523,3.147682,3.042857,3.540768,1.710058,
2.656846,1.735475,3.149,3.042929,3.540975,1.713644,
2.655689,1.73849,3.150175,3.04307,3.541097,1.716573,
2.653986,1.741106,3.150942,3.043087,3.541108,1.719385,
2.652669,1.74303,3.151448,3.043124,3.540969,1.722148,
2.650941,1.744387,3.152053,3.043206,3.541052,1.72443,
2.648423,1.74539,3.151962,3.043048,3.54098,1.726756,
2.646065,1.745926,3.151749,3.043242,3.541023,1.729048,
2.643648,1.746041,3.151528,3.043151,3.540959,1.730924,
2.640636,1.746162,3.1513,3.042992,3.540909,1.73257,
2.637897,1.746209,3.151073,3.043064,3.540928,1.734354,
2.635359,1.746407,3.151361,3.04312,3.54091,1.735819,
2.632532,1.746796,3.151745,3.04304,3.540913,1.737088,
2.629791,1.746958,3.152149,3.043153,3.540876,1.738226,
2.626946,1.746829,3.152319,3.043221,3.5409,1.739338,
2.623851,1.746916,3.152314,3.043298,3.540937,1.740556,
2.620871,1.746858,3.152549,3.043309,3.540914,1.741385,
2.617926,1.746777,3.152801,3.043255,3.540881,1.742204,
2.61494,1.746485,3.153087,3.043207,3.540851,1.742764,
2.611956,1.745978,3.153145,3.043294,3.54085,1.743491,
2.609001,1.745279,3.153404,3.043322,3.540861,1.743786,
2.605735,1.744585,3.153364,3.043303,3.540836,1.74418,
2.602509,1.74396,3.153266,3.043362,3.540923,1.744674,
2.599427,1.743151,3.153422,3.043342,3.540909,1.74474,
2.596543,1.742243,3.153644,3.043338,3.5409,1.744798,
2.593999,1.741487,3.153901,3.043373,3.540871,1.745028,
2.591494,1.740672,3.15417,3.043451,3.540923,1.745289,
2.589074,1.740098,3.154521,3.043422,3.54093,1.745482,
2.586586,1.739522,3.154808,3.043433,3.540885,1.745732,
2.58401,1.73891,3.154976,3.043425,3.540901,1.745982,
2.581518,1.738301,3.155162,3.043357,3.540876,1.746161,
2.579091,1.737656,3.155213,3.043289,3.540929,1.746497,
2.576937,1.737181,3.15542,3.04307,3.540921,1.746836,
2.57493,1.736698,3.155931,3.043141,3.540976,1.747013,
2.572637,1.736331,3.156286,3.04321,3.540975,1.747255,
2.570309,1.73576,3.156445,3.043311,3.541037,1.747607,
2.56832,1.735117,3.156706,3.043129,3.541089,1.74781,
2.566363,1.734894,3.157123,3.043147,3.540861,1.747956,
2.564784,1.734467,3.157621,3.04319,3.540857,1.748334,
2.56347,1.734155,3.158512,3.043301,3.540884,1.748456,
2.562161,1.733813,3.159207,3.043318,3.540884,1.748748,
2.560813,1.733379,3.159861,3.043214,3.540925,1.748956,
2.559513,1.733023,3.160769,3.043353,3.541126,1.749126,
2.558415,1.732718,3.161646,3.043278,3.541056,1.749346,
2.557263,1.732445,3.162647,3.043377,3.541043,1.749462,
2.556211,1.732059,3.163624,3.043396,3.541048,1.749573,
2.555308,1.731849,3.164691,3.043271,3.541045,1.74975,
2.554482,1.731667,3.165949,3.043288,3.541042,1.749839,
2.553817,1.731527,3.167016,3.043128,3.541021,1.750087,
2.552701,1.731277,3.167865,3.043172,3.540994,1.750577,
2.551853,1.731176,3.169432,3.043143,3.540944,1.750395,
2.551237,1.731213,3.170705,3.043207,3.541123,1.750781,
2.55069,1.731363,3.172314,3.043217,3.540988,1.750799,
2.55012,1.731334,3.173962,3.043322,3.540995,1.750855,
2.54972,1.731228,3.175635,3.043216,3.540998,1.750721,
2.54923,1.731246,3.177255,3.043154,3.541024,1.750857,
2.548707,1.731247,3.179218,3.04308,3.540987,1.750384,
2.548027,1.731394,3.180951,3.043267,3.540949,1.750153,
2.547358,1.731443,3.183425,3.043407,3.540952,1.749065,
2.547071,1.731543,3.185845,3.043475,3.540978,1.74833,
2.547109,1.731704,3.188622,3.043402,3.541075,1.747307,
2.546594,1.732066,3.191766,3.043562,3.541075,1.746004,
2.546475,1.732403,3.194975,3.04356,3.541072,1.744707,
2.546361,1.73274,3.198333,3.043439,3.54092,1.743071,
2.546012,1.733175,3.201679,3.043457,3.541032,1.741731,
2.545724,1.733683,3.205375,3.043489,3.541021,1.740112,
2.545682,1.733962,3.209013,3.043394,3.540997,1.738494,
2.545453,1.734743,3.212852,3.043237,3.540977,1.736929,
2.545274,1.735467,3.216766,3.043286,3.540956,1.735297,
2.545045,1.73649,3.221071,3.043391,3.540962,1.733382,
2.544659,1.737529,3.225105,3.043282,3.54096,1.731714,
2.544423,1.738556,3.229417,3.04321,3.540902,1.72967,
2.544209,1.739482,3.234029,3.043289,3.540918,1.727203,
2.543989,1.740777,3.237939,3.043202,3.54087,1.725703,
2.543899,1.741825,3.242191,3.043232,3.540864,1.723634,
2.543705,1.743029,3.246527,3.043323,3.541006,1.721502,
2.54338,1.744194,3.249707,3.043312,3.541013,1.720445,
2.543357,1.745194,3.253806,3.043303,3.540962,1.718023,
2.543069,1.746203,3.257894,3.043102,3.540895,1.715487,
2.54309,1.747052,3.261332,3.043236,3.54089,1.713538,
2.543552,1.747731,3.264991,3.043287,3.540936,1.711312,
2.543518,1.748024,3.268238,3.04329,3.540872,1.708664,
2.54372,1.748464,3.270185,3.04372,3.540873,1.707609,
2.544135,1.748676,3.272601,3.043573,3.540869,1.705761,
2.544203,1.748567,3.274788,3.04339,3.54077,1.703623,
2.544431,1.748506,3.275642,3.043772,3.540784,1.703165,
2.545234,1.748071,3.276816,3.043622,3.540825,1.701742,
2.545519,1.747292,3.277548,3.043432,3.540864,1.700433,
2.54586,1.746768,3.277717,3.043531,3.540864,1.699839,
2.546444,1.745457,3.277772,3.043456,3.540854,1.698439,
2.546441,1.74433,3.278179,3.042962,3.540669,1.696357,
2.546252,1.742507,3.27724,3.043148,3.540637,1.695009,
2.546451,1.740658,3.276464,3.043101,3.54059,1.693713,
2.546062,1.738393,3.275198,3.043131,3.540553,1.692146,
2.545828,1.736136,3.273624,3.043148,3.540679,1.691111,
2.545705,1.733811,3.271725,3.043149,3.540712,1.690182,
2.545393,1.731528,3.26997,3.04314,3.540676,1.689103,
2.544956,1.728904,3.267547,3.043014,3.540806,1.688405,
2.544745,1.726359,3.266268,3.042801,3.54054,1.686568,
2.543981,1.723768,3.263762,3.04276,3.540484,1.686033,
2.543302,1.721092,3.261195,3.042869,3.540529,1.68591,
2.542549,1.718351,3.258826,3.042946,3.540714,1.685299,
2.541462,1.715468,3.256076,3.042799,3.540629,1.685132,
2.540381,1.712896,3.253505,3.042793,3.540706,1.685339,
2.538961,1.709861,3.25112,3.04273,3.54085,1.68477,
2.537559,1.706816,3.248454,3.04281,3.540845,1.684543,
2.536055,1.703836,3.245934,3.042729,3.540723,1.684193,
2.53403,1.700945,3.243222,3.042807,3.540764,1.684055,
2.532195,1.698261,3.240418,3.042984,3.540751,1.68449,
2.530283,1.695787,3.23879,3.043124,3.541073,1.684024,
2.528215,1.693773,3.236941,3.042989,3.540973,1.68387,
2.52605,1.691901,3.235081,3.043037,3.541,1.684,
2.523932,1.690355,3.234072,3.043036,3.540964,1.683601,
2.521541,1.689077,3.233196,3.043006,3.540969,1.683056,
2.51909,1.687998,3.232686,3.043185,3.541055,1.682375,
2.51664,1.687012,3.233031,3.043082,3.540999,1.680915,
2.513942,1.686201,3.232501,3.043072,3.540964,1.68034,
2.511117,1.685335,3.231696,3.04302,3.540961,1.680183,
2.508153,1.684512,3.23085,3.043105,3.540879,1.680235,
2.505171,1.684103,3.230631,3.043031,3.540824,1.679637,
2.502136,1.683816,3.230342,3.043169,3.54091,1.679421,
2.498751,1.683504,3.230008,3.043007,3.540497,1.678943,
2.495498,1.683425,3.230435,3.042878,3.540411,1.677961,
2.491962,1.683077,3.230113,3.042881,3.540551,1.677716,
2.488357,1.682984,3.229845,3.042947,3.540267,1.677257,
2.484843,1.683175,3.229466,3.043169,3.540556,1.67759,
2.481343,1.68337,3.229131,3.043092,3.54049,1.677765,
2.477664,1.683538,3.22885,3.043326,3.54065,1.678164,
2.47393,1.684084,3.228193,3.04335,3.540729,1.679126,
2.470564,1.684793,3.22819,3.043133,3.540539,1.679454,
2.466806,1.68574,3.228443,3.043407,3.540848,1.680124,
2.463795,1.687101,3.228228,3.043555,3.540883,1.681585,
2.460426,1.688563,3.228915,3.043552,3.540909,1.682065,
2.457215,1.690285,3.229705,3.043206,3.541018,1.683003,
2.454192,1.692758,3.231103,3.043165,3.540722,1.683604,
2.450958,1.694876,3.232176,3.043198,3.540692,1.684237,
2.447825,1.697336,3.23288,3.043474,3.54091,1.685913,
2.444931,1.700094,3.233835,3.043479,3.540914,1.68754,
2.441633,1.702605,3.235313,3.043452,3.540946,1.688251,
2.438083,1.705618,3.237026,3.043635,3.540928,1.689012,
2.435569,1.708605,3.238286,3.043647,3.54094,1.690707,
2.432352,1.7117,3.240308,3.043565,3.541051,1.691501,
2.429115,1.715388,3.242343,3.043299,3.54074,1.692454,
2.426755,1.719252,3.244559,3.04343,3.540763,1.693948,
2.423819,1.723088,3.247086,3.043423,3.540775,1.695045,
2.420681,1.727563,3.249077,3.0437,3.540964,1.697589,
2.418406,1.732027,3.252442,3.043658,3.540972,1.698896,
2.416066,1.737054,3.255941,3.043604,3.540945,1.700347,
2.41381,1.743312,3.259961,3.043536,3.540891,1.702324,
2.412373,1.749925,3.265606,3.043586,3.540911,1.703131,
2.410661,1.756708,3.270622,3.043497,3.540805,1.704646,
2.408401,1.764257,3.275588,3.043641,3.540886,1.707406,
2.407259,1.772334,3.281683,3.043618,3.540845,1.709549,
2.405624,1.779775,3.286515,3.043658,3.540878,1.712527,
2.403834,1.787637,3.292838,3.043777,3.540792,1.714422,
2.403222,1.795565,3.299235,3.043726,3.540756,1.71644,
2.401845,1.802728,3.305186,3.043765,3.540707,1.718231,
2.400556,1.810112,3.310867,3.043811,3.540679,1.720959,
2.399489,1.816949,3.316457,3.043825,3.540731,1.723304,
2.397965,1.823165,3.321392,3.044197,3.540912,1.726107,
2.396446,1.829204,3.326578,3.044113,3.54089,1.728479,
2.395054,1.834914,3.33097,3.044062,3.54086,1.731527,
2.392922,1.840041,3.334998,3.044017,3.540989,1.734367,
2.391171,1.845263,3.339448,3.044207,3.541061,1.737234,
2.388965,1.850403,3.343631,3.044272,3.541084,1.740001,
2.386681,1.85525,3.346668,3.044101,3.540924,1.743751,
2.384594,1.859953,3.349739,3.043751,3.540851,1.747645,
2.382355,1.864536,3.353286,3.043769,3.540836,1.750717,
2.380047,1.868495,3.356113,3.043715,3.540993,1.754542,
2.377848,1.872085,3.358863,3.043389,3.541018,1.757933,
2.375206,1.875368,3.36106,3.04341,3.541038,1.761862,
2.372797,1.878354,3.362973,3.043159,3.540978,1.766185,
2.370438,1.880799,3.365105,3.043481,3.541017,1.769964,
2.367678,1.883215,3.366486,3.043616,3.541069,1.774557,
2.364957,1.885417,3.367714,3.043481,3.540849,1.778887,
2.362468,1.887412,3.369311,3.043527,3.540864,1.783097,
2.359896,1.889416,3.370113,3.043724,3.540945,1.788294,
2.357651,1.891819,3.371899,3.043626,3.540841,1.792745,
2.355303,1.893723,3.371726,3.043737,3.540854,1.798748,
2.353275,1.895629,3.37329,3.043654,3.540812,1.803033,
2.351211,1.897468,3.373083,3.043701,3.540915,1.809476,
2.349293,1.899018,3.373456,3.043539,3.540936,1.815212,
2.347046,1.900388,3.373644,3.043472,3.540921,1.820965,
2.345183,1.901782,3.373828,3.043288,3.54089,1.82704,
2.343322,1.902755,3.372961,3.043209,3.54086,1.834421,
2.340858,1.903585,3.372806,3.043328,3.540915,1.84075,
2.338701,1.90451,3.372373,3.043382,3.540838,1.847638,
2.336739,1.904621,3.371556,3.04333,3.540861,1.854712,
2.334131,1.904693,3.37062,3.043405,3.540912,1.86159,
2.332304,1.904872,3.369701,3.043364,3.540876,1.869222,
2.330879,1.904851,3.369282,3.043433,3.540918,1.875974,
2.328951,1.905156,3.368525,3.043545,3.540975,1.883366,
2.327366,1.9059,3.369178,3.043464,3.540833,1.889411,
2.32632,1.906197,3.369534,3.04354,3.540825,1.895738,
2.324518,1.906633,3.369574,3.043596,3.540841,1.902275,
2.323023,1.906877,3.368631,3.043507,3.54078,1.909737,
2.321892,1.906275,3.368207,3.043535,3.540712,1.915644,
2.320281,1.905777,3.367602,3.04355,3.540683,1.921443,
2.318979,1.905609,3.365609,3.043595,3.540917,1.929416,
2.317908,1.904898,3.364711,3.043417,3.540852,1.93529,
2.316221,1.904217,3.363584,3.04336,3.540817,1.941259,
2.315318,1.90377,3.362995,3.043316,3.540858,1.947305,
2.314294,1.902221,3.360459,3.043255,3.540827,1.954043,
2.313057,1.900687,3.358627,3.043242,3.540821,1.959962,
2.312096,1.899643,3.356011,3.043106,3.540795,1.967206,
2.311323,1.898383,3.353937,3.043143,3.540823,1.973457,
2.309968,1.897547,3.351987,3.043271,3.540878,1.979499,
2.308689,1.896924,3.348768,3.043221,3.541001,1.987185,
2.307873,1.895997,3.346875,3.043156,3.540963,1.992743,
2.306688,1.895148,3.344687,3.043226,3.540991,1.998363,
2.30548,1.894423,3.341554,3.04325,3.541003,2.00516,
2.304494,1.893007,3.338863,3.043315,3.541068,2.010349,
2.303001,1.891619,3.336132,3.043364,3.541088,2.015385,
2.301414,1.89016,3.332193,3.043264,3.541113,2.021663,
2.299851,1.888271,3.329294,3.043262,3.541138,2.026328,
2.297722,1.886379,3.326149,3.043291,3.541157,2.031319,
2.296138,1.884608,3.322004,3.043112,3.540943,2.037661,
2.294078,1.882233,3.318854,3.043032,3.540822,2.042127,
2.291347,1.879425,3.315733,3.042861,3.540824,2.046424,
2.288668,1.876536,3.311533,3.042856,3.540706,2.051707,
2.285852,1.873098,3.307767,3.042811,3.540634,2.055804,
2.282515,1.869509,3.303807,3.042869,3.54066,2.060075,
2.279282,1.865974,3.299167,3.04289,3.540693,2.06507,
2.276548,1.862808,3.295523,3.042925,3.540695,2.069116,
2.274006,1.860724,3.292861,3.043016,3.540715,2.072969,
2.271961,1.859669,3.290784,3.043083,3.540733,2.077284,
2.270193,1.859223,3.289443,3.043097,3.540727,2.081267,
2.268041,1.859186,3.28846,3.04312,3.540711,2.085164,
2.266328,1.859774,3.287952,3.043167,3.540785,2.089242,
2.264678,1.860489,3.287111,3.043186,3.540768,2.093889,
2.263063,1.861627,3.287465,3.043165,3.540783,2.097526,
2.261393,1.862571,3.286762,3.043068,3.540817,2.1019,
2.259944,1.863713,3.286694,3.04306,3.540819,2.10582,
2.25826,1.865411,3.286878,3.04311,3.540821,2.109808,
2.25666,1.867057,3.286555,3.04314,3.540822,2.114531,
2.255031,1.869211,3.287082,3.043081,3.540795,2.118536,
2.253208,1.871345,3.287533,3.042977,3.540656,2.122811,
2.251458,1.873918,3.288643,3.043126,3.540732,2.126539,
2.249688,1.876427,3.289615,3.043034,3.54069,2.130589,
2.247552,1.879303,3.291112,3.043108,3.540689,2.134382,
2.245646,1.881987,3.29231,3.043043,3.540739,2.138626,
2.243639,1.885301,3.293888,3.043109,3.540808,2.14313,
2.241277,1.888755,3.295908,3.04304,3.540689,2.147054,
2.239129,1.892636,3.298295,3.043157,3.540689,2.15138,
2.236983,1.897071,3.301339,3.043006,3.540702,2.155615,
2.234554,1.901518,3.304401,3.043068,3.540805,2.159928,
2.232179,1.906186,3.308141,3.043116,3.540805,2.16387,
2.22982,1.911004,3.312043,3.043126,3.540821,2.168047,
2.22753,1.915751,3.315747,3.042992,3.540772,2.172575,
2.225066,1.921138,3.319432,3.042937,3.540737,2.177717,
2.222647,1.926355,3.323972,3.04272,3.540646,2.181844,
2.220026,1.931548,3.329037,3.042708,3.540673,2.185605,
2.217644,1.937345,3.333337,3.042809,3.540726,2.19134,
2.215157,1.943042,3.33896,3.043056,3.540785,2.195587,
2.212414,1.948965,3.344076,3.043037,3.540805,2.200353,
2.209846,1.955298,3.349113,3.043085,3.540802,2.206226,
2.207514,1.961697,3.355744,3.043118,3.540765,2.210672,
2.204777,1.968468,3.362205,3.043195,3.540782,2.215447,
2.202134,1.975266,3.368386,3.043276,3.540811,2.221571,
2.199602,1.982133,3.375862,3.043296,3.540796,2.226196,
2.196885,1.989165,3.383592,3.043349,3.54089,2.231127,
2.194274,1.996213,3.390393,3.043373,3.540921,2.23777,
2.191646,2.003472,3.398631,3.043403,3.54093,2.242925,
2.18886,2.010586,3.406534,3.043345,3.540816,2.248372,
2.186058,2.017562,3.414763,3.043344,3.540842,2.254057,
2.183413,2.024559,3.423437,3.043184,3.540824,2.259509,
2.180336,2.031192,3.431782,3.043149,3.540897,2.265241,
2.177536,2.038158,3.439281,3.043013,3.540871,2.273088,
2.174399,2.044215,3.447642,3.043108,3.540867,2.279069,
2.171046,2.049684,3.455179,3.043096,3.54093,2.28537,
2.167603,2.054427,3.46189,3.043054,3.540969,2.292413,
2.164468,2.059157,3.468754,3.043024,3.540894,2.298755,
2.16136,2.063503,3.475519,3.043202,3.540926,2.30488,
2.158522,2.068298,3.481593,3.043132,3.540921,2.312195,
2.155384,2.07301,3.488238,3.043036,3.540879,2.318983,
2.151797,2.077423,3.495119,3.043096,3.541018,2.325038,
2.14784,2.081407,3.500956,3.043222,3.541022,2.332357,
2.143912,2.085247,3.507223,3.043197,3.54098,2.338755,
2.139612,2.08847,3.512942,3.042901,3.540849,2.345026,
2.135689,2.092107,3.51897,3.042876,3.540804,2.351647,
2.131829,2.095896,3.52563,3.043083,3.540987,2.357841,
2.127768,2.099481,3.531964,3.042963,3.540675,2.363811,
2.12372,2.103297,3.538265,3.043028,3.540655,2.37078,
2.119425,2.107133,3.545339,3.043003,3.54067,2.376804,
2.114897,2.109666,3.551727,3.043255,3.540764,2.382412,
2.110434,2.112445,3.557547,3.043107,3.540664,2.38888,
2.105931,2.115392,3.563923,3.043233,3.540645,2.394514,
2.100925,2.117537,3.569988,3.043464,3.540798,2.399585,
2.096363,2.119515,3.575054,3.043389,3.540844,2.405966,
2.091847,2.121863,3.581069,3.043374,3.540786,2.411149,
2.087364,2.123213,3.585903,3.043458,3.540937,2.416575,
2.083028,2.124839,3.590281,3.043248,3.540987,2.422888,
2.078742,2.12679,3.595509,3.043115,3.54093,2.427893,
2.074749,2.128452,3.600102,3.043117,3.540959,2.433168,
2.070467,2.130281,3.603858,3.043171,3.541022,2.439313,
2.066171,2.132476,3.608276,3.043137,3.540898,2.444002,
2.061986,2.134318,3.612102,3.042922,3.54078,2.449054,
2.058159,2.136626,3.614876,3.043014,3.540787,2.45554,
2.054116,2.139189,3.618623,3.043064,3.54079,2.459968,
2.05022,2.141091,3.621425,3.043133,3.54072,2.464354,
2.046569,2.143185,3.623775,3.043043,3.540522,2.469855,
2.043297,2.14534,3.626367,3.043051,3.540537,2.474212,
2.039633,2.14682,3.628435,3.043068,3.540702,2.478271,
2.036155,2.148614,3.630079,3.043069,3.54067,2.483399,
2.032876,2.150475,3.631732,3.043006,3.540557,2.487531,
2.029634,2.151983,3.632991,3.042995,3.540458,2.491775,
2.026711,2.153606,3.633772,3.043074,3.54047,2.496738,
2.024074,2.155491,3.634744,3.042995,3.540403,2.500903,
2.021428,2.157217,3.635908,3.043212,3.540578,2.505044,
2.018775,2.158659,3.635718,3.043408,3.540624,2.510278,
2.016494,2.16048,3.636818,3.043349,3.540573,2.513841,
2.014248,2.162167,3.637496,3.043389,3.540536,2.517464,
2.01248,2.163956,3.638014,3.043331,3.540509,2.522121,
2.011012,2.165824,3.639228,3.043345,3.540479,2.525852,
2.009204,2.167309,3.64077,3.043048,3.540427,2.528373,
2.00798,2.169042,3.640814,3.0429,3.540508,2.533798,
2.006891,2.170751,3.642274,3.042897,3.540501,2.537247,
2.005971,2.172138,3.643294,3.043025,3.540638,2.541126,
2.005201,2.173769,3.643965,3.043118,3.540623,2.545866,
2.005062,2.175453,3.645286,3.042916,3.54071,2.549773,
2.00421,2.176553,3.646202,3.042947,3.540658,2.553051,
2.004109,2.178553,3.647088,3.042788,3.540649,2.5583,
2.004026,2.180035,3.647938,3.042806,3.540691,2.562752,
2.003733,2.181251,3.647779,3.042789,3.540719,2.568335,
2.003884,2.182762,3.648294,3.042937,3.540816,2.573238,
2.004275,2.184173,3.648672,3.043145,3.540825,2.578056,
2.004569,2.185329,3.647117,3.043151,3.540836,2.588748,
2.005893,2.187764,3.648823,3.04311,3.540772,2.592808,
2.006154,2.188504,3.648135,3.043199,3.540852,2.598014,
2.006834,2.189537,3.647825,3.043163,3.540858,2.603212,
2.007755,2.190402,3.648063,3.043144,3.540791,2.6071,
2.008741,2.19094,3.647087,3.043186,3.540914,2.61234,
2.010022,2.191901,3.645997,3.043183,3.540898,2.61824,
2.0114,2.192883,3.646141,3.043218,3.540932,2.622118,
2.012457,2.193636,3.644932,3.043298,3.540903,2.627046,
2.013693,2.194455,3.643915,3.043297,3.540857,2.631762,
2.014981,2.195177,3.643003,3.043377,3.540876,2.636079,
2.016422,2.195894,3.641362,3.043355,3.540827,2.641317,
2.018149,2.196771,3.639269,3.043309,3.540852,2.647525,
2.020207,2.197956,3.638607,3.04324,3.540807,2.651933,
2.022164,2.199042,3.63693,3.043221,3.540809,2.657466,
2.024165,2.200046,3.633945,3.043321,3.540814,2.664956,
2.026354,2.200851,3.632271,3.0434,3.540791,2.670096,
2.028839,2.201649,3.629491,3.043114,3.540634,2.676627,
2.031475,2.202272,3.626657,3.043128,3.540672,2.682836,
2.034321,2.202681,3.624343,3.043088,3.540602,2.688006,
2.037497,2.203248,3.621174,3.043128,3.54078,2.694732,
2.041166,2.203582,3.617711,3.042894,3.540744,2.701475,
2.044485,2.204142,3.615036,3.042866,3.540741,2.706969,
2.048275,2.204272,3.610847,3.043064,3.540829,2.713741,
2.052572,2.204259,3.605663,3.043168,3.540801,2.721564,
2.056943,2.204294,3.601459,3.0431,3.540754,2.727608,
2.061538,2.203975,3.596019,3.043111,3.540588,2.734788,
2.066439,2.20338,3.59084,3.043134,3.540603,2.740971,
2.071258,2.202902,3.585381,3.043149,3.540585,2.747615,
2.076676,2.202591,3.579918,3.043194,3.540685,2.754328,
2.082168,2.201293,3.573282,3.043296,3.540708,2.760988,
2.087635,2.200505,3.567604,3.043262,3.540695,2.766925,
2.093781,2.19942,3.561282,3.043201,3.540684,2.773206,
2.100109,2.197923,3.554227,3.043332,3.540733,2.780022,
2.106352,2.196757,3.548187,3.043352,3.54072,2.785569,
2.112807,2.1952,3.540936,3.043424,3.540872,2.792372,
2.119633,2.193349,3.533701,3.043465,3.540871,2.79875,
2.126102,2.191974,3.527066,3.043418,3.540829,2.804816,
2.133429,2.190532,3.519587,3.043426,3.54088,2.812201,
2.140633,2.188506,3.512121,3.043352,3.540886,2.818676,
2.147522,2.186673,3.505477,3.043311,3.540785,2.824403,
2.154538,2.184735,3.498313,3.043235,3.540673,2.830601,
2.16182,2.182785,3.491245,3.043155,3.540619,2.837203,
2.168723,2.180893,3.484688,3.04321,3.540661,2.843372,
2.175598,2.179024,3.477966,3.043357,3.540738,2.849817,
2.182643,2.176924,3.471771,3.043155,3.540717,2.85519,
2.189153,2.17511,3.465755,3.043103,3.540682,2.860631,
2.1954,2.17324,3.457919,3.043208,3.540684,2.868393,
2.201837,2.171252,3.453166,3.043216,3.540669,2.872053,
2.208047,2.169066,3.447871,3.043146,3.540633,2.876476,
2.21385,2.166944,3.442517,3.043097,3.540752,2.880925,
2.219846,2.165032,3.437515,3.043242,3.54081,2.885108,
2.225063,2.163239,3.432711,3.043408,3.540898,2.888803,
2.23042,2.161415,3.427517,3.043234,3.540687,2.892998,
2.235375,2.159567,3.423403,3.043314,3.540749,2.896059,
2.239876,2.157667,3.418991,3.043337,3.540768,2.899366,
2.244795,2.156017,3.414566,3.043139,3.540855,2.903493,
2.249139,2.154342,3.411216,3.043187,3.540775,2.905844,
2.253165,2.152692,3.407435,3.043187,3.540761,2.908983,
2.257169,2.151373,3.403664,3.043314,3.540749,2.912718,
2.260873,2.149795,3.400144,3.043293,3.540871,2.916089,
2.264148,2.148473,3.397668,3.043266,3.540865,2.918385,
2.267508,2.14729,3.394228,3.043437,3.54095,2.922814,
2.270701,2.145834,3.392076,3.043278,3.540751,2.9251,
2.273287,2.144827,3.389562,3.043084,3.540678,2.928732,
2.27628,2.143911,3.387295,3.043079,3.540478,2.932214,
2.278757,2.143227,3.385111,3.043071,3.540648,2.936335,
2.281039,2.142479,3.382971,3.042936,3.540625,2.94014,
2.282986,2.142057,3.380964,3.042958,3.540445,2.944164,
2.284882,2.141541,3.37903,3.043057,3.540574,2.947947,
2.286552,2.141202,3.377688,3.043152,3.540628,2.951476,
2.288184,2.140985,3.375571,3.043109,3.540597,2.955979,
2.289661,2.140838,3.375074,3.043187,3.540597,2.958725,
2.290989,2.140972,3.374156,3.043083,3.540549,2.96241,
2.292387,2.141521,3.372651,3.043002,3.54064,2.967284,
2.293672,2.142176,3.372232,3.043051,3.540581,2.970814,
2.295075,2.142945,3.372741,3.043163,3.540627,2.973295,
2.296472,2.144178,3.372153,3.043234,3.540803,2.977954,
2.297805,2.14554,3.373171,3.04313,3.54079,2.980338,
2.299106,2.147058,3.373445,3.043333,3.541022,2.98391,
2.300673,2.149117,3.373356,3.043387,3.540943,2.988352,
2.302008,2.150901,3.374655,3.043472,3.540927,2.990845,
2.303263,2.152925,3.375345,3.043396,3.540893,2.994328,
2.30457,2.155197,3.375855,3.043508,3.540878,2.998613,
2.305715,2.157281,3.377583,3.043294,3.540744,3.001014,
2.306896,2.159299,3.37848,3.043118,3.54092,3.004714,
2.307538,2.161473,3.378922,3.043002,3.540744,3.009129,
2.308219,2.16368,3.379924,3.04313,3.540801,3.012891,
2.308699,2.165957,3.381626,3.043173,3.540798,3.016128,
2.309381,2.168373,3.382938,3.043204,3.540735,3.020265,
2.309625,2.170463,3.38388,3.043268,3.540731,3.024932,
2.309804,2.172629,3.385153,3.043216,3.540573,3.029099,
2.309937,2.17502,3.386249,3.043283,3.540607,3.034152,
2.30996,2.177337,3.388398,3.043299,3.540575,3.038084,
2.309941,2.179687,3.390321,3.043346,3.540566,3.042691,
2.309485,2.182055,3.391704,3.043336,3.540548,3.048239,
2.309244,2.184311,3.393903,3.043173,3.54051,3.05314,
2.308963,2.18643,3.396488,3.043134,3.540471,3.057354,
2.308512,2.188486,3.398154,3.043097,3.540441,3.063346,
2.308313,2.190417,3.400638,3.043211,3.540498,3.068559,
2.308166,2.192372,3.403049,3.043298,3.540508,3.074115,
2.307702,2.194203,3.404953,3.043298,3.540562,3.080294,
2.30715,2.195908,3.407548,3.043375,3.54058,3.086168,
2.306509,2.197614,3.410119,3.043459,3.540591,3.092371,
2.305952,2.199487,3.412248,3.043288,3.540648,3.09927,
,,,,

2.30543,2.201515,3.416608,3.043447,3.540715,3.112505,
2.304573,2.205676,3.422714,3.043278,3.540692,3.126103,
2.302839,2.208652,3.428795,3.04323,3.540723,3.147559,
2.299051,2.209671,3.434779,3.043111,3.540898,3.175767,
2.293092,2.209511,3.437285,3.042838,3.540635,3.190148,
2.290679,2.208698,3.440021,3.04296,3.540581,3.203119,
2.289527,2.20813,3.442313,3.042872,3.540561,3.217461,
2.284484,2.203663,3.444113,3.042926,3.540438,3.23762,
2.281744,2.201177,3.445171,3.043272,3.540694,3.251211,
2.280396,2.1998,3.447801,3.043234,3.540851,3.263723,
2.277327,2.19658,3.448097,3.043246,3.540837,3.276198,
2.270963,2.190416,3.444767,3.043119,3.540841,3.288675,
2.266001,2.185786,3.444239,3.043129,3.540765,3.298404,
2.257538,2.177654,3.439917,3.042986,3.540529,3.313212,
2.254573,2.174747,3.439653,3.043098,3.540517,3.322516,
2.247925,2.168236,3.435046,3.043277,3.540586,3.331475,
2.240918,2.161648,3.430121,3.043715,3.540823,3.339461,
2.230731,2.151572,3.420992,3.043413,3.540829,3.346718,
2.223403,2.144461,3.414302,3.043348,3.540903,3.354628,
2.219342,2.14109,3.411917,3.043183,3.540733,3.36141,
2.211133,2.132998,3.40461,3.043113,3.540664,3.367996,
2.201186,2.124174,3.396341,3.043159,3.540731,3.374969,
2.184431,2.108189,3.381448,3.04322,3.540609,3.380605,
2.164849,2.088283,3.362168,3.043183,3.540535,3.391405,
2.157772,2.080873,3.354757,3.043072,3.540503,3.395355,
2.137525,2.055925,3.330844,3.043167,3.540534,3.407086,
2.122946,2.037287,3.312908,3.043132,3.540657,3.415355,
2.116572,2.028469,3.305148,3.043225,3.54065,3.423117,
2.10398,2.009315,3.287235,3.043286,3.540895,3.430756,
2.088694,1.984885,3.264114,3.043594,3.540841,3.437989,
2.084856,1.97735,3.258202,3.043419,3.540856,3.444526,
2.073564,1.957538,3.238282,3.043303,3.540837,3.452422,
2.070007,1.951331,3.232049,3.043404,3.540866,3.460479,
2.054106,1.926196,3.204821,3.043313,3.540868,3.478259,
2.047419,1.917162,3.195201,3.043256,3.540767,3.486496,
2.04094,1.908918,3.185492,3.043256,3.540642,3.496108,
2.034324,1.901586,3.177029,3.043113,3.540445,3.505076,
2.034747,1.902713,3.177236,3.043204,3.540478,3.510032,
2.028162,1.895822,3.169551,3.04319,3.540454,3.514908,
2.025032,1.89275,3.165077,3.043422,3.540888,3.524559,
2.018477,1.886741,3.156971,3.043477,3.540958,3.534857,
2.001033,1.873503,3.139027,3.043216,3.540669,3.555577,
1.993266,1.868773,3.131543,3.043077,3.540712,3.566495,
1.989073,1.866411,3.125942,3.043128,3.540758,3.577661,
1.975453,1.859481,3.115197,3.043248,3.540756,3.590352,
1.970757,1.856987,3.108724,3.043215,3.540808,3.602341,
1.961212,1.852842,3.101173,3.043074,3.540843,3.613742,
1.951601,1.848776,3.092162,3.043106,3.540855,3.62647,
1.93715,1.843424,3.078906,3.042473,3.540518,3.645265,
1.922377,1.838421,3.068227,3.042727,3.540502,3.657261,
1.917496,1.836783,3.060624,3.04293,3.540637,3.668304,
1.907537,1.833498,3.050911,3.043199,3.540663,3.679297,
1.893668,1.829658,3.041677,3.043391,3.54073,3.690035,
1.88435,1.827109,3.034285,3.043391,3.540822,3.700103,
1.879396,1.82582,3.028226,3.043464,3.540855,3.709854,
1.864793,1.822275,3.021208,3.043389,3.540864,3.719581,
1.854888,1.820298,3.016589,3.043388,3.540783,3.727575,
1.84491,1.819082,3.013279,3.043244,3.540759,3.73505,
1.839751,1.818439,3.009889,3.043237,3.540811,3.742018,
1.824823,1.817288,3.007592,3.043383,3.540923,3.746807,
1.824884,1.8177,3.00525,3.043236,3.540835,3.750871,
1.800982,1.817176,3.001836,3.043245,3.540798,3.755837,
1.786739,1.817493,2.997785,3.043371,3.540995,3.760317,
1.782815,1.817716,2.99511,3.043316,3.540933,3.763548,
1.774888,1.818916,2.993764,3.043224,3.540826,3.766257,
1.758078,1.820566,2.991293,3.043038,3.540614,3.771435,
1.74973,1.821114,2.989109,3.043061,3.540538,3.775906,
1.74526,1.820986,2.986053,3.043203,3.540609,3.781282,
1.736869,1.820913,2.979422,3.043352,3.540745,3.79467,
1.728497,1.820341,2.975186,3.043305,3.540765,3.804333,
1.71753,1.819902,2.971332,3.043213,3.540589,3.813703,
1.706424,1.819371,2.968821,3.043185,3.54067,3.819783,
1.701124,1.818958,2.965557,3.043302,3.540865,3.826074,
1.698818,1.818604,2.9627,3.043027,3.540614,3.831484,
1.691447,1.816584,2.958409,3.04317,3.540695,3.837485,
1.689006,1.815548,2.95636,3.043172,3.540702,3.840694,
1.683166,1.812221,2.950314,3.043406,3.540888,3.85078,
1.680096,1.809547,2.945931,3.043434,3.540921,3.857863,
1.677489,1.806083,2.940886,3.043361,3.540862,3.865586,
1.677072,1.803404,2.937415,3.043439,3.540883,3.870176,
1.676155,1.801382,2.934307,3.043343,3.540751,3.879284,
1.675101,1.797008,2.928705,3.043311,3.54078,3.889459,
1.673188,1.788493,2.918308,3.043227,3.540717,3.905208,
1.672376,1.781965,2.910644,3.043239,3.540647,3.923646,
1.671446,1.777669,2.906213,3.043141,3.540604,3.936326,
1.670668,1.773795,2.902182,3.043126,3.540619,3.94942,
1.670143,1.769497,2.897952,3.042982,3.540462,3.963019,
1.670182,1.769696,2.898128,3.043023,3.540488,3.963287,
1.66991,1.767646,2.896008,3.043146,3.540502,3.970079,
1.669144,1.7633,2.891918,3.043205,3.540617,3.990285,
1.668843,1.758876,2.887389,3.043281,3.540883,3.997354,
1.668892,1.756812,2.885414,3.043377,3.540948,4.004262,
1.669104,1.752388,2.881173,3.04327,3.540768,4.017818,
1.67018,1.745572,2.875204,3.04297,3.540626,4.038315,
1.670658,1.743161,2.873205,3.043014,3.540552,4.045113,
1.671814,1.736087,2.868377,3.042834,3.540855,4.066202,
1.672801,1.731269,2.865387,3.042863,3.54088,4.079762,
1.673695,1.726459,2.862572,3.042917,3.540643,4.092496,
1.673749,1.726768,2.86297,3.042832,3.540622,4.092068,
1.674775,1.724776,2.861798,3.042921,3.540494,4.098508,
1.675588,1.723003,2.860714,3.04306,3.540712,4.104896,
1.67633,1.721194,2.859563,3.042959,3.540544,4.110757,
1.677358,1.719458,2.858306,3.043035,3.540535,4.116453,
1.678228,1.71787,2.857197,3.043048,3.540627,4.12228,
1.679104,1.716233,2.855661,3.043082,3.540747,4.127435,
1.680202,1.714595,2.854308,3.043168,3.540751,4.132549,
1.681142,1.71352,2.853496,3.043292,3.540805,4.137569,
1.682388,1.712241,2.852425,3.043389,3.54102,4.142405,
1.683546,1.711065,2.851365,3.043221,3.540859,4.147148,
1.684566,1.710154,2.850603,3.043224,3.540861,4.151516,
1.685773,1.709378,2.849906,3.043052,3.540761,4.155822,
1.686834,1.708344,2.848827,3.043177,3.540769,4.159431,
1.68783,1.707574,2.848066,3.043274,3.540789,4.16338,
1.688582,1.707,2.847342,3.043283,3.540745,4.166735,
1.689237,1.706395,2.846668,3.04333,3.540715,4.170136,
1.689736,1.705414,2.845554,3.043082,3.540415,4.173463,
1.690034,1.704722,2.844663,3.042958,3.540268,4.176683,
1.690413,1.704241,2.843876,3.04284,3.540209,4.179884,
1.690847,1.703663,2.842813,3.042898,3.540358,4.18324,
1.69069,1.703004,2.841576,3.04295,3.540422,4.186346,
1.690829,1.70253,2.840655,3.043043,3.540385,4.189435,
1.69097,1.702116,2.839666,3.043053,3.540481,4.192563,
1.690706,1.701546,2.838521,3.043037,3.540471,4.195576,
1.690661,1.701465,2.838028,3.042838,3.540414,4.198721,
1.690526,1.701382,2.837594,3.04299,3.540409,4.201811,
1.690354,1.701283,2.837203,3.042883,3.54044,4.205067,
1.690128,1.701084,2.836601,3.043075,3.540641,4.208254,
1.690065,1.701137,2.836593,3.043177,3.540657,4.211475,
1.689955,1.701392,2.836635,3.043315,3.540807,4.214817,
1.689749,1.701576,2.836678,3.043354,3.540833,4.217855,
1.689617,1.701922,2.836963,3.043413,3.540756,4.220827,
1.689709,1.702323,2.837203,3.043371,3.540687,4.223831,
1.689526,1.702827,2.837626,3.043288,3.540688,4.22684,
1.689393,1.703325,2.838086,3.043245,3.540591,4.22981,
1.689208,1.703798,2.838459,3.043311,3.540726,4.233044,
1.68904,1.704401,2.838978,3.043336,3.540755,4.236016,
1.688729,1.705262,2.839737,3.043257,3.540736,4.239024,
1.688514,1.705852,2.840236,3.043103,3.540578,4.241899,
1.68829,1.70675,2.840959,3.043118,3.54056,4.244936,
1.687943,1.707614,2.841806,3.043039,3.540553,4.248103,
1.687921,1.708651,2.842588,3.043142,3.540619,4.251367,
1.687805,1.709604,2.843408,3.043229,3.540642,4.254524,
1.687623,1.7104,2.844097,3.043039,3.540384,4.257598,
1.687848,1.711142,2.844599,3.042946,3.540406,4.260867,
1.687962,1.711842,2.844959,3.042983,3.540256,4.264109,
1.687974,1.712448,2.845207,3.043167,3.54051,4.267602,
1.688019,1.712898,2.845232,3.043246,3.540492,4.270866,
1.68793,1.713354,2.845218,3.043293,3.540463,4.274232,
1.68787,1.713597,2.84475,3.043276,3.540499,4.277459,
1.687573,1.71366,2.84414,3.043356,3.540511,4.280681,
1.687202,1.71361,2.843343,3.043244,3.540574,4.283955,
1.686687,1.713468,2.842517,3.043215,3.540556,4.287024,
1.686097,1.713062,2.841241,3.043194,3.540583,4.290335,
1.685492,1.712746,2.840014,3.043324,3.54056,4.293551,
1.684725,1.712422,2.838956,3.043339,3.540584,4.296811,
1.684035,1.712038,2.837456,3.043406,3.54069,4.300286,
1.683335,1.711764,2.836054,3.043433,3.540684,4.303576,
1.682619,1.711359,2.83465,3.043494,3.540696,4.306962,
1.681916,1.710986,2.832714,3.043334,3.540646,4.310239,
1.681319,1.710579,2.830638,3.043159,3.540613,4.313399,
1.680812,1.710159,2.828702,3.043114,3.540708,4.316787,
1.680464,1.709845,2.826501,3.043072,3.54069,4.320111,
1.680287,1.709479,2.824203,3.043243,3.540666,4.323434,
1.680382,1.709077,2.821726,3.043238,3.540705,4.326783,
1.680678,1.708524,2.819032,3.043064,3.540502,4.329908,
1.681237,1.708336,2.816417,3.043001,3.540463,4.33333,
1.681988,1.707973,2.813468,3.043015,3.540493,4.336728,
1.682741,1.70753,2.810298,3.043046,3.540497,4.340308,
1.683717,1.707454,2.807307,3.04308,3.540452,4.343983,
1.685154,1.707105,2.803975,3.043176,3.540486,4.34762,
1.686405,1.706965,2.800607,3.043257,3.540529,4.351436,
1.68814,1.706987,2.796934,3.042977,3.540491,4.355378,
1.689798,1.706659,2.793183,3.042918,3.540439,4.359241,
1.691962,1.70628,2.789136,3.043254,3.540657,4.363383,
1.694154,1.706286,2.785143,3.043128,3.540639,4.367816,
1.696457,1.706184,2.781049,3.043167,3.540604,4.371935,
1.698916,1.706041,2.776853,3.043189,3.540634,4.376472,
1.701394,1.705778,2.772647,3.043055,3.540454,4.381103,
1.703959,1.705541,2.768259,3.043007,3.54045,4.385632,
1.706497,1.705505,2.764025,3.042995,3.540361,4.390274,
1.709492,1.705163,2.759445,3.04323,3.540593,4.395344,
1.712253,1.705373,2.755209,3.04326,3.540573,4.40029,
1.715022,1.705349,2.750745,3.043213,3.540387,4.404749,
1.718009,1.705234,2.746057,3.043285,3.540459,4.40938,
1.721188,1.705366,2.741608,3.04327,3.540381,4.413865,
1.724726,1.705473,2.737016,3.043202,3.540492,4.418766,
1.728457,1.705279,2.73203,3.043337,3.540666,4.423215,
1.732019,1.705629,2.727822,3.043387,3.540666,4.427355,
1.73631,1.705994,2.723024,3.043397,3.540621,4.431702,
1.740585,1.706074,2.718425,3.043384,3.540718,4.435567,
1.744978,1.706392,2.713792,3.043404,3.540707,4.439415,
1.749915,1.70677,2.708874,3.043201,3.540674,4.443265,
1.754841,1.706889,2.703661,3.043268,3.540734,4.446793,
1.759893,1.707319,2.698698,3.043209,3.540679,4.449677,
1.765165,1.707658,2.693501,3.043098,3.540581,4.452945,
1.770523,1.707972,2.688227,3.042972,3.540539,4.455704,
1.775999,1.708514,2.683245,3.042975,3.540528,4.458488,
1.781695,1.70912,2.678244,3.043103,3.540535,4.460836,
1.787887,1.709642,2.672962,3.042979,3.540564,4.463284,
1.794167,1.710256,2.668043,3.043228,3.540654,4.46555,
1.800043,1.71061,2.662865,3.04337,3.540916,4.468292,
1.80625,1.710949,2.657841,3.04332,3.540877,4.47017,
1.811769,1.711485,2.653553,3.043225,3.54082,4.471729,
1.817774,1.712141,2.649004,3.043097,3.540755,4.473722,
1.823708,1.71268,2.644521,3.043159,3.540741,4.475433,
1.829166,1.713387,2.640263,3.043132,3.540745,4.477259,
1.834964,1.714091,2.636349,3.043208,3.540713,4.478692,
1.841024,1.714805,2.632035,3.043201,3.540732,4.480425,
1.846937,1.715724,2.628091,3.043199,3.540731,4.481846,
1.852823,1.716283,2.623669,3.043259,3.540666,4.483228,
1.858847,1.716908,2.619313,3.042979,3.540584,4.484643,
1.864968,1.717333,2.614887,3.042979,3.540581,4.486178,
1.871221,1.717931,2.61026,3.042991,3.540518,4.487729,
1.877924,1.718301,2.605395,3.043156,3.540477,4.489261,
1.884567,1.718668,2.600471,3.043106,3.540456,4.490853,
1.891088,1.718942,2.59552,3.043156,3.540363,4.492208,
1.897617,1.719126,2.590417,3.043133,3.540386,4.493684,
1.903632,1.719282,2.585379,3.043092,3.540354,4.495109,
1.909729,1.71942,2.580431,3.043121,3.540497,4.496833,
1.915259,1.719589,2.57555,3.043164,3.540532,4.498343,
1.921005,1.719387,2.570487,3.043184,3.540576,4.499984,
1.925953,1.719432,2.56553,3.043065,3.540635,4.501592,
1.931058,1.719253,2.560668,3.042872,3.54048,4.503029,
1.935759,1.719077,2.555792,3.042726,3.540453,4.504374,
1.940897,1.71858,2.550735,3.042748,3.540419,4.506089,
1.945979,1.718513,2.545302,3.042476,3.54051,4.507618,
1.950624,1.718002,2.539993,3.042497,3.540565,4.509086,
1.955328,1.717344,2.534224,3.042753,3.540561,4.51049,
1.960017,1.716678,2.528597,3.042729,3.540525,4.51193,
1.96475,1.715808,2.522721,3.042639,3.540496,4.513352,
1.969198,1.714925,2.516803,3.042865,3.540613,4.514823,
1.973857,1.714073,2.51093,3.043121,3.540641,4.516369,
1.978511,1.712992,2.50491,3.043072,3.540603,4.517713,
1.983633,1.711857,2.498565,3.043056,3.540677,4.519605,
1.988322,1.710702,2.492361,3.04324,3.540724,4.521235,
1.992956,1.709452,2.486046,3.043292,3.540741,4.522952,
1.997769,1.708135,2.479708,3.043326,3.540711,4.52462,
2.002585,1.706659,2.473075,3.043438,3.540765,4.526531,
2.00725,1.705228,2.466545,3.043601,3.540827,4.528362,
2.012065,1.703817,2.460064,3.043585,3.540827,4.530531,
2.016836,1.70213,2.453268,3.043527,3.540763,4.532599,
2.021786,1.700355,2.446297,3.043526,3.54073,4.534679,
2.026602,1.698434,2.439275,3.043549,3.540902,4.537168,
2.031518,1.696423,2.432197,3.043352,3.540824,4.539632,
2.036475,1.694201,2.424814,3.043202,3.540779,4.541926,
2.041566,1.691946,2.417505,3.043063,3.540641,4.543992,
2.046731,1.689561,2.409912,3.043067,3.540573,4.546583,
2.052043,1.686891,2.401946,3.043206,3.540617,4.549244,
2.057085,1.684204,2.394105,3.043244,3.540702,4.551758,
2.062414,1.681309,2.385801,3.043298,3.540701,4.554404,
2.067697,1.678465,2.377406,3.043344,3.540701,4.556902,
2.072978,1.675302,2.3687,3.043438,3.540628,4.559526,
2.078375,1.672111,2.359738,3.043311,3.540591,4.562316,
2.083687,1.668818,2.350658,3.043276,3.540594,4.565048,
2.089184,1.665562,2.3417,3.043293,3.540649,4.568016,
2.094794,1.662071,2.332202,3.043355,3.540629,4.570902,
2.100272,1.658523,2.322518,3.043356,3.540695,4.574049,
2.105973,1.65493,2.312793,3.043358,3.540709,4.577233,
2.111796,1.651121,2.302652,3.04337,3.540697,4.580452,
2.117372,1.647428,2.292603,3.043396,3.540697,4.58357,
2.123483,1.643568,2.278653,3.043359,3.540686,4.590632,
2.135684,1.635187,2.259972,3.043229,3.540395,4.593977,
2.141948,1.630859,2.248659,3.043293,3.540469,4.597676,
2.148319,1.626632,2.237188,3.043355,3.540465,4.601417,
2.168157,1.613832,2.20216,3.043207,3.540463,4.613008,
2.182483,1.604799,2.175934,3.043159,3.54048,4.6213,
2.182643,1.60441,2.175004,3.043037,3.540432,4.621296,
2.189908,1.599825,2.161517,3.042802,3.540137,4.625041,
2.197379,1.595442,2.147887,3.042814,3.54027,4.629194,
2.20522,1.591128,2.134041,3.042905,3.540223,4.633181,
2.213342,1.586934,2.119964,3.043094,3.540487,4.637377,
2.221807,1.582706,2.105758,3.043138,3.540566,4.64156,
2.230379,1.578463,2.0915,3.043168,3.540458,4.645602,
2.238898,1.574557,2.077536,3.043273,3.540565,4.649864,
2.247743,1.571024,2.063808,3.043275,3.540715,4.654429,
2.256716,1.567658,2.050497,3.043357,3.540725,4.658816,
2.266172,1.564479,2.037455,3.043354,3.540671,4.663676,
2.275398,1.561192,2.024408,3.043352,3.540595,4.668193,
2.284485,1.557729,2.011791,3.043267,3.540566,4.673294,
2.293268,1.554388,1.999382,3.043352,3.540604,4.678593,
2.301759,1.550536,1.987218,3.043574,3.540873,4.683815,
2.310025,1.547236,1.975501,3.043299,3.540501,4.688403,
2.317653,1.543674,1.963867,3.043366,3.540516,4.693326,
2.325112,1.540402,1.952759,3.043575,3.540817,4.698537,
2.33234,1.537221,1.94235,3.043392,3.540795,4.703377,
2.339617,1.534208,1.932125,3.043146,3.540581,4.708058,
2.346829,1.531763,1.922371,3.042988,3.540565,4.712841,
2.353925,1.529125,1.913254,3.042972,3.540574,4.717554,
2.360707,1.526624,1.904456,3.043072,3.540693,4.722083,
2.367254,1.524319,1.896073,3.043037,3.540499,4.726124,
2.373762,1.522131,1.887903,3.042811,3.540519,4.730218,
2.380313,1.520166,1.879831,3.042916,3.540592,4.734432,
2.386755,1.518288,1.871854,3.043082,3.540716,4.73848,
2.393229,1.516542,1.864463,3.043167,3.540727,4.74197,
2.399923,1.514961,1.856841,3.043139,3.540657,4.745064,
2.406754,1.513602,1.849265,3.04295,3.540406,4.74774,
2.413723,1.511964,1.841386,3.043007,3.54039,4.750905,
2.420779,1.510341,1.833302,3.042825,3.540427,4.754113,
2.427776,1.508517,1.82506,3.042655,3.540442,4.757134,
2.434869,1.506788,1.816859,3.042756,3.54041,4.760166,
2.441815,1.505035,1.808581,3.042913,3.540391,4.763244,
2.448899,1.50298,1.799827,3.04299,3.540577,4.766061,
2.455894,1.501076,1.79117,3.042872,3.540506,4.768894,
2.462972,1.499115,1.782132,3.04286,3.540438,4.771704,
2.469825,1.49715,1.772957,3.042853,3.540474,4.774336,
2.47681,1.494936,1.763546,3.042979,3.54047,4.776985,
2.483795,1.492608,1.753798,3.043052,3.540421,4.779542,
2.490845,1.490299,1.743937,3.043133,3.540522,4.782333,
2.498036,1.487811,1.733595,3.043153,3.540483,4.784794,
2.505205,1.485392,1.723364,3.043117,3.540381,4.787227,
2.512584,1.482951,1.712718,3.043344,3.540566,4.789878,
2.520026,1.48052,1.701883,3.043373,3.540581,4.792222,
2.527758,1.478104,1.690836,3.043283,3.540496,4.794311,
2.535754,1.47573,1.679328,3.043241,3.540462,4.796552,
2.54395,1.473225,1.667689,3.04302,3.540456,4.7988,
2.552188,1.470665,1.655772,3.042908,3.540429,4.801209,
2.560468,1.468125,1.643622,3.042867,3.540339,4.803586,
2.568731,1.465677,1.631677,3.042919,3.540346,4.806029,
2.577223,1.463313,1.619459,3.042909,3.540356,4.808607,
2.585615,1.461053,1.607119,3.043009,3.540478,4.811461,
2.594369,1.458579,1.594238,3.043084,3.540544,4.814039,
2.603397,1.456129,1.580887,3.043144,3.540567,4.816766,
2.611925,1.453377,1.56723,3.043169,3.540529,4.819197,
2.620923,1.450744,1.553292,3.043236,3.540527,4.821639,
2.630248,1.448307,1.538854,3.043317,3.540602,4.824302,
2.639873,1.445821,1.524089,3.043244,3.540617,4.826838,
2.649665,1.443539,1.509245,3.043274,3.540658,4.829386,
2.659696,1.441359,1.493901,3.043276,3.540602,4.831898,
2.66987,1.439308,1.478157,3.043198,3.540632,4.83448,
2.68022,1.437155,1.462142,3.043338,3.54065,4.837056,
2.691063,1.435165,1.445347,3.043313,3.540659,4.83973,
2.701892,1.433284,1.428342,3.043127,3.540726,4.842717,
2.712864,1.431552,1.411476,3.043265,3.540739,4.845468,
2.72419,1.430404,1.394411,3.043261,3.540679,4.84833,
2.736376,1.429626,1.376907,3.043238,3.540651,4.851223,
2.748158,1.428348,1.35919,3.043231,3.540655,4.854265,
2.759655,1.427194,1.34144,3.043233,3.540664,4.857348,
2.771003,1.426319,1.323912,3.043167,3.540562,4.860516,
2.781749,1.42544,1.306983,3.043176,3.540545,4.863762,
2.792274,1.424783,1.290274,3.043176,3.540585,4.867195,
2.802345,1.424256,1.274037,3.043261,3.540559,4.870608,
2.811504,1.423447,1.258684,3.042933,3.540514,4.874045,
2.820535,1.422627,1.242991,3.042928,3.540431,4.877782,
2.82938,1.421639,1.227434,3.042933,3.540507,4.881699,
2.837512,1.420026,1.212201,3.043075,3.540512,4.885389,
2.84546,1.418321,1.196757,3.043071,3.540492,4.889205,
2.853082,1.416322,1.181394,3.043122,3.540401,4.892926,
2.860016,1.413993,1.166563,3.04322,3.540445,4.896783,
2.865999,1.410995,1.151771,3.043294,3.540458,4.900756,
2.871829,1.407951,1.136959,3.043373,3.54047,4.904628,
2.876895,1.404539,1.122893,3.043293,3.540432,4.90845,
2.881227,1.400777,1.108641,3.043245,3.540406,4.912274,
2.885756,1.397301,1.094381,3.043329,3.540645,4.916233,
2.889436,1.393731,1.080754,3.043301,3.540515,4.919893,
2.892159,1.389856,1.067036,3.043366,3.540565,4.923559,
2.895416,1.386422,1.053485,3.043411,3.540597,4.927255,
2.897722,1.382647,1.040439,3.04338,3.540599,4.930759,
2.899421,1.378822,1.027858,3.043416,3.540624,4.934187,
2.900713,1.375,1.015852,3.043469,3.54066,4.937775,
2.901755,1.371147,1.004121,3.0434,3.540692,4.941025,
2.902142,1.366973,0.9928535,3.043294,3.540673,4.94435,
2.902521,1.363088,0.981995,3.043214,3.54053,4.947335,
2.902594,1.359154,0.9715739,3.043238,3.540532,4.95017,
2.902253,1.354947,0.9613894,3.043249,3.540513,4.952981,
2.901943,1.351375,0.9517617,3.04328,3.540588,4.955969,
2.901462,1.347736,0.9421885,3.043218,3.540573,4.958611,
2.900844,1.344118,0.9325739,3.043179,3.540565,4.961273,
2.900032,1.340705,0.9233978,3.04317,3.540551,4.963858,
2.899086,1.337334,0.9148623,3.043058,3.540498,4.966348,
2.898124,1.33406,0.9065094,3.042895,3.540439,4.968724,
2.897295,1.330977,0.8985375,3.042854,3.540444,4.970794,
2.896508,1.32799,0.8910515,3.042888,3.540421,4.972846,
2.895629,1.325052,0.8840307,3.043082,3.540496,4.97484,
2.894336,1.321933,0.8778424,3.043109,3.54059,4.977073,
2.893265,1.319153,0.8722558,3.043195,3.540649,4.979113,
2.891937,1.316464,0.8676643,3.043128,3.540638,4.98092,
2.890806,1.313666,0.8631667,3.043072,3.540501,4.982689,
2.889601,1.310918,0.8589796,3.043177,3.540488,4.984734,
2.888522,1.308116,0.8551248,3.043172,3.540526,4.986479,
2.887005,1.305119,0.8520495,3.043155,3.540686,4.988268,
2.885726,1.302585,0.849187,3.043237,3.540666,4.990049,
2.884633,1.300194,0.8467627,3.043245,3.540667,4.991601,
2.883836,1.297983,0.844067,3.043191,3.540635,4.993246,
2.882927,1.295638,0.841745,3.043145,3.540579,4.994845,
2.882345,1.29321,0.839196,3.043172,3.54059,4.996337,
2.882124,1.290851,0.8361387,3.043177,3.540516,4.997899,
2.881905,1.288311,0.8331999,3.043139,3.540528,4.999511,
2.881875,1.285894,0.8298027,3.043069,3.540462,5.001148,
2.881578,1.283751,0.8269287,3.043054,3.540457,5.002805,
2.881153,1.281682,0.8244058,3.04323,3.540494,5.004502,
2.880679,1.279747,0.8216246,3.043166,3.54045,5.006232,
2.879719,1.277738,0.819417,3.043126,3.540489,5.008062,
2.878697,1.275466,0.8169656,3.043015,3.540436,5.009788,
2.877373,1.273012,0.8142218,3.04299,3.540432,5.011604,
2.875891,1.270568,0.8116671,3.042875,3.540383,5.013229,
2.874051,1.267901,0.8093315,3.042829,3.540364,5.014968,
2.872411,1.265421,0.8064778,3.042684,3.540301,5.016666,
2.870649,1.263085,0.8036517,3.042729,3.540283,5.018335,
2.868901,1.260735,0.8005209,3.042916,3.540392,5.020167,
2.86748,1.258708,0.7970995,3.042984,3.540404,5.021914,
2.866139,1.25698,0.7936679,3.043081,3.540436,5.023749,
2.865055,1.255567,0.7899514,3.043141,3.540457,5.025547,
2.864604,1.254715,0.7858625,3.04315,3.540476,5.027335,
2.864001,1.254276,0.7821628,3.043194,3.54055,5.02915,
2.864018,1.254553,0.778166,3.043209,3.54052,5.030984,
2.864254,1.255099,0.7739945,3.043324,3.54055,5.032904,
2.864083,1.255539,0.7706078,3.04312,3.540592,5.034725,
2.864443,1.256506,0.7666171,3.043055,3.540479,5.036713,
2.865161,1.257535,0.7624515,3.043047,3.54047,5.038803,
2.865964,1.25873,0.7582361,3.043175,3.540486,5.040922,
2.866836,1.259941,0.7542235,3.043094,3.540401,5.04302,
2.867888,1.261325,0.7500937,3.043025,3.54038,5.045163,
2.868016,1.262539,0.7469508,3.042887,3.540272,5.047308,
2.868137,1.263705,0.7440013,3.042989,3.540235,5.049706,
2.868283,1.264995,0.741178,3.043048,3.540231,5.052349,
2.868037,1.266491,0.739206,3.043051,3.540388,5.05512,
2.868232,1.268267,0.7337543,3.043081,3.540349,5.060644,
2.868165,1.27265,0.7351145,3.043045,3.540491,5.063802,
2.867893,1.274697,0.7315583,3.043185,3.540513,5.070277,
2.867493,1.285038,0.7374449,3.043189,3.540535,5.080372,
2.866834,1.292141,0.7432929,3.04314,3.540596,5.088195,
2.864414,1.298993,0.7525887,3.043113,3.540592,5.096074,
2.862013,1.307064,0.7636782,3.043081,3.54055,5.104611,
2.861136,1.307033,0.7647852,3.043102,3.540778,5.105231,
2.859672,1.311356,0.7708077,3.043098,3.540552,5.109394,
2.85818,1.315558,0.7770532,3.04313,3.540592,5.113917,
2.856332,1.319765,0.7813366,3.043046,3.540488,5.122755,
2.848611,1.332677,0.8030672,3.043127,3.540507,5.135303,
2.842186,1.342087,0.8187476,3.043135,3.540507,5.143363,
2.83363,1.351213,0.8404174,3.043168,3.540487,5.147459,
2.819094,1.365231,0.8718022,3.043076,3.540423,5.160027,
2.806847,1.374797,0.8968527,3.042667,3.540211,5.16871,
2.793552,1.38443,0.9227619,3.042378,3.540228,5.177953,
2.791634,1.383761,0.9245027,3.042496,3.54027,5.178247,
2.784872,1.388252,0.9374169,3.042443,3.540228,5.182627,
2.777939,1.392529,0.9504707,3.042744,3.540221,5.187119,
2.771019,1.396961,0.9620715,3.042697,3.540165,5.195287,
2.757292,1.405519,0.9895024,3.04289,3.540154,5.199341,
2.74963,1.409569,1.002798,3.042979,3.540247,5.203036,
2.742435,1.413883,1.015576,3.042912,3.540212,5.206941,
2.711717,1.430741,1.06667,3.043236,3.540317,5.220782,
2.695356,1.438357,1.091217,3.04319,3.540398,5.226355,
2.688129,1.442113,1.101301,3.043241,3.540434,5.230956,
2.666538,1.453143,1.134672,3.043087,3.540328,5.234543,
2.651897,1.459668,1.154548,3.043337,3.540477,5.237707,
2.638338,1.466822,1.172866,3.043289,3.540639,5.241191,
2.624505,1.473699,1.189708,3.043343,3.540571,5.244187,
2.624034,1.473003,1.189143,3.043216,3.540467,5.243837,
2.616801,1.476528,1.195979,3.043264,3.540447,5.247167,
2.601907,1.483769,1.215426,3.043363,3.540502,5.248764,
2.594478,1.48737,1.222362,3.043057,3.540474,5.252391,
2.579702,1.494775,1.240202,3.04325,3.540547,5.256636,
2.565385,1.502197,1.258588,3.043172,3.540499,5.258612,
2.558127,1.506042,1.264906,3.04317,3.540489,5.264954,
2.528489,1.521651,1.302697,3.043308,3.54055,5.269587,
2.512493,1.528944,1.320943,3.043349,3.540476,5.274181,
2.496055,1.536449,1.339332,3.043059,3.540151,5.27821,
2.478903,1.543799,1.357572,3.04301,3.540045,5.282065,
2.477904,1.543026,1.357938,3.042807,3.539985,5.282011,
2.469384,1.546001,1.366606,3.042773,3.54019,5.28411,
2.460461,1.549528,1.375294,3.04274,3.540071,5.285616,
2.452049,1.552836,1.383655,3.042966,3.540294,5.28739,
2.436168,1.559747,1.398921,3.042862,3.540204,5.290375,
2.428315,1.563303,1.406122,3.043004,3.540318,5.291802,
2.420612,1.566786,1.410624,3.042968,3.540353,5.294545,
2.38812,1.580763,1.441434,3.043161,3.540583,5.299136,
2.373238,1.587195,1.453389,3.042974,3.540488,5.301774,
2.358098,1.593627,1.465093,3.043152,3.540547,5.304704,
2.336058,1.602693,1.48067,3.042828,3.540382,5.309469,
2.336516,1.601875,1.479286,3.042728,3.540327,5.309485,
2.328785,1.604841,1.478744,3.042991,3.540404,5.314744,
2.30025,1.616353,1.502804,3.04321,3.540763,5.318769,
2.286756,1.620883,1.509071,3.042981,3.540544,5.321686,
2.273469,1.625277,1.514192,3.04245,3.540226,5.324849,
2.261567,1.628833,1.517959,3.0424,3.540275,5.32808,
2.262521,1.628185,1.516278,3.04261,3.540326,5.328014,
2.257596,1.629933,1.517329,3.042666,3.540359,5.329654,
2.2527,1.631673,1.513368,3.042915,3.540147,5.332385,
2.244797,1.634931,1.517639,3.043016,3.540203,5.333903,
2.24128,1.636524,1.517163,3.043022,3.540223,5.33532,
2.238019,1.637864,1.516157,3.043198,3.540179,5.336947,
2.235332,1.639012,1.50974,3.043371,3.540471,5.340285,
2.230433,1.641037,1.510836,3.043322,3.540493,5.341592,
2.228201,1.641537,1.508726,3.043393,3.540531,5.343058,
2.226287,1.641544,1.496529,3.043309,3.540538,5.346875,
2.220196,1.641231,1.493579,3.043426,3.540541,5.34874,
2.217797,1.638515,1.48612,3.043479,3.540687,5.350637,
2.216536,1.633958,1.478389,3.043394,3.540458,5.352033,
2.214436,1.628569,1.471404,3.043526,3.540795,5.353848,
2.214012,1.626687,1.471576,3.043494,3.540826,5.353657,
2.212486,1.623679,1.469211,3.043569,3.54084,5.354438,
2.21128,1.620634,1.466917,3.043605,3.540807,5.35514,
2.209765,1.617511,1.463458,3.043569,3.540781,5.356849,
2.206841,1.612095,1.462796,3.043452,3.540491,5.357229,
2.205218,1.609712,1.462362,3.043235,3.540479,5.358168,
2.203794,1.607388,1.460285,3.043338,3.54054,5.359284,
2.198442,1.601677,1.459603,3.043143,3.540397,5.361521,
2.196134,1.600479,1.458329,3.043278,3.540406,5.362977,
2.194787,1.600342,1.456806,3.04324,3.540415,5.364651,
2.193928,1.60054,1.456079,3.043257,3.540406,5.365297,
2.193237,1.60165,1.453271,3.043168,3.540239,5.366848,
2.19347,1.60251,1.45292,3.043165,3.540261,5.366765,
2.193301,1.602852,1.449323,3.043077,3.540375,5.368271,
2.193668,1.603868,1.44643,3.043061,3.540253,5.368798,
2.194623,1.604583,1.440516,3.043167,3.540424,5.370098,
2.195347,1.60515,1.437604,3.043131,3.540434,5.370826,
2.196314,1.605796,1.430052,3.043192,3.540435,5.373309,
2.200662,1.607413,1.421408,3.043252,3.540468,5.375216,
2.204206,1.608238,1.41419,3.04322,3.540455,5.377368,
2.208291,1.608855,1.406198,3.043372,3.540519,5.379733,
2.210635,1.610295,1.400508,3.04319,3.540405,5.382399,
2.210867,1.609843,1.400608,3.043289,3.540574,5.382895,
2.212347,1.610242,1.39789,3.043202,3.540561,5.38467,
2.217226,1.610232,1.389524,3.042893,3.540438,5.389764,
2.221682,1.610055,1.384228,3.042913,3.540454,5.39168,
2.223717,1.60968,1.380931,3.042927,3.540378,5.393503,
2.231954,1.607578,1.369193,3.043108,3.540326,5.402174,
2.235332,1.605423,1.364735,3.042845,3.540305,5.407371,
2.238282,1.602561,1.361034,3.042926,3.540364,5.413507,
2.241259,1.59885,1.357364,3.042837,3.540514,5.419989,
2.241236,1.598283,1.357821,3.042879,3.540327,5.420699,
2.242867,1.59618,1.355831,3.042682,3.540243,5.427263,
2.246832,1.59205,1.351853,3.04293,3.540357,5.430754,
2.250476,1.587266,1.348486,3.043121,3.540526,5.438295,
2.252423,1.58454,1.347514,3.043282,3.540616,5.449102,
2.260875,1.572841,1.341237,3.043238,3.540698,5.457137,
2.265007,1.566179,1.337618,3.04316,3.540459,5.464227,
2.269658,1.559319,1.333269,3.043129,3.54046,5.470969,
2.272234,1.556005,1.331312,3.043216,3.540608,5.47482,
2.280526,1.545009,1.327167,3.043163,3.540413,5.486766,
2.280789,1.544667,1.327313,3.043154,3.540406,5.486747,
2.28327,1.540986,1.326814,3.04321,3.540417,5.491101,
2.288906,1.533933,1.325205,3.04316,3.540175,5.498691,
2.291874,1.530153,1.324305,3.043048,3.540133,5.502153,
2.304426,1.515828,1.3218,3.043253,3.540291,5.516726,
2.311305,1.508603,1.321191,3.043438,3.540541,5.524267,
2.317532,1.501461,1.319613,3.043409,3.540567,5.529925,
2.320639,1.497811,1.318982,3.043459,3.540563,5.532866,
2.327186,1.490851,1.316303,3.043219,3.540498,5.536881,
2.327365,1.490936,1.315995,3.042971,3.540438,5.536567,
2.331129,1.487714,1.31442,3.042885,3.540424,5.5388,
2.334776,1.484579,1.312857,3.042764,3.540207,5.540475,
2.338679,1.481725,1.314407,3.042933,3.540176,5.546671,
2.347215,1.476113,1.310427,3.043011,3.540303,5.54999,
2.355969,1.470822,1.305392,3.043108,3.540319,5.551452,
2.360354,1.468063,1.303197,3.043091,3.540319,5.552796,
2.369451,1.462727,1.299357,3.04305,3.540216,5.557023,
2.385013,1.45431,1.290371,3.043263,3.540463,5.559682,
2.396147,1.448289,1.283829,3.043269,3.540478,5.562284,
2.407721,1.441242,1.276552,3.043187,3.540544,5.564586,
2.418977,1.433673,1.26911,3.043174,3.540482,5.567047,
2.419432,1.433327,1.268218,3.043271,3.540488,5.567118,
2.424824,1.429418,1.26437,3.043321,3.540603,5.568238,
2.430804,1.42582,1.260484,3.043378,3.54061,5.569504,
2.437047,1.422435,1.257483,3.043579,3.540601,5.57214,
2.449752,1.415216,1.247758,3.043643,3.540635,5.573323,
2.456088,1.411742,1.243353,3.043667,3.540688,5.5744,
2.462305,1.407969,1.239824,3.043398,3.540406,5.576141,
2.486311,1.395094,1.220762,3.043388,3.540519,5.578888,
2.497911,1.388973,1.210546,3.043257,3.54046,5.580269,
2.509266,1.383039,1.200275,3.043172,3.540546,5.581614,
2.520008,1.377087,1.190152,3.043189,3.540464,5.582708,
2.519495,1.376935,1.189291,3.043105,3.540448,5.582548,
2.52428,1.374133,1.184723,3.04298,3.540512,5.58378,
2.533498,1.368339,1.173266,3.042967,3.540488,5.584254,
2.541516,1.362522,1.162909,3.04277,3.540357,5.584728,
2.54519,1.359607,1.157741,3.043096,3.540436,5.584999,
2.553253,1.354288,1.138815,3.042888,3.540479,5.574216,
2.562468,1.347417,1.11767,3.043083,3.540511,5.570765,
2.568385,1.343375,1.111255,3.043282,3.540748,5.575059,
2.571669,1.341398,1.102663,3.043214,3.540741,5.571474,
2.579463,1.336043,1.084634,3.043374,3.540526,5.568883,
2.582981,1.33312,1.074745,3.043411,3.5406,5.567646,
2.585595,1.330459,1.065059,3.043116,3.540337,5.565088,
2.58466,1.330438,1.064961,3.042855,3.540322,5.56499,
2.58618,1.329522,1.060223,3.042948,3.540432,5.563975,
2.588006,1.328403,1.058201,3.043023,3.540518,5.563676,
2.591793,1.32617,1.048884,3.042993,3.540496,5.56159,
2.593806,1.325149,1.04685,3.042912,3.540537,5.560202,
2.598585,1.323801,1.038579,3.042868,3.540541,5.558298,
2.601301,1.323589,1.035477,3.043019,3.540508,5.557427,
2.603692,1.323586,1.031539,3.04321,3.540476,5.553472,
2.613755,1.324659,1.021278,3.043224,3.540387,5.549881,
2.619268,1.326722,1.015936,3.043221,3.54041,5.546291,
2.623901,1.329203,1.01137,3.043468,3.540593,5.542909,
2.626377,1.330215,1.009997,3.043402,3.540574,5.541736,
2.631063,1.332869,1.006319,3.043367,3.540496,5.538833,
2.630612,1.333194,1.005744,3.043395,3.540481,5.539154,
2.632282,1.33523,1.00358,3.043162,3.540387,5.538055,
2.634537,1.336925,1.000968,3.043118,3.540498,5.536374,
2.63644,1.338692,1.000286,3.04303,3.540535,5.536791,
2.638193,1.340575,0.9982882,3.042784,3.540562,5.535769,
2.640181,1.342579,0.9967558,3.042673,3.540388,5.535136,
2.641912,1.344904,0.9933529,3.042722,3.540382,5.532584,
2.643592,1.347294,0.9908854,3.042928,3.540488,5.531178,
2.645077,1.349558,0.9881895,3.043014,3.540635,5.52936,
2.646836,1.351873,0.9862315,3.042965,3.540641,5.528207,
2.648676,1.353849,0.9854384,3.042926,3.540629,5.527769,
2.650749,1.355995,0.9841216,3.043006,3.540526,5.526906,
2.652515,1.357558,0.9823399,3.043086,3.540538,5.524724,
2.654382,1.359271,0.9813982,3.043171,3.540587,5.523723,
2.655907,1.361054,0.9809967,3.043237,3.540558,5.523051,
2.657404,1.362674,0.9803013,3.043267,3.540577,5.522025,
2.659025,1.36428,0.9796362,3.043236,3.540562,5.520918,
2.660545,1.365782,0.9787537,3.043176,3.54057,5.519334,
2.661843,1.36703,0.9785194,3.042884,3.540558,5.518253,
2.663113,1.368457,0.9781124,3.042801,3.54028,5.516943,
2.664622,1.369853,0.9765695,3.042746,3.540063,5.514057,
2.666081,1.371364,0.9761119,3.042839,3.540015,5.512899,
2.667278,1.372613,0.9755824,3.042848,3.540207,5.511638,
2.668453,1.373902,0.9752474,3.042935,3.540241,5.510581,
2.670067,1.3752,0.9738844,3.042885,3.540257,5.508121,
2.671464,1.376211,0.9735712,3.042961,3.540454,5.506922,
2.672668,1.377389,0.9732262,3.043064,3.540612,5.505971,
2.674135,1.378552,0.973053,3.043244,3.540649,5.505156,
2.675521,1.37982,0.9724704,3.043311,3.540734,5.503954,
2.676475,1.381115,0.971992,3.043202,3.540495,5.502741,
2.677428,1.382285,0.9709159,3.043259,3.540488,5.500767,
2.678324,1.383194,0.9706557,3.043292,3.540475,5.499251,
2.67884,1.383898,0.9708688,3.043357,3.54053,5.498574,
2.679587,1.384499,0.9707892,3.043516,3.540537,5.497227,
2.680461,1.385064,0.9715786,3.043396,3.540515,5.496969,
2.681205,1.38544,0.9725834,3.043434,3.540482,5.496685,
2.682017,1.385875,0.97242,3.043466,3.540488,5.494769,
2.682765,1.386213,0.9736501,3.043467,3.540446,5.494457,
2.683056,1.386203,0.9751475,3.043357,3.540342,5.494071,
2.682958,1.386054,0.9766101,3.04328,3.54032,5.493423,
2.683369,1.386283,0.978272,3.04286,3.539962,5.493128,
2.683281,1.386576,0.9799351,3.042948,3.540157,5.493373,
2.683183,1.386774,0.9815625,3.042893,3.540116,5.493143,
2.683039,1.386985,0.9837142,3.042809,3.540037,5.493371,
2.682598,1.387012,0.9863011,3.042869,3.540104,5.493897,
2.682211,1.387178,0.9885743,3.042837,3.540071,5.493989,
2.681586,1.387377,0.9912225,3.042875,3.5402,5.494509,
2.680966,1.387996,0.9938926,3.042818,3.540119,5.495093,
2.680306,1.388889,0.9955277,3.043042,3.540099,5.494462,
2.679569,1.390023,0.9981018,3.043119,3.540267,5.495134,
2.678794,1.391325,1.000493,3.043038,3.540095,5.495533,
2.677996,1.392639,1.001379,3.043107,3.540264,5.49385,
2.677256,1.393816,1.00394,3.043279,3.540332,5.493813,
2.676068,1.39518,1.006488,3.043297,3.54048,5.494129,
2.67502,1.396905,1.00863,3.043159,3.540508,5.493965,
2.673765,1.398773,1.011538,3.043167,3.540479,5.495094,
2.672635,1.400971,1.014071,3.043213,3.540603,5.495903,
2.671013,1.403051,1.015587,3.043197,3.540615,5.495036,
2.669264,1.404934,1.018462,3.043347,3.540735,5.495692,
2.667504,1.40716,1.021296,3.043276,3.540704,5.496456,
2.66541,1.409437,1.022892,3.043317,3.540653,5.495369,
2.66299,1.411886,1.025947,3.043219,3.540646,5.496698,
2.660446,1.414394,1.028767,3.043576,3.540729,5.497964,
2.657584,1.416967,1.030744,3.043609,3.540816,5.497856,
2.654711,1.419413,1.034435,3.043637,3.540819,5.499308,
2.651409,1.42165,1.038154,3.043666,3.540779,5.500438,
2.647759,1.424043,1.041399,3.043608,3.540813,5.501114,
2.643668,1.426546,1.045449,3.043678,3.540692,5.502899,
2.639672,1.428991,1.049376,3.043666,3.54059,5.503969,
2.635502,1.431478,1.052495,3.043308,3.540628,5.504354,
2.630888,1.434139,1.056805,3.04321,3.54051,5.505929,
2.626573,1.436829,1.060972,3.043236,3.540544,5.507145,
2.621876,1.43922,1.06487,3.043467,3.540564,5.507621,
2.616537,1.441559,1.070078,3.043387,3.540496,5.509454,
2.611639,1.443854,1.074858,3.043441,3.540542,5.510548,
2.60603,1.446154,1.078694,3.043407,3.540553,5.510677,
2.600281,1.448622,1.083464,3.043414,3.540539,5.511837,
2.595419,1.451609,1.088038,3.043423,3.540574,5.512717,
2.589954,1.454318,1.092204,3.043306,3.540539,5.512959,
2.58436,1.457145,1.09718,3.04323,3.5405,5.513972,
2.578889,1.45989,1.101724,3.043087,3.540375,5.514202,
2.573028,1.462605,1.105222,3.04335,3.540459,5.513678,
2.567077,1.46539,1.110595,3.043501,3.540509,5.514945,
2.561561,1.468314,1.114972,3.043632,3.540594,5.515438,
2.555558,1.471182,1.117936,3.043468,3.540581,5.514422,
2.549104,1.47411,1.122227,3.043426,3.540577,5.515035,
2.543258,1.47696,1.126644,3.04349,3.540636,5.515532,
2.536793,1.479815,1.129591,3.043505,3.540647,5.514865,
2.530068,1.482513,1.134362,3.043478,3.540681,5.51602,
2.523681,1.485147,1.139184,3.043465,3.540534,5.516752,
2.517153,1.487772,1.142461,3.043142,3.540565,5.516073,
2.510543,1.490455,1.147789,3.043086,3.540392,5.517897,
2.5041,1.492971,1.152852,3.043068,3.540347,5.519123,
2.497699,1.495591,1.157143,3.043117,3.540179,5.519666,
2.491382,1.498273,1.162674,3.043131,3.540242,5.521615,
2.485418,1.500866,1.168115,3.043156,3.54025,5.523357,
2.479184,1.503439,1.172796,3.043062,3.540413,5.524688,
2.472703,1.505814,1.178386,3.04306,3.54045,5.526618,
2.466583,1.508305,1.18365,3.04291,3.540419,5.528294,
2.459658,1.510527,1.187756,3.043219,3.540434,5.529044,
2.452532,1.512719,1.193314,3.043149,3.540396,5.531349,
2.445952,1.51478,1.198423,3.043239,3.540357,5.532914,
2.438855,1.516957,1.202265,3.043414,3.540463,5.533383,
2.431961,1.519477,1.207493,3.043386,3.540414,5.535332,
2.425871,1.522237,1.212056,3.043449,3.540506,5.536764,
2.419291,1.524966,1.214944,3.043484,3.540528,5.536335,
2.412802,1.527686,1.219795,3.043411,3.540478,5.537843,
2.406617,1.53036,1.224176,3.04344,3.540567,5.53896,
2.399847,1.532919,1.227682,3.043354,3.540507,5.539353,
2.392907,1.535342,1.232694,3.043478,3.540546,5.541161,
2.386105,1.537611,1.236994,3.043325,3.540377,5.541912,
2.378979,1.540084,1.240006,3.043228,3.5403,5.541455,
2.37197,1.542702,1.244753,3.043399,3.540335,5.543083,
2.365248,1.545209,1.248785,3.043423,3.540551,5.544067,
2.358411,1.547924,1.252109,3.043396,3.540539,5.54443,
2.351482,1.550807,1.256407,3.043465,3.540479,5.54571,
2.344299,1.553429,1.260382,3.043443,3.540479,5.546596,
2.337255,1.556228,1.262259,3.043361,3.540412,5.545438,
2.33018,1.55898,1.26577,3.043228,3.540345,5.546038,
2.323129,1.561806,1.269266,3.043069,3.540338,5.546751,
2.315883,1.56479,1.271432,3.043052,3.540339,5.546048,
2.308688,1.567833,1.275498,3.043074,3.54036,5.547236,
2.301172,1.570919,1.279436,3.04299,3.540272,5.54792,
2.293683,1.574079,1.280832,3.042802,3.540012,5.54623,
2.286096,1.577341,1.284824,3.042784,3.539954,5.547118,
2.278785,1.580509,1.288327,3.042975,3.540047,5.547769,
2.270851,1.583839,1.290564,3.043204,3.540308,5.546924,
2.263079,1.587248,1.294341,3.043172,3.540321,5.54748,
2.255004,1.590544,1.297035,3.043254,3.540375,5.546802,
2.247111,1.594106,1.300814,3.043336,3.540441,5.547176,
2.24035,1.597636,1.304862,3.043296,3.540419,5.547652,
2.232383,1.601287,1.308901,3.043215,3.540443,5.547933,
2.224497,1.604831,1.311786,3.04326,3.540431,5.547209,
2.215521,1.608499,1.316155,3.043314,3.540451,5.547606,
2.207414,1.612251,1.320473,3.043449,3.540353,5.547794,
2.200237,1.615853,1.323221,3.043414,3.540342,5.546567,
2.191478,1.619852,1.327624,3.043334,3.540374,5.546789,
2.183789,1.623848,1.331385,3.043291,3.540374,5.546574,
2.176676,1.627509,1.335696,3.043311,3.540329,5.546972,
2.168006,1.631264,1.34034,3.043361,3.540547,5.547469,
2.159866,1.6349,1.344766,3.043306,3.540465,5.547796,
2.152277,1.638363,1.349122,3.043309,3.540586,5.548081,
2.143237,1.641975,1.353949,3.043509,3.540573,5.548612,
2.135256,1.64554,1.359255,3.043259,3.540576,5.549307,
2.12795,1.648842,1.363022,3.043258,3.540595,5.548464,
2.119443,1.652608,1.368591,3.043318,3.540649,5.549126,
2.111705,1.656334,1.373322,3.043342,3.540772,5.549557,
2.1047,1.659735,1.378672,3.043454,3.54083,5.550366,
2.096371,1.663521,1.384164,3.043437,3.54075,5.551004,
2.088685,1.666917,1.388373,3.043415,3.540804,5.550437,
2.081534,1.66993,1.393516,3.043428,3.540749,5.550907,
2.073499,1.673287,1.399141,3.043417,3.540609,5.551508,
2.066046,1.676246,1.404711,3.043125,3.540615,5.552141,
2.059486,1.678885,1.407794,3.043159,3.540563,5.550561,
2.05228,1.682067,1.413132,3.043145,3.540472,5.551115,
2.045447,1.684847,1.416826,3.043285,3.54046,5.549951,
2.039416,1.687378,1.421561,3.04323,3.540411,5.550337,
2.032731,1.690059,1.426365,3.043103,3.540349,5.550486,
2.02663,1.692849,1.429942,3.043229,3.540301,5.549375,
2.021497,1.695347,1.433935,3.042991,3.539994,5.548997,
2.016088,1.698532,1.438651,3.04306,3.539993,5.54933,
2.011326,1.701528,1.443289,3.043162,3.53994,5.549523,
2.007048,1.704465,1.44677,3.043066,3.53994,5.548958,
2.002841,1.707414,1.451044,3.04279,3.539739,5.548847,
1.998772,1.710689,1.455179,3.042947,3.539657,5.549085,
1.99523,1.713867,1.459198,3.042886,3.539936,5.549272,
1.991813,1.716503,1.463019,3.042864,3.540089,5.549299,
1.988305,1.719352,1.466481,3.042963,3.540079,5.549462,
1.985108,1.722128,1.470098,3.043049,3.540233,5.549579,
1.981818,1.724803,1.473745,3.043029,3.54041,5.54984,
1.978691,1.727346,1.476787,3.043109,3.540398,5.549811,
1.975718,1.729742,1.480281,3.04321,3.540425,5.550028,
1.972802,1.732442,1.483645,3.043366,3.540602,5.550499,
1.969872,1.734765,1.486878,3.043472,3.540658,5.550821,
1.966971,1.737033,1.490134,3.043416,3.540605,5.551073,
1.964182,1.739034,1.493307,3.043242,3.540541,5.551071,
1.961363,1.741212,1.49617,3.043283,3.540568,5.551281,
1.958491,1.743235,1.499003,3.04333,3.54052,5.551472,
1.955567,1.745296,1.501796,3.043628,3.540668,5.551971,
1.952666,1.747054,1.504415,3.043558,3.540684,5.552312,
1.949663,1.748366,1.506913,3.043579,3.540647,5.552608,
1.946342,1.749538,1.509292,3.043544,3.540496,5.552709,
1.94279,1.750345,1.511542,3.04369,3.540503,5.552936,
1.939373,1.751085,1.513825,3.043685,3.540481,5.553204,
1.93575,1.751478,1.516145,3.043773,3.540645,5.553603,
1.932246,1.751776,1.518322,3.043832,3.540663,5.553897,
1.928854,1.751958,1.520503,3.043823,3.540623,5.554272,
1.925571,1.752126,1.522647,3.043718,3.540463,5.554508,
1.922447,1.752242,1.524876,3.043676,3.540439,5.554875,
1.919366,1.752658,1.527207,3.043519,3.54039,5.555252,
1.916955,1.753391,1.529468,3.043641,3.540485,5.555913,
1.914607,1.754331,1.531848,3.04355,3.540474,5.556346,
1.912445,1.75539,1.534025,3.043412,3.540474,5.556828,
1.910497,1.756687,1.536062,3.043277,3.540323,5.557183,
1.908381,1.758135,1.538155,3.043161,3.540315,5.557659,
1.906137,1.759528,1.539976,3.043221,3.54034,5.55826,
1.903758,1.760868,1.541636,3.043305,3.540498,5.559076,
1.901092,1.762225,1.543089,3.043305,3.540487,5.559646,
1.898365,1.763586,1.544525,3.043313,3.540503,5.560258,
1.895757,1.765007,1.546129,3.043283,3.54038,5.560801,
1.893479,1.766747,1.548132,3.043332,3.540372,5.56139,
1.891658,1.768932,1.550259,3.043311,3.540373,5.562048,
1.889728,1.771412,1.552434,3.043391,3.540259,5.562672,
1.887527,1.773932,1.554422,3.043344,3.540225,5.563396,
1.885015,1.776211,1.556458,3.043343,3.540294,5.564162,
1.882155,1.778199,1.558725,3.043396,3.540372,5.56494,
1.879606,1.780707,1.561113,3.043404,3.54038,5.565704,
1.877247,1.783594,1.563392,3.043437,3.540429,5.566437,
1.874956,1.786925,1.56561,3.043426,3.540328,5.56705,
1.872618,1.790102,1.567777,3.043377,3.540308,5.567745,
1.870001,1.793214,1.569989,3.043392,3.540308,5.568448,
1.867303,1.796216,1.572184,3.043447,3.540378,5.569283,
1.864528,1.79918,1.574403,3.043323,3.540364,5.570044,
1.861702,1.802282,1.576552,3.043307,3.540403,5.570712,
1.85883,1.805632,1.578509,3.043078,3.540452,5.571289,
1.855938,1.809018,1.580601,3.043107,3.54047,5.572005,
1.853033,1.812743,1.582768,3.042883,3.540444,5.57268,
1.850443,1.816647,1.584834,3.042943,3.540409,5.573484,
1.847607,1.820524,1.586837,3.043246,3.540333,5.574102,
1.844857,1.824646,1.588987,3.043238,3.540426,5.574821,
1.841697,1.828901,1.591191,3.043368,3.540599,5.575478,
1.838772,1.833283,1.593489,3.04347,3.540603,5.57613,
1.835684,1.838012,1.596025,3.043513,3.540623,5.576898,
1.833002,1.842854,1.598659,3.043468,3.540505,5.577758,
1.83006,1.847863,1.601346,3.043481,3.540528,5.578618,
1.826893,1.85315,1.604337,3.043564,3.540513,5.579451,
1.824055,1.858477,1.607207,3.043329,3.540426,5.580127,
1.821071,1.863752,1.610174,3.043295,3.540437,5.580899,
1.818145,1.869339,1.613477,3.043359,3.540436,5.581622,
1.815524,1.875321,1.616704,3.043363,3.540434,5.582412,
1.812805,1.881333,1.6199,3.043347,3.540417,5.583134,
1.810148,1.887522,1.623286,3.043358,3.540447,5.583896,
1.807431,1.893954,1.626752,3.043324,3.540411,5.584487,
1.805033,1.900654,1.630265,3.043221,3.540337,5.585234,
1.802888,1.907271,1.633544,3.043175,3.540317,5.586011,
1.800596,1.914071,1.636679,3.043432,3.540309,5.586811,
1.7986,1.920599,1.639781,3.043206,3.540248,5.587518,
1.796593,1.927186,1.642807,3.043175,3.54022,5.588198,
1.794585,1.933854,1.6456,3.043176,3.540404,5.589077,
1.792299,1.940069,1.648393,3.04333,3.540408,5.589804,
1.789712,1.946304,1.651084,3.043293,3.540365,5.590506,
1.787164,1.95238,1.65368,3.043434,3.540488,5.591457,
1.784659,1.958366,1.656096,3.043437,3.540482,5.592219,
1.782206,1.964068,1.658592,3.043322,3.540433,5.592903,
1.779336,1.969398,1.66111,3.043277,3.540301,5.59348,
1.776672,1.974524,1.663498,3.043239,3.540199,5.594312,
1.773638,1.979465,1.665968,3.043254,3.540189,5.595001,
1.770865,1.984616,1.668223,3.043334,3.540283,5.595679,
1.767973,1.989714,1.670854,3.043218,3.540239,5.595995,
1.765285,1.994928,1.673535,3.043176,3.540236,5.596288,
1.762817,2.000533,1.676489,3.043144,3.540255,5.596735,
1.760658,2.006291,1.644371,3.043228,3.540276,5.558712,
1.758549,2.012174,1.644191,3.043294,3.540311,5.555809,
1.756553,2.01807,1.64838,3.043444,3.540319,5.556731,
1.754622,2.023708,1.647821,3.043416,3.540334,5.553187,
1.752813,2.028994,1.652646,3.043355,3.540306,5.554988,
1.750648,2.033884,1.656832,3.043445,3.540349,5.556349,
1.748809,2.038477,1.659619,3.043386,3.540413,5.556736,
1.746783,2.042713,1.663163,3.043388,3.540415,5.558379,
1.744889,2.046769,1.66581,3.043409,3.540372,5.55918,
1.742805,2.050025,1.665773,3.043489,3.5405,5.557508,
1.740806,2.053186,1.667558,3.043324,3.540423,5.557775,
1.739094,2.056334,1.668948,3.043225,3.540308,5.557688,
1.737465,2.059254,1.668073,3.043279,3.540377,5.555609,
1.735866,2.061877,1.668333,3.043242,3.540359,5.554852,
1.734561,2.064269,1.669333,3.043217,3.540417,5.554862,
1.733016,2.066482,1.669514,3.043245,3.540444,5.553854,
1.731431,2.067925,1.668764,3.043326,3.540507,5.552645,
1.729967,2.069376,1.670449,3.043463,3.540482,5.553272,
1.728916,2.070432,1.670588,3.043277,3.540456,5.552701,
1.727926,2.071629,1.673113,3.04313,3.540398,5.554023,
1.727032,2.072719,1.674737,3.043159,3.540482,5.554845,
1.726668,2.073668,1.675314,3.043369,3.540547,5.555009,
1.726615,2.074589,1.676166,3.043371,3.540556,5.555578,
1.725977,2.075324,1.6769,3.043255,3.540555,5.555644,
1.726016,2.076133,1.676608,3.043235,3.54057,5.555284,
1.725995,2.076818,1.67653,3.04324,3.540559,5.555319,
1.72664,2.077215,1.675415,3.043365,3.540555,5.554765,
1.727157,2.077631,1.674792,3.043409,3.540576,5.554732,
1.728082,2.077709,1.673713,3.043436,3.540564,5.554621,
1.729172,2.077623,1.672628,3.043508,3.540685,5.554892,
1.730265,2.077559,1.671306,3.043494,3.540692,5.554753,
1.731533,2.077173,1.670059,3.043515,3.540721,5.554888,
1.733151,2.076443,1.667608,3.043334,3.540549,5.553915,
1.734574,2.075855,1.66614,3.043262,3.540511,5.55407,
1.736479,2.074718,1.664612,3.043216,3.540497,5.55454,
1.738313,2.073492,1.662502,3.042953,3.540361,5.554326,
1.740412,2.072253,1.660577,3.042911,3.540293,5.554645,
1.74254,2.070832,1.658647,3.042939,3.54029,5.555078,
1.744548,2.069184,1.656425,3.043198,3.540328,5.555334,
1.7468,2.0674,1.653802,3.043189,3.540295,5.555387,
1.749285,2.065215,1.651447,3.043085,3.540209,5.555812,
1.751428,2.062896,1.649274,3.043281,3.540437,5.556652,
1.753823,2.060346,1.64599,3.043261,3.540382,5.556527,
1.756143,2.05792,1.64305,3.043221,3.540348,5.556643,
1.758862,2.055261,1.639344,3.043238,3.540293,5.556301,
1.76111,2.052549,1.636126,3.043262,3.540349,5.556171,
1.763432,2.049789,1.632985,3.043254,3.540343,5.556097,
1.765533,2.046767,1.63,3.043378,3.540414,5.556226,
1.767483,2.044142,1.627223,3.043469,3.540491,5.556141,
1.769547,2.041495,1.624114,3.043496,3.540494,5.55585,
1.771698,2.038916,1.620546,3.043403,3.540364,5.554586,
1.773382,2.036501,1.618631,3.043281,3.540357,5.554697,
1.775513,2.033835,1.616665,3.043169,3.540311,5.554901,
1.777374,2.031147,1.614233,3.04317,3.540319,5.554436,
1.778865,2.028938,1.612802,3.043213,3.540293,5.554772,
1.780911,2.026283,1.611424,3.043199,3.540262,5.555347,
1.782551,2.023399,1.60967,3.043293,3.540262,5.555432,
1.783775,2.021279,1.608537,3.043305,3.540283,5.555802,
1.786332,2.01818,1.606531,3.043328,3.540267,5.556149,
1.788355,2.01516,1.605091,3.043399,3.540323,5.556644,
1.790572,2.012168,1.60351,3.043366,3.540347,5.557139,
1.792937,2.009038,1.602083,3.043271,3.540321,5.557756,
1.795329,2.005739,1.600923,3.043279,3.540283,5.558666,
1.797745,2.002151,1.599535,3.043274,3.540264,5.559546,
1.800056,1.998441,1.597914,3.043364,3.540263,5.560228,
1.804111,1.989517,1.594652,3.043267,3.540288,5.561226,
1.806247,1.984698,1.593078,3.043294,3.540311,5.561733,
1.808182,1.979545,1.590583,3.043323,3.540298,5.561608,
1.810041,1.974247,1.589122,3.043385,3.540313,5.562131,
1.811625,1.968694,1.588362,3.043372,3.540296,5.563107,
1.813155,1.962882,1.586425,3.043347,3.54037,5.563054,
1.814624,1.956943,1.585284,3.04335,3.540351,5.56359,
1.816196,1.950722,1.584721,3.043188,3.540224,5.564282,
1.817414,1.944404,1.583749,3.043016,3.540266,5.564872,
1.818562,1.937826,1.582906,3.043093,3.540268,5.565214,
1.819856,1.931284,1.582323,3.043236,3.540345,5.566051,
1.820752,1.924433,1.582028,3.042999,3.540311,5.566791,
1.821697,1.917627,1.58178,3.043062,3.540327,5.567525,
1.822853,1.910877,1.581135,3.043149,3.540329,5.568123,
1.823417,1.904038,1.581136,3.043262,3.540542,5.568843,
1.82409,1.897329,1.581417,3.043237,3.540467,5.569641,
1.827619,1.889871,1.580442,3.043237,3.540537,5.570563,
1.828688,1.884043,1.581154,3.04325,3.540518,5.571481,
1.827036,1.879861,1.583156,3.043221,3.540466,5.572537,
1.827284,1.874794,1.583843,3.043266,3.540534,5.573466,
1.828931,1.869436,1.583897,3.043192,3.540346,5.574094,
1.831022,1.8642,1.583768,3.043233,3.540362,5.575068,
1.831955,1.859752,1.583315,3.043421,3.540524,5.575934,
1.834122,1.85482,1.583971,3.043299,3.540536,5.578188,
1.836556,1.849778,1.583897,3.043346,3.540567,5.579729,
1.837979,1.845385,1.583906,3.043395,3.540574,5.580921,
1.840134,1.840958,1.583667,3.043204,3.540551,5.581894,
1.842452,1.836113,1.583304,3.043085,3.540441,5.583037,
1.84448,1.83168,1.582507,3.043129,3.540383,5.583914,
1.846645,1.826902,1.582427,3.043268,3.540398,5.585386,
1.849034,1.822263,1.582353,3.043421,3.540505,5.586913,
1.851307,1.817819,1.58173,3.043305,3.540537,5.587953,
1.853554,1.813307,1.581375,3.043434,3.540545,5.588966,
1.856394,1.808563,1.580589,3.043373,3.540424,5.589969,
1.85918,1.804047,1.579786,3.043487,3.540418,5.590978,
1.861888,1.799609,1.579071,3.043376,3.540412,5.591867,
1.864748,1.795058,1.578207,3.043221,3.540347,5.592694,
1.867731,1.790338,1.577392,3.043319,3.540429,5.593634,
1.870743,1.786136,1.576765,3.043326,3.540454,5.594494,
1.874201,1.781421,1.575768,3.043118,3.540156,5.595194,
1.877408,1.777138,1.574713,3.042892,3.539937,5.595746,
1.880477,1.772587,1.573648,3.042967,3.539896,5.596313,
1.883558,1.768154,1.572547,3.043034,3.540115,5.59686,
1.886406,1.763563,1.571541,3.043021,3.540134,5.597356,
1.889138,1.759119,1.570602,3.043046,3.540126,5.597841,
1.891948,1.754601,1.569432,3.043061,3.540205,5.59818,
1.894687,1.750161,1.568418,3.043087,3.54024,5.59863,
1.897271,1.745746,1.567369,3.043123,3.540251,5.598864,
1.899926,1.741262,1.566176,3.043098,3.540274,5.59906,
1.902338,1.736536,1.564873,3.042886,3.540185,5.598933,
1.90489,1.731853,1.563165,3.042673,3.540194,5.598977,
1.90722,1.727137,1.561612,3.042835,3.540268,5.598956,
1.909388,1.722475,1.560168,3.042929,3.540342,5.598978,
1.911637,1.717889,1.558727,3.043066,3.540348,5.598871,
1.914073,1.713315,1.557338,3.043012,3.540324,5.598745,
1.916723,1.708756,1.556004,3.043038,3.540348,5.598661,
1.919489,1.704278,1.554629,3.043046,3.540368,5.598428,
1.922269,1.699888,1.553491,3.042974,3.540282,5.598173,
1.925116,1.695331,1.552253,3.042976,3.540246,5.597734,
1.927875,1.691221,1.551027,3.043061,3.540208,5.597286,
1.930732,1.687189,1.549693,3.043132,3.540213,5.596828,
1.933767,1.683131,1.54833,3.043191,3.540312,5.596422,
1.936939,1.679271,1.546961,3.043239,3.540309,5.595846,
1.940506,1.675296,1.545522,3.04324,3.540306,5.595337,
1.943434,1.671086,1.54439,3.043307,3.540501,5.5948,
1.946669,1.66766,1.543165,3.043109,3.540469,5.594374,
1.949846,1.663995,1.541773,3.043163,3.540508,5.593865,
1.95317,1.660696,1.540234,3.042975,3.540299,5.593282,
1.956306,1.657309,1.538744,3.043148,3.540311,5.592764,
1.959655,1.654147,1.536919,3.043171,3.540355,5.592305,
1.963019,1.651049,1.535039,3.043296,3.540383,5.592007,
1.9664,1.648123,1.533078,3.043178,3.540393,5.591601,
1.969933,1.645292,1.530778,3.04308,3.540259,5.591188,
1.973682,1.642631,1.528349,3.04301,3.54017,5.590773,
1.97749,1.640103,1.525481,3.043291,3.540168,5.590304,
1.981548,1.637794,1.522465,3.043291,3.540337,5.589758,
1.98575,1.63583,1.518932,3.043188,3.540191,5.588973,
1.99,1.633702,1.515556,3.043241,3.540171,5.588304,
1.994806,1.631779,1.511786,3.043142,3.540155,5.587535,
1.99945,1.629697,1.50796,3.043399,3.540495,5.586899,
2.004495,1.627817,1.503793,3.04342,3.540521,5.58602,
2.009549,1.625971,1.499574,3.043452,3.540592,5.585108,
2.015052,1.6244,1.495143,3.043273,3.540405,5.584148,
2.020465,1.622764,1.490537,3.043238,3.540438,5.583167,
2.026025,1.621248,1.485525,3.043204,3.540404,5.582016,
2.031929,1.620002,1.480046,3.043211,3.540385,5.580818,
2.037906,1.61853,1.474325,3.043115,3.540333,5.579493,
2.043972,1.617147,1.468417,3.043135,3.54035,5.577981,
2.049825,1.615692,1.462274,3.043061,3.540213,5.576157,
2.056041,1.614281,1.455809,3.043121,3.540201,5.574575,
2.062271,1.612926,1.449537,3.043285,3.540236,5.573084,
2.068552,1.611728,1.442912,3.043339,3.540314,5.57134,
2.074837,1.610552,1.436481,3.043135,3.540282,5.569537,
2.081299,1.609323,1.429714,3.043078,3.540192,5.567593,
2.087802,1.608191,1.398207,3.04305,3.540215,5.5373,
2.09422,1.607113,1.390613,3.043108,3.540161,5.534475,
2.100546,1.606003,1.382873,3.043124,3.540142,5.531297,
2.107,1.604844,1.37565,3.043175,3.54027,5.528736,
2.113494,1.603757,1.368497,3.043291,3.540241,5.525868,
2.120138,1.602689,1.361475,3.043299,3.540237,5.523088,
2.126786,1.6016,1.354537,3.04338,3.54037,5.520101,
2.133843,1.600611,1.348305,3.043388,3.540392,5.517692,
2.140989,1.599653,1.341881,3.043409,3.540397,5.514693,
2.148958,1.598698,1.335633,3.043382,3.540642,5.511841,
2.156588,1.597975,1.327646,3.04335,3.540354,5.506858,
2.164358,1.597291,1.321197,3.043379,3.540383,5.503212,
2.17241,1.596699,1.315398,3.043229,3.540158,5.49939,
2.180511,1.596,1.309448,3.043292,3.540162,5.495602,
2.188448,1.595508,1.303691,3.043314,3.540302,5.491876,
2.19635,1.594997,1.297429,3.043298,3.540238,5.487293,
2.204329,1.594472,1.291923,3.043208,3.540258,5.483366,
2.211912,1.593689,1.286845,3.043119,3.540202,5.479807,
2.219338,1.592811,1.281235,3.043184,3.540423,5.47584,
2.226763,1.59183,1.275651,3.043111,3.540418,5.471914,
2.233766,1.590766,1.271281,3.043098,3.540446,5.468958,
2.241011,1.589553,1.265818,3.043197,3.540517,5.46473,
2.248293,1.588567,1.260012,3.042949,3.540263,5.459624,
2.255374,1.587235,1.254259,3.042896,3.540277,5.454339,
2.262786,1.586059,1.248928,3.042768,3.540152,5.449255,
2.270089,1.584882,1.242692,3.043102,3.540354,5.442805,
2.277039,1.583717,1.238466,3.043053,3.540345,5.438267,
2.283963,1.582221,1.233737,3.04292,3.540156,5.432711,
2.290938,1.580731,1.227394,3.043053,3.54023,5.425447,
2.297644,1.579252,1.223091,3.043153,3.540279,5.42034,
2.304249,1.57743,1.218301,3.043117,3.540237,5.414294,
2.31098,1.575645,1.21309,3.043156,3.540233,5.407713,
2.317549,1.573866,1.209555,3.043119,3.540196,5.402699,
2.323843,1.571987,1.205067,3.043184,3.54025,5.396449,
2.330281,1.569885,1.201253,3.043316,3.540262,5.390764,
2.336419,1.567741,1.197783,3.043401,3.540293,5.385215,
2.342676,1.565426,1.194539,3.043513,3.540391,5.379534,
2.348875,1.563015,1.191576,3.043511,3.54038,5.373966,
2.355082,1.56046,1.189632,3.043492,3.540358,5.369318,
2.361462,1.557886,1.187024,3.043462,3.540318,5.36386,
2.367649,1.555172,1.184293,3.043461,3.540342,5.357936,
2.373552,1.552175,1.182966,3.043432,3.540309,5.353392,
2.379738,1.549294,1.18082,3.043553,3.540431,5.347774,
2.386077,1.545865,1.178486,3.043526,3.540462,5.341003,
2.391776,1.542596,1.177449,3.043437,3.540434,5.335329,
2.397846,1.539122,1.176553,3.043417,3.540457,5.329255,
2.404063,1.535403,1.175555,3.043384,3.540437,5.322574,
2.410232,1.53172,1.175211,3.043426,3.540467,5.316431,
2.416059,1.527506,1.175658,3.043422,3.540326,5.310297,
2.422008,1.523357,1.176235,3.043363,3.540271,5.304528,
2.427847,1.519013,1.177144,3.043359,3.540253,5.298905,
2.433523,1.514745,1.178003,3.043494,3.540319,5.293298,
2.439227,1.510217,1.179903,3.043365,3.540265,5.288524,
2.445153,1.505776,1.182897,3.043353,3.540176,5.284478,
2.451047,1.501224,1.184892,3.043351,3.540267,5.279225,
2.457075,1.496583,1.186803,3.043325,3.540251,5.273198,
2.463238,1.491888,1.190422,3.043266,3.540202,5.269048,
2.469515,1.487195,1.193604,3.043132,3.540206,5.26405,
2.475768,1.482506,1.196667,3.043125,3.540216,5.258471,
2.481942,1.477713,1.201015,3.043155,3.540216,5.254549,
2.488315,1.473376,1.204833,3.04298,3.540265,5.250016,
2.494827,1.469195,1.208526,3.042804,3.540232,5.244561,
2.501544,1.465303,1.213962,3.042813,3.540259,5.241093,
2.508234,1.461324,1.218917,3.042952,3.540329,5.236697,
2.515105,1.4577,1.224117,3.042935,3.54032,5.232163,
2.522456,1.454313,1.231064,3.042816,3.540284,5.22876,
2.529841,1.451194,1.237403,3.042916,3.540232,5.224506,
2.537388,1.447984,1.243768,3.043063,3.540205,5.219378,
2.54534,1.444843,1.251575,3.043079,3.540203,5.21565,
2.553046,1.441859,1.25943,3.042908,3.540202,5.21204,
2.560765,1.438756,1.266692,3.04296,3.540153,5.207533,
2.568611,1.435597,1.27478,3.042984,3.540171,5.204369,
2.575927,1.43242,1.282096,3.043046,3.540175,5.200551,
2.583245,1.429259,1.289394,3.043077,3.54018,5.196824,
2.590619,1.426329,1.296728,3.043332,3.540293,5.193449,
2.598266,1.423685,1.308333,3.043379,3.540349,5.196599,
2.605788,1.420952,1.308943,3.043309,3.540357,5.182152,
2.613165,1.418323,1.316553,3.043298,3.540352,5.178304,
2.620433,1.415952,1.325537,3.043205,3.540372,5.177303,
2.627506,1.41367,1.331917,3.043184,3.540332,5.171939,
2.634379,1.411457,1.338982,3.042929,3.540212,5.167651,
2.641313,1.409615,1.347603,3.043123,3.540349,5.165916,
2.648355,1.407834,1.353878,3.043105,3.54034,5.160476,
2.655277,1.406422,1.360978,3.04324,3.540409,5.1561,
2.662651,1.405149,1.369561,3.043354,3.540425,5.153873,
2.67011,1.404222,1.37609,3.043358,3.540476,5.147677,
2.677652,1.403347,1.383917,3.043346,3.540425,5.143034,
2.685494,1.402537,1.39282,3.043296,3.540333,5.140266,
2.693512,1.402029,1.40046,3.043341,3.540434,5.134756,
2.70162,1.401442,1.409141,3.043453,3.540488,5.130422,
2.709994,1.401333,1.418407,3.043366,3.54042,5.127034,
2.71811,1.400999,1.4264,3.043466,3.540482,5.121671,
2.726466,1.400871,1.434157,3.043358,3.540462,5.11673,
2.734703,1.400867,1.443974,3.043294,3.540425,5.114733,
2.742941,1.400743,1.451928,3.043236,3.540369,5.108832,
2.751147,1.400676,1.4599,3.043224,3.540343,5.104078,
2.759228,1.400605,1.469286,3.043192,3.540327,5.100164,
2.767435,1.4006,1.47794,3.043183,3.540245,5.095113,
2.775534,1.400771,1.486096,3.043382,3.540317,5.090453,
2.78366,1.400762,1.495501,3.04352,3.540368,5.085813,
2.79176,1.400877,1.50465,3.043482,3.540344,5.080555,
2.799953,1.401136,1.513645,3.043518,3.540149,5.075477,
2.808032,1.401104,1.523735,3.043523,3.540239,5.070457,
2.816411,1.401404,1.533698,3.043512,3.5402,5.065015,
2.824761,1.40185,1.543511,3.043433,3.540148,5.059791,
2.833212,1.402156,1.554206,3.043313,3.540175,5.054575,
2.841796,1.402765,1.564983,3.043226,3.540148,5.049083,
2.850373,1.403502,1.575567,3.043174,3.540107,5.043548,
2.859383,1.404404,1.586986,3.043031,3.540266,5.038122,
2.868235,1.405366,1.59807,3.043099,3.54037,5.032681,
2.877491,1.406501,1.60946,3.043,3.540335,5.027175,
2.886583,1.407494,1.625126,3.043165,3.540464,5.016974,
2.905802,1.410496,1.644339,3.043258,3.540529,5.011995,
2.933988,1.4157,1.680037,3.043351,3.540509,4.99762,
2.954666,1.421047,1.705554,3.043171,3.540258,4.988351,
2.975585,1.426387,1.731708,3.043272,3.540336,4.979784,
2.996872,1.432494,1.757935,3.043165,3.540231,4.97121,
2.997373,1.432677,1.757694,3.04328,3.540328,4.971579,
3.007789,1.435093,1.770134,3.043348,3.540336,4.967558,
3.017916,1.437286,1.781958,3.043365,3.540265,4.963355,
3.027354,1.439071,1.793703,3.043356,3.540246,4.959098,
3.036476,1.440613,1.804798,3.043328,3.540263,4.955066,
3.045437,1.442107,1.815725,3.043258,3.540149,4.950769,
3.054091,1.443483,1.826501,3.043156,3.540162,4.946478,
3.062812,1.444835,1.837295,3.042985,3.540167,4.942378,
3.071208,1.445816,1.848049,3.042955,3.540172,4.937924,
3.079713,1.446835,1.859006,3.042919,3.540215,4.933494,
3.088319,1.447819,1.870119,3.043163,3.540231,4.92919,
3.096914,1.448639,1.881408,3.043122,3.540264,4.924728,
3.105469,1.449371,1.892963,3.043098,3.540137,4.920054,
3.113861,1.449823,1.904503,3.043133,3.540123,4.915359,
3.12224,1.450171,1.91615,3.043087,3.540064,4.910428,
3.130267,1.450414,1.927709,3.043203,3.540151,4.905808,
3.137928,1.450494,1.938783,3.043436,3.540249,4.900877,
3.145133,1.450353,1.949493,3.043439,3.540289,4.895863,
3.152255,1.45003,1.960124,3.043381,3.540453,4.890977,
3.159091,1.4498,1.97034,3.043096,3.540398,4.885672,
3.165728,1.449237,1.980636,3.043108,3.540425,4.880813,
3.171937,1.448716,1.990916,3.043275,3.540338,4.876007,
3.178382,1.447812,2.001067,3.043327,3.54038,4.87129,
3.184375,1.446724,2.011195,3.043345,3.540369,4.866758,
3.190455,1.445861,2.020958,3.043283,3.540356,4.862109,
3.19626,1.444685,2.030883,3.043341,3.540361,4.857492,
3.201926,1.443376,2.040806,3.043328,3.540377,4.852922,
3.20738,1.442022,2.050292,3.043117,3.540255,4.848011,
3.212739,1.440507,2.059685,3.043293,3.540261,4.843213,
3.21812,1.438999,2.069368,3.04332,3.540342,4.838251,
3.223155,1.437493,2.078393,3.043313,3.540444,4.833465,
3.228405,1.436031,2.087736,3.043357,3.540441,4.828138,
3.233568,1.434434,2.097309,3.043209,3.540485,4.82296,
3.238453,1.432766,2.106572,3.043196,3.540331,4.817816,
3.243577,1.431116,2.11605,3.043315,3.540325,4.812448,
3.248423,1.429215,2.125507,3.043316,3.540341,4.806992,
3.253365,1.427516,2.134955,3.043226,3.540311,4.801423,
3.25842,1.425856,2.144532,3.043329,3.540287,4.795737,
3.263202,1.423883,2.154068,3.043423,3.540302,4.790072,
3.26802,1.422274,2.163352,3.04333,3.54031,4.784286,
3.272732,1.420573,2.172441,3.04314,3.540314,4.778278,
3.277092,1.418624,2.181334,3.043084,3.540251,4.772163,
3.281069,1.416517,2.189445,3.043106,3.540327,4.76591,
3.284787,1.414409,2.197263,3.043255,3.540326,4.759304,
3.288357,1.412237,2.205108,3.043226,3.540314,4.752776,
3.291746,1.410097,2.212271,3.04319,3.540291,4.745558,
3.295151,1.408073,2.219584,3.043198,3.540274,4.738614,
3.298481,1.406011,2.226801,3.043111,3.540304,4.731197,
3.301315,1.403817,2.233347,3.043098,3.540336,4.723707,
3.30361,1.401347,2.239417,3.043168,3.540337,4.715955,
3.3057,1.398887,2.245332,3.043218,3.540325,4.708227,
3.307651,1.396483,2.250954,3.043297,3.540334,4.700494,
3.309464,1.394145,2.256104,3.043201,3.540305,4.692023,
3.311354,1.391887,2.261958,3.043443,3.540405,4.684129,
3.313092,1.389639,2.267205,3.043339,3.540319,4.675819,
3.314697,1.3873,2.27242,3.043306,3.540264,4.667452,
3.316387,1.385026,2.278119,3.043297,3.540252,4.659095,
3.317953,1.38272,2.283697,3.043458,3.540236,4.650919,
3.319398,1.380394,2.289059,3.043417,3.540205,4.64256,
3.321459,1.378805,2.294821,3.043174,3.540059,4.63431,
3.322967,1.376897,2.299861,3.043007,3.539909,4.625971,
3.324196,1.375075,2.30459,3.042914,3.539872,4.617716,
3.325553,1.373176,2.309516,3.042996,3.540043,4.6096,
3.326463,1.371288,2.313844,3.043051,3.540114,4.601501,
3.327295,1.369629,2.317557,3.042966,3.540064,4.593062,
3.328519,1.368304,2.3219,3.043061,3.540205,4.584944,
3.329428,1.367142,2.325446,3.04296,3.540172,4.576771,
3.330369,1.366035,2.328777,3.043021,3.540161,4.568405,
3.331561,1.365056,2.332561,3.043069,3.540204,4.560224,
3.3326,1.36416,2.335658,3.043046,3.540246,4.552075,
3.33382,1.363465,2.338758,3.043065,3.540245,4.543513,
3.334805,1.362774,2.342075,3.043272,3.540314,4.535273,
3.335754,1.362367,2.344397,3.0433,3.540354,4.526852,
3.336546,1.361792,2.346704,3.043347,3.54036,4.518016,
3.336778,1.36093,2.348593,3.043409,3.540352,4.509455,
3.336969,1.360025,2.349975,3.043501,3.540388,4.500918,
3.337394,1.35935,2.351876,3.043195,3.540374,4.49254,
3.337822,1.358907,2.353632,3.043017,3.540272,4.484415,
3.338333,1.358609,2.355037,3.043011,3.540305,4.476749,
3.338901,1.358256,2.356408,3.043221,3.540351,4.469498,
3.339331,1.357847,2.357902,3.043163,3.540366,4.462391,
3.33987,1.357487,2.35927,3.043171,3.540163,4.455445,
3.340558,1.357224,2.360645,3.043294,3.540222,4.448901,
3.341344,1.357123,2.362339,3.043186,3.540152,4.442335,
3.342046,1.357067,2.363604,3.043104,3.53997,4.436167,
3.34281,1.357359,2.364805,3.043131,3.539916,4.430594,
3.343559,1.357493,2.366369,3.043374,3.540045,4.425506,
3.344153,1.35751,2.367527,3.043531,3.540218,4.420524,
3.344657,1.357546,2.36846,3.043495,3.540158,4.414976,
3.345083,1.357581,2.369488,3.043446,3.540103,4.40988,
3.345609,1.357502,2.370591,3.043517,3.540167,4.404848,
3.346155,1.357509,2.371685,3.043506,3.540148,4.399469,
3.346598,1.357371,2.372881,3.043229,3.540064,4.39411,
3.346658,1.35674,2.373851,3.043163,3.540026,4.38897,
3.346545,1.356156,2.374359,3.043116,3.540012,4.383465,
3.346821,1.355901,2.375418,3.043133,3.540016,4.378337,
3.346985,1.355426,2.376136,3.043242,3.540331,4.373422,
3.34765,1.355705,2.376904,3.04322,3.540328,4.368012,
3.348307,1.355731,2.377884,3.043385,3.5405,4.362942,
3.349169,1.35576,2.378988,3.04333,3.540567,4.357616,
3.350059,1.356276,2.37979,3.043274,3.540304,4.352061,
3.350857,1.356375,2.380614,3.043284,3.540312,4.346675,
3.351853,1.356736,2.381429,3.043338,3.540272,4.341209,
3.352936,1.356982,2.382254,3.043277,3.540275,4.335511,
3.353999,1.357253,2.383295,3.043212,3.540239,4.329808,
3.354509,1.357386,2.383416,3.043097,3.540223,4.324049,
3.354915,1.357218,2.383531,3.043161,3.540225,4.318226,
3.355273,1.357013,2.383771,3.043287,3.540266,4.312534,
3.355383,1.356776,2.383629,3.043264,3.540255,4.306624,
3.355492,1.356454,2.383669,3.043219,3.540209,4.300597,
3.355752,1.356305,2.383877,3.043139,3.540158,4.294439,
3.355664,1.355983,2.383703,3.043195,3.54007,4.288076,
3.355874,1.355699,2.383821,3.04317,3.540087,4.28187,
3.355957,1.355451,2.383845,3.043241,3.540068,4.275458,
3.355581,1.354769,2.383308,3.04317,3.540064,4.268836,
3.355342,1.354389,2.382954,3.043182,3.540001,4.261952,
3.355109,1.354218,2.382608,3.043252,3.539979,4.255223,
3.355072,1.354247,2.38217,3.043189,3.540078,4.248303,
3.354928,1.354193,2.381998,3.043196,3.54007,4.241296,
3.354384,1.353788,2.381599,3.043165,3.54003,4.234181,
3.353988,1.353681,2.381111,3.043063,3.540159,4.227152,
3.353813,1.353821,2.380814,3.043038,3.540196,4.220147,
3.353485,1.353883,2.38053,3.043022,3.540192,4.212716,
3.353003,1.353997,2.379925,3.043143,3.540217,4.205264,
3.352515,1.354223,2.379604,3.04291,3.540259,4.197624,
3.351809,1.354116,2.379088,3.042866,3.540265,4.189845,
3.350655,1.354131,2.377996,3.043,3.540165,4.182305,
3.349538,1.354025,2.377183,3.042841,3.540133,4.174335,
3.348369,1.354102,2.376399,3.042846,3.540068,4.166292,
3.346801,1.354164,2.37532,3.042994,3.540221,4.158146,
3.34544,1.354202,2.374376,3.043021,3.54027,4.150017,
3.343729,1.354099,2.373504,3.043112,3.54031,4.141078,
3.342311,1.354546,2.372544,3.043189,3.540192,4.132322,
3.340546,1.354511,2.371528,3.043236,3.540262,4.122898,
3.338611,1.354596,2.370356,3.043293,3.540298,4.113738,
3.336655,1.354831,2.368932,3.043327,3.540216,4.104099,
3.334537,1.354906,2.367378,3.043184,3.540204,4.094644,
3.332391,1.355183,2.365542,3.043093,3.540169,4.084933,
3.330121,1.355512,2.363612,3.043214,3.54026,4.075581,
3.328038,1.356013,2.361892,3.043294,3.54027,4.066271,
3.325656,1.356122,2.359894,3.043322,3.540266,4.057008,
3.32323,1.35644,2.35761,3.04329,3.540285,4.047964,
3.320856,1.356889,2.355666,3.043326,3.540272,4.039037,
3.318457,1.357518,2.353861,3.043253,3.540208,4.030185,
3.315906,1.35827,2.351828,3.043116,3.540085,4.021622,
3.313332,1.359048,2.35003,3.04309,3.540018,4.013292,
3.310801,1.359967,2.348218,3.043118,3.539956,4.004963,
3.308232,1.3612,2.34637,3.043244,3.540052,3.997293,
3.305403,1.362324,2.344315,3.043239,3.540051,3.989626,
3.302558,1.363741,2.342,3.043128,3.540059,3.982135,
3.299739,1.365252,2.339483,3.04313,3.540091,3.974783,
3.296651,1.366926,2.336532,3.042928,3.540075,3.968013,
3.293499,1.368702,2.333471,3.042799,3.540033,3.961664,
3.290176,1.370547,2.330115,3.042774,3.539986,3.955205,
3.286382,1.372201,2.326175,3.042937,3.539993,3.949915,
3.282613,1.373945,2.322319,3.043039,3.540024,3.944453,
3.278609,1.375522,2.318238,3.0431,3.540046,3.938769,
3.274158,1.377154,2.31346,3.043192,3.540096,3.933675,
3.269969,1.379077,2.309027,3.043203,3.540106,3.928261,
3.26543,1.380701,2.3041,3.043168,3.540063,3.922958,
3.260733,1.382654,2.299016,3.043174,3.540013,3.917691,
3.256126,1.384789,2.29397,3.04317,3.540025,3.912583,
3.251677,1.386894,2.288956,3.043219,3.540141,3.907434,
3.246861,1.388955,2.283584,3.043272,3.540209,3.902359,
3.242068,1.390968,2.278333,3.043314,3.540325,3.89721,
3.237338,1.392771,2.273189,3.04339,3.540321,3.891853,
3.232377,1.394888,2.267643,3.043175,3.540066,3.886364,
3.227686,1.397127,2.262178,3.043181,3.540087,3.881125,
3.222969,1.39891,2.256984,3.043236,3.539933,3.875817,
3.217975,1.400741,2.251165,3.043329,3.540093,3.870623,
3.213739,1.402774,2.246294,3.043343,3.54022,3.865319,
3.209181,1.404438,2.241213,3.043296,3.539969,3.859919,
3.204492,1.406376,2.235813,3.043333,3.54003,3.854743,
3.200722,1.408782,2.231356,3.043498,3.540293,3.849789,
3.196377,1.411222,2.226254,3.043365,3.540268,3.84458,
3.191927,1.413709,2.221034,3.043387,3.540293,3.839492,
3.188227,1.416087,2.216696,3.043246,3.540255,3.834229,
3.184466,1.418777,2.212594,3.043276,3.540154,3.828928,
3.180342,1.420918,2.208272,3.043368,3.540214,3.823747,
3.177109,1.423026,2.204981,3.043408,3.540207,3.818538,
3.173404,1.425029,2.201253,3.043374,3.540158,3.813289,
3.168867,1.426596,2.196661,3.043408,3.540169,3.808045,
3.164902,1.428517,2.192734,3.043481,3.540152,3.802772,
3.16079,1.429898,2.188656,3.043403,3.540325,3.797593,
3.156214,1.43181,2.184105,3.043291,3.540201,3.792182,
3.152093,1.433397,2.180071,3.043174,3.539983,3.786694,
3.148203,1.435622,2.176219,3.043102,3.539982,3.781225,
3.143376,1.437385,2.171472,3.043094,3.540014,3.775785,
3.140411,1.440011,2.168564,3.04306,3.539938,3.770296,
3.136669,1.442132,2.164892,3.043133,3.5402,3.764848,
3.133182,1.444274,2.161479,3.043162,3.540338,3.759288,
3.128283,1.445361,2.156752,3.043122,3.540259,3.753535,
3.124145,1.447027,2.152703,3.043077,3.540279,3.747766,
3.120784,1.448964,2.149373,3.043088,3.540245,3.741903,
3.115099,1.449329,2.143859,3.043038,3.540173,3.73593,
3.110688,1.45096,2.139254,3.043005,3.540146,3.729772,
3.106906,1.452684,2.135387,3.042794,3.54,3.72332,
3.101229,1.453397,2.129341,3.042648,3.539916,3.716824,
3.096519,1.454652,2.124384,3.04274,3.539879,3.710097,
3.092523,1.456302,2.120121,3.042883,3.539933,3.703595,
3.086891,1.457472,2.113939,3.04305,3.540084,3.696846,
3.082074,1.458987,2.108605,3.043014,3.540042,3.689663,
3.078003,1.460888,2.104147,3.042943,3.539819,3.682578,
3.072486,1.462369,2.097849,3.042958,3.53982,3.675273,
3.067471,1.464086,2.092091,3.042849,3.539795,3.667523,
3.062897,1.465822,2.086746,3.043038,3.539994,3.659972,
3.057674,1.467775,2.080763,3.042959,3.539963,3.652028,
3.052653,1.469447,2.075148,3.043022,3.539978,3.644195,
3.048117,1.471423,2.070031,3.043159,3.540082,3.636483,
3.043114,1.473673,2.064274,3.043246,3.540142,3.628669,
3.038063,1.475475,2.058761,3.043266,3.540177,3.620833,
3.033278,1.477453,2.053649,3.043301,3.54021,3.612922,
3.028305,1.479537,2.048371,3.043195,3.540082,3.604873,
3.022991,1.481229,2.043164,3.043277,3.540084,3.596744,
3.018023,1.483076,2.038395,3.043202,3.540064,3.588672,
3.013021,1.485045,2.033629,3.043181,3.540075,3.580649,
3.007854,1.48673,2.028743,3.043154,3.540073,3.572636,
3.003016,1.48845,2.024087,3.043166,3.540113,3.564893,
2.998415,1.490662,2.019548,3.043312,3.540176,3.557527,
2.993765,1.492645,2.015093,3.043273,3.540159,3.55006,
2.989499,1.494799,2.010941,3.043062,3.540173,3.542622,
2.985487,1.497308,2.007021,3.042944,3.54012,3.535153,
2.980852,1.498996,2.002626,3.042972,3.540136,3.527546,
2.976492,1.5005,1.998707,3.043038,3.540135,3.520122,
2.972047,1.502039,1.994619,3.043012,3.540164,3.512672,
2.967693,1.503508,1.990789,3.043046,3.540176,3.50515,
2.96362,1.504899,1.98727,3.043185,3.54024,3.497768,
2.959336,1.506153,1.983489,3.043236,3.540211,3.490242,
2.955196,1.507456,1.980032,3.043284,3.540226,3.482721,
2.951687,1.508995,1.97726,3.04321,3.54017,3.475321,
2.94789,1.510337,1.974188,3.043125,3.540018,3.468013,
2.94432,1.511834,1.971355,3.043144,3.540015,3.46121,
2.941036,1.513459,1.968879,3.04319,3.539982,3.454541,
2.937401,1.514654,1.965979,3.043208,3.539966,3.448292,
2.933876,1.515993,1.963327,3.043007,3.539952,3.442218,
2.930639,1.517283,1.960958,3.043092,3.539968,3.436287,
2.927267,1.518626,1.958586,3.043314,3.540204,3.431038,
2.923989,1.519826,1.956324,3.043116,3.540247,3.425587,
2.92114,1.521181,1.954424,3.043121,3.540217,3.420647,
2.918128,1.522432,1.952443,3.043127,3.540179,3.415671,
2.914995,1.523401,1.950388,3.043319,3.540214,3.411519,
2.912174,1.524551,1.948733,3.043451,3.54023,3.407257,
2.909083,1.525323,1.946955,3.043398,3.540197,3.402956,
2.906009,1.526108,1.945154,3.043326,3.540208,3.398664,
2.90329,1.526985,1.943728,3.043465,3.540214,3.39473,
2.899626,1.526507,1.941283,3.043428,3.540339,3.390723,
2.896389,1.52679,1.939284,3.04329,3.540321,3.386744,
2.893063,1.527121,1.937249,3.043316,3.540342,3.382996,
2.890483,1.527837,1.935831,3.043191,3.540164,3.379215,
2.887567,1.527946,1.934157,3.043151,3.540169,3.37538,
2.884499,1.528019,1.93228,3.043035,3.540133,3.371765,
2.881564,1.528145,1.930546,3.043128,3.540024,3.368151,
2.878478,1.527634,1.92873,3.043034,3.540014,3.364467,
2.874993,1.527101,1.926492,3.042928,3.539955,3.36075,
2.871736,1.526751,1.924438,3.042993,3.540111,3.357249,
2.868439,1.525895,1.9224,3.042962,3.540097,3.35365,
2.864782,1.525155,1.919933,3.042972,3.540089,3.349934,
2.860975,1.524019,1.91743,3.043033,3.540171,3.346187,
2.857134,1.523058,1.915007,3.043003,3.540132,3.342,
2.853468,1.521724,1.914132,3.042926,3.540273,3.333996,
2.846049,1.518532,1.90825,3.042927,3.540327,3.330014,
2.84188,1.516556,1.905774,3.042928,3.540391,3.325792,
2.83781,1.514586,1.903682,3.043005,3.540288,3.32141,
2.834169,1.51211,1.901489,3.042805,3.540287,3.317081,
2.830104,1.509659,1.899279,3.04282,3.540284,3.312627,
2.826007,1.506867,1.89704,3.042836,3.540326,3.308084,
2.822391,1.504459,1.895194,3.041989,3.540365,3.303381,
2.818419,1.502677,1.893132,3.04201,3.540327,3.298585,
2.814727,1.500924,1.891288,3.041782,3.540128,3.293503,
2.810977,1.499696,1.889561,3.041663,3.540132,3.288269,
2.806808,1.498718,1.887434,3.04171,3.540152,3.283338,
2.802469,1.497104,1.885254,3.041624,3.540134,3.278084,
2.798212,1.496017,1.883278,3.042304,3.54016,3.272879,
2.794046,1.495264,1.8815,3.042307,3.540133,3.26738,
2.79006,1.494271,1.879929,3.042201,3.540114,3.26163,
2.785574,1.493797,1.878191,3.042374,3.540171,3.256004,
2.782436,1.493825,1.877787,3.042399,3.540106,3.250111,
2.778641,1.49315,1.876752,3.04225,3.540128,3.243988,
2.774983,1.49298,1.876211,3.042297,3.540109,3.237924,
2.771595,1.49323,1.875911,3.042282,3.540078,3.231809,
2.767977,1.492633,1.875134,3.042116,3.540096,3.225445,
2.764289,1.492951,1.875058,3.042274,3.540218,3.219017,
2.760595,1.493607,1.874814,3.042358,3.540221,3.212522,
2.756924,1.494228,1.87478,3.042505,3.540209,3.205951,
2.753275,1.495013,1.874436,3.042319,3.54022,3.19927,
2.750312,1.496083,1.875185,3.042268,3.540231,3.192376,
2.746544,1.496513,1.87507,3.042345,3.540459,3.185616,
2.742507,1.497569,1.875011,3.042131,3.540401,3.178485,
2.739004,1.498655,1.875583,3.041938,3.540349,3.171013,
2.735108,1.499682,1.876215,3.042163,3.540192,3.163583,
2.731371,1.501113,1.876545,3.041869,3.540049,3.155947,
2.728093,1.502627,1.877768,3.041969,3.540071,3.148388,
2.724257,1.503601,1.878499,3.041838,3.539804,3.140193,
2.720128,1.505096,1.87923,3.041846,3.53987,3.132441,
2.717118,1.507021,1.88113,3.041788,3.539835,3.12434,
2.713249,1.508287,1.882033,3.041815,3.539971,3.116364,
2.709047,1.510151,1.88302,3.041759,3.540043,3.108119,
2.705982,1.51238,1.885094,3.041863,3.540044,3.09977,
2.702345,1.514403,1.886642,3.041837,3.540088,3.091462,
2.698714,1.516776,1.888631,3.041822,3.540085,3.0828,
2.695076,1.519326,1.890824,3.041771,3.539973,3.073897,
2.691323,1.521546,1.892847,3.0419,3.540162,3.065056,
2.687369,1.524281,1.895191,3.042013,3.540169,3.056268,
2.68377,1.527112,1.897818,3.042162,3.540192,3.047531,
2.680159,1.52993,1.900319,3.042131,3.540181,3.038821,
2.676513,1.533077,1.903132,3.042193,3.540188,3.030143,
2.673058,1.536045,1.906203,3.042383,3.540211,3.021575,
2.670007,1.53931,1.909492,3.040893,3.54011,3.012989,
2.666303,1.542217,1.912707,3.041664,3.540058,3.0045,
2.662785,1.545086,1.916203,3.041581,3.540025,2.996197,
2.65938,1.547929,1.919737,3.041656,3.540163,2.987973,
2.65575,1.550883,1.923303,3.042752,3.540136,2.979861,
2.652668,1.553954,1.926759,3.042626,3.540035,2.972195,
2.649631,1.557191,1.930295,3.042832,3.5401,2.964434,
2.646577,1.560604,1.933575,3.043026,3.539972,2.956916,
2.644076,1.563992,1.936518,3.043231,3.540031,2.950501,
2.641314,1.567552,1.939356,3.043326,3.539968,2.943801,
2.638801,1.571077,1.94227,3.043391,3.539961,2.937315,
2.636369,1.574621,1.944969,3.043396,3.539925,2.931288,
2.634081,1.578426,1.947799,3.043431,3.540028,2.925292,
2.627843,1.581715,1.94744,3.043367,3.539965,2.919273,
2.626587,1.585985,1.951086,3.043288,3.539917,2.913586,
2.624482,1.590547,1.954317,3.043311,3.539944,2.907549,
2.622215,1.595646,1.957288,3.043078,3.53993,2.901729,
2.620554,1.6012,1.960981,3.043015,3.539922,2.895862,
2.618579,1.606439,1.964485,3.043053,3.539912,2.889837,
2.616776,1.611579,1.96812,3.04287,3.539854,2.883822,
2.614744,1.616581,1.971821,3.042885,3.539917,2.877806,
2.61274,1.621145,1.975589,3.043032,3.53985,2.871626,
2.610646,1.625494,1.979248,3.043035,3.539894,2.865568,
2.608239,1.629468,1.98286,3.043184,3.53997,2.859427,
2.606039,1.632884,1.986533,3.043161,3.540019,2.853194,
2.603959,1.635884,1.990354,3.043198,3.54005,2.846923,
2.601415,1.638417,1.993823,3.04325,3.540063,2.840623,
2.599798,1.640562,1.998037,3.043284,3.540059,2.834133,
2.598338,1.64263,2.002335,3.043368,3.540122,2.827815,
2.596197,1.644525,2.006039,3.043265,3.54009,2.821412,
2.594087,1.646364,2.009893,3.043359,3.540086,2.81502,
2.592118,1.648705,2.013752,3.043266,3.540069,2.808783,
2.58965,1.651492,2.017162,3.043262,3.540018,2.802564,
2.587618,1.655049,2.021446,3.043293,3.540086,2.795979,
2.586045,1.658549,2.025724,3.043212,3.540048,2.789671,
2.584095,1.661525,2.029692,3.043273,3.540066,2.783371,
2.582007,1.664352,2.033686,3.043387,3.540267,2.777028,
2.580449,1.666389,2.037837,3.043329,3.540228,2.7706,
2.578797,1.668021,2.041937,3.043292,3.540199,2.764111,
2.577646,1.669395,2.046568,3.043288,3.540268,2.757438,
2.576711,1.670406,2.051163,3.043363,3.540259,2.751079,
2.575688,1.670971,2.055665,3.043318,3.540229,2.744467,
2.574833,1.671786,2.060553,3.043137,3.540014,2.737519,
2.573941,1.67221,2.065377,3.043182,3.54006,2.730671,
2.573069,1.672372,2.070043,3.043156,3.540051,2.723977,
2.572179,1.672957,2.075203,3.043035,3.540034,2.716757,
2.57152,1.673329,2.080348,3.043,3.540009,2.709727,
2.571051,1.673594,2.085708,3.042933,3.539979,2.702473,
2.570604,1.673961,2.091183,3.042608,3.540039,2.695027,
2.569944,1.674298,2.096336,3.042597,3.540045,2.687653,
2.569676,1.674668,2.101746,3.042632,3.540205,2.680327,
2.569047,1.674854,2.106961,3.042845,3.540147,2.672731,
2.568567,1.674712,2.11206,3.042858,3.540143,2.665,
2.568135,1.67444,2.117182,3.042965,3.540188,2.657508,
2.567605,1.673871,2.122362,3.043017,3.540228,2.649533,
2.567202,1.673007,2.127503,3.042868,3.539999,2.641337,
2.566957,1.671972,2.132439,3.0428,3.539924,2.633346,
2.566083,1.670721,2.137387,3.042932,3.539927,2.624979,
2.565278,1.669412,2.141819,3.04312,3.540071,2.617041,
2.56452,1.66805,2.14645,3.043239,3.540005,2.608974,
2.563972,1.666558,2.150886,3.043157,3.540016,2.600878,
2.563362,1.665008,2.15517,3.043256,3.540087,2.593019,
2.56279,1.663498,2.159519,3.043152,3.540114,2.58513,
2.562028,1.661684,2.163164,3.043089,3.540083,2.577488,
2.561348,1.65967,2.166892,3.04307,3.540071,2.56997,
2.560519,1.657618,2.170291,3.042975,3.539976,2.562576,
2.559844,1.655593,2.173715,3.043045,3.540168,2.555451,
2.559212,1.653272,2.177113,3.043062,3.540154,2.548241,
2.558578,1.650847,2.180534,3.043218,3.540272,2.541097,
2.557929,1.64804,2.183668,3.043177,3.540066,2.533779,
2.557465,1.645185,2.18644,3.043177,3.540055,2.527132,
2.556593,1.642096,2.189124,3.043088,3.53998,2.520275,
2.55597,1.638921,2.192121,3.043181,3.539995,2.51341,
2.556117,1.635448,2.195696,3.04318,3.539984,2.506457,
2.554958,1.632118,2.198686,3.043147,3.540042,2.499444,
2.554577,1.628758,2.202404,3.04324,3.540077,2.492414,
2.554882,1.62509,2.206289,3.043212,3.540091,2.485408,
2.553973,1.621908,2.209737,3.043278,3.540105,2.478551,
2.553679,1.618355,2.213077,3.043319,3.540151,2.471997,
2.553741,1.614458,2.216431,3.043335,3.540154,2.465608,
2.552824,1.610688,2.21926,3.043283,3.540128,2.459154,
2.552159,1.606534,2.221604,3.043409,3.540124,2.453199,
2.551922,1.602103,2.223888,3.043374,3.54014,2.447561,
2.550887,1.597709,2.22569,3.043245,3.540025,2.441907,
2.549989,1.59294,2.227034,3.043015,3.540025,2.436593,
2.549289,1.587757,2.228106,3.042979,3.540043,2.431637,
2.547795,1.582456,2.228905,3.043037,3.540118,2.426492,
2.546358,1.576931,2.229043,3.043097,3.540143,2.421943,
2.545236,1.571131,2.229466,3.043077,3.540138,2.417047,
2.543303,1.565423,2.229345,3.043067,3.540156,2.41232,
2.541975,1.560117,2.229802,3.043184,3.540182,2.407413,
2.541008,1.554627,2.230379,3.043208,3.540172,2.402497,
2.539006,1.549278,2.230836,3.043321,3.540128,2.397387,
2.537585,1.544105,2.231742,3.043336,3.540109,2.392096,
2.536223,1.538735,2.232775,3.043401,3.540173,2.386834,
2.534574,1.533351,2.233858,3.04346,3.539992,2.381314,
2.533255,1.528016,2.235334,3.043339,3.540031,2.375644,
2.531991,1.523001,2.236933,3.043358,3.539995,2.37,
2.530619,1.518236,2.238722,3.043365,3.540045,2.364217,
2.52889,1.51357,2.24014,3.043243,3.539973,2.35834,
2.527219,1.509519,2.242006,3.043234,3.540006,2.352449,
2.526176,1.507849,2.245956,3.043284,3.540075,2.346379,
2.52407,1.503675,2.247576,3.043264,3.54008,2.340281,
2.521945,1.499945,2.249468,3.043157,3.540027,2.334148,
2.520497,1.498096,2.252952,3.043029,3.539989,2.327916,
2.517957,1.494752,2.254616,3.042971,3.539979,2.321707,
2.515554,1.491748,2.256696,3.042985,3.540018,2.315481,
2.513345,1.489487,2.259772,3.043252,3.5403,2.309194,
2.510499,1.486724,2.261825,3.043169,3.540319,2.302726,
2.508195,1.484055,2.26456,3.043004,3.54033,2.295999,
2.505885,1.481692,2.267469,3.042924,3.540226,2.289243,
2.503116,1.479153,2.269979,3.042872,3.540225,2.282506,
2.5003,1.476451,2.272539,3.042875,3.540317,2.275801,
2.497805,1.474484,2.275841,3.042877,3.540215,2.268722,
2.494521,1.472072,2.278476,3.042957,3.540223,2.261598,
2.491287,1.469748,2.281203,3.042931,3.540221,2.254536,
2.487892,1.467644,2.284293,3.042698,3.540064,2.246938,
2.484035,1.465439,2.286969,3.042761,3.540014,2.239464,
2.480257,1.463093,2.289925,3.04256,3.539903,2.231785,
2.476351,1.460872,2.293407,3.042645,3.539976,2.223818,
2.472167,1.458705,2.296614,3.042888,3.539985,2.215765,
2.467994,1.456539,2.299949,3.043043,3.539985,2.207846,
2.463695,1.454376,2.303494,3.043028,3.539939,2.199464,
2.459229,1.452732,2.307141,3.043014,3.539923,2.191086,
2.454934,1.450927,2.311,3.04298,3.539888,2.182631,
2.450371,1.44919,2.31511,3.043064,3.539879,2.173804,
2.44577,1.44767,2.319135,3.043099,3.539843,2.16511,
2.441069,1.446213,2.323425,3.043133,3.539847,2.156216,
2.43619,1.44465,2.327664,3.043182,3.540036,2.147237,
2.431226,1.443383,2.332086,3.043179,3.540084,2.138043,
2.425965,1.442306,2.336274,3.0432,3.540096,2.129076,
2.420627,1.441272,2.340375,3.043338,3.540087,2.119994,
2.415084,1.440467,2.344336,3.043226,3.540077,2.110925,
2.409171,1.439627,2.348063,3.043187,3.540019,2.101957,
2.403254,1.438802,2.35169,3.043148,3.53998,2.093009,
2.397291,1.438266,2.355596,3.042796,3.539978,2.0839,
2.39101,1.437772,2.359321,3.04269,3.539921,2.074869,
2.38462,1.437242,2.362947,3.042692,3.539916,2.065894,
2.378356,1.436836,2.366658,3.043072,3.539949,2.057122,
2.358685,1.436521,2.377481,3.043172,3.539993,2.030773,
2.358002,1.436773,2.376909,3.043282,3.54003,2.031027,
2.351136,1.437107,2.38012,3.04326,3.540063,2.022592,
2.34379,1.437209,2.382746,3.0434,3.540216,2.014454,
2.336703,1.437496,2.385645,3.043426,3.540264,2.006252,
2.329375,1.438134,2.387989,3.04343,3.540312,1.998548,
2.32223,1.438811,2.390098,3.043281,3.540173,1.990979,
2.314986,1.439558,2.392142,3.043342,3.540219,1.983734,
2.307514,1.44054,2.393922,3.043323,3.540194,1.976533,
2.300253,1.441707,2.395207,3.043407,3.540289,1.970007,
2.292884,1.442829,2.396105,3.043345,3.540258,1.963774,
2.285143,1.444073,2.396308,3.043364,3.540239,1.957978,
2.277388,1.445302,2.396433,3.043382,3.540231,1.952288,
2.269777,1.446759,2.396323,3.043365,3.540162,1.947017,
2.262468,1.448225,2.396204,3.043385,3.540175,1.941824,
2.255072,1.449677,2.395676,3.043402,3.540119,1.936908,
2.248102,1.45178,2.395183,3.043265,3.540054,1.932329,
2.241179,1.453827,2.394525,3.043128,3.54003,1.927539,
2.233762,1.455804,2.393533,3.043142,3.540027,1.923003,
2.226188,1.457732,2.392285,3.043057,3.540021,1.918532,
2.218466,1.459666,2.391135,3.043132,3.540063,1.914173,
2.210526,1.461084,2.390046,3.043021,3.540053,1.90934,
2.20274,1.462417,2.389137,3.042986,3.540052,1.904608,
2.194818,1.463618,2.38845,3.043007,3.540036,1.899646,
2.186922,1.464425,2.387851,3.042847,3.540011,1.894421,
2.179136,1.465751,2.387414,3.042835,3.539919,1.889094,
2.171669,1.466694,2.38674,3.042741,3.539873,1.88395,
2.16387,1.467314,2.386007,3.042642,3.539896,1.878602,
2.156318,1.468274,2.385468,3.042612,3.539913,1.873254,
2.149025,1.469057,2.384773,3.04267,3.539921,1.86813,
2.141551,1.46968,2.384359,3.042609,3.539931,1.862568,
2.134147,1.470231,2.383842,3.042833,3.539891,1.857127,
2.126891,1.470379,2.383208,3.042873,3.539884,1.851651,
2.119745,1.470547,2.382807,3.043025,3.539964,1.84623,
2.11266,1.470598,2.38246,3.043142,3.540011,1.840564,
2.105525,1.470757,2.381988,3.043085,3.539963,1.834915,
2.098151,1.470588,2.381304,3.043023,3.539888,1.829036,
2.090869,1.470336,2.380591,3.043087,3.539985,1.823352,
2.083558,1.469936,2.379684,3.043119,3.539991,1.817555,
2.075986,1.469318,2.37854,3.043158,3.540043,1.811644,
2.068331,1.46872,2.377354,3.043261,3.540071,1.805778,
2.06034,1.468,2.375839,3.043147,3.540004,1.799884,
2.05238,1.467054,2.374396,3.043178,3.540049,1.79388,
2.044327,1.465781,2.372792,3.0431,3.539958,1.787719,
2.036026,1.464704,2.37107,3.043215,3.540045,1.781872,
2.027684,1.463241,2.36919,3.043176,3.540044,1.775802,
2.019186,1.461881,2.367291,3.043307,3.540112,1.769819,
2.010734,1.46056,2.365377,3.043284,3.540116,1.763849,
2.001555,1.458513,2.362667,3.043189,3.539988,1.757647,
1.992739,1.457071,2.360803,3.043159,3.539944,1.751453,
1.983932,1.455097,2.358565,3.0432,3.539958,1.745348,
1.974697,1.45278,2.356244,3.043055,3.539896,1.738914,
1.965327,1.450647,2.360982,3.042914,3.539813,1.726195,
1.94632,1.445742,2.348825,3.042997,3.539967,1.719947,
1.936713,1.443297,2.346224,3.043076,3.540018,1.713651,
1.926704,1.44083,2.343311,3.04312,3.540041,1.70742,
1.917054,1.438226,2.340356,3.043188,3.54015,1.701237,
1.90738,1.435665,2.337407,3.043154,3.540111,1.695031,
1.89768,1.433165,2.333997,3.043174,3.540095,1.689082,
1.887999,1.430495,2.330199,3.043324,3.540105,1.683159,
1.878224,1.428026,2.326611,3.042966,3.539954,1.677066,
1.868758,1.42535,2.322357,3.042733,3.539898,1.671405,
1.859039,1.422551,2.317618,3.042721,3.539892,1.665882,
1.849578,1.420248,2.312992,3.04271,3.539887,1.660392,
1.840569,1.417914,2.308207,3.042635,3.539855,1.655057,
1.831446,1.415515,2.303244,3.042676,3.539917,1.649713,
1.822497,1.41355,2.297858,3.042901,3.539948,1.644838,
1.813962,1.411651,2.292477,3.042994,3.539967,1.640225,
1.805358,1.409703,2.286699,3.043092,3.54003,1.635756,
1.797271,1.408309,2.281658,3.043132,3.539961,1.631311,
1.789907,1.407272,2.27646,3.043162,3.539926,1.627182,
1.782164,1.406219,2.270886,3.043032,3.539731,1.622739,
1.773928,1.405257,2.265538,3.042894,3.539691,1.618283,
1.766099,1.404331,2.260424,3.042914,3.539642,1.613872,
1.758615,1.403385,2.255103,3.042934,3.539684,1.609561,
1.750826,1.402803,2.249875,3.04302,3.539688,1.605257,
1.743425,1.401899,2.244358,3.042942,3.539633,1.601027,
1.735954,1.400907,2.238652,3.042869,3.539867,1.596983,
1.728416,1.400423,2.232923,3.042973,3.539924,1.593094,
1.721129,1.399512,2.226763,3.043038,3.539873,1.589368,
1.714019,1.398691,2.220597,3.043093,3.53985,1.586013,
1.707003,1.398129,2.21464,3.042981,3.539753,1.582776,
1.700157,1.397568,2.208637,3.042967,3.539598,1.579556,
1.694191,1.396573,2.20265,3.043092,3.539831,1.576946,
1.688189,1.396268,2.197098,3.043134,3.539883,1.57409,
1.682516,1.39615,2.191436,3.043156,3.539882,1.571476,
1.67694,1.3959,2.185994,3.043094,3.539885,1.568806,
1.67144,1.396354,2.180721,3.043099,3.539895,1.566193,
1.666456,1.396814,2.175063,3.043159,3.540007,1.563938,
1.661261,1.397454,2.169081,3.043198,3.539917,1.561777,
1.655915,1.398379,2.163163,3.043024,3.539817,1.559469,
1.650861,1.399228,2.156864,3.04291,3.539721,1.557353,
1.645487,1.399996,2.150679,3.0429,3.539658,1.55501,
1.639889,1.400891,2.14474,3.042412,3.539685,1.552767,
1.63451,1.401447,2.138846,3.042353,3.539661,1.550415,
1.628776,1.401535,2.132898,3.042239,3.539768,1.547946,
1.622668,1.401514,2.126786,3.042186,3.539795,1.545344,
1.616986,1.401211,2.121263,3.042277,3.539902,1.542861,
1.611107,1.400431,2.115642,3.042224,3.539879,1.54031,
1.605293,1.399517,2.109993,3.042149,3.539793,1.537736,
1.599218,1.398257,2.104007,3.042114,3.539761,1.535358,
1.59341,1.396689,2.098161,3.042287,3.53993,1.533104,
1.587405,1.395081,2.092005,3.042219,3.539958,1.530712,
1.581006,1.393558,2.085284,3.042173,3.539902,1.528331,
1.574628,1.391509,2.078481,3.042127,3.539948,1.525917,
1.568072,1.390028,2.071502,3.042084,3.539944,1.523565,
1.561794,1.388185,2.063895,3.041728,3.539812,1.521093,
,,,,

1.554699,1.385907,2.055905,3.041763,3.539774,1.518708,
1.547778,1.383952,2.052941,3.041817,3.539794,1.513684,
1.533459,1.379279,2.031071,3.041899,3.539877,1.511617,
1.519632,1.374573,2.013515,3.041724,3.539878,1.506615,
1.512596,1.372348,2.004806,3.041753,3.539884,1.504083,
1.485614,1.364464,1.969787,3.04141,3.539804,1.493163,
1.473278,1.361033,1.951733,3.041357,3.539772,1.487232,
1.460726,1.359288,1.934046,3.041373,3.539723,1.480928,
1.448582,1.358932,1.915054,3.041764,3.539701,1.474144,
1.448495,1.359542,1.914724,3.042381,3.539721,1.473704,
1.442685,1.359914,1.920167,3.04301,3.540037,1.463091,
1.425647,1.36317,1.879036,3.042976,3.540085,1.45933,
1.420511,1.364738,1.870404,3.043217,3.539929,1.455392,
1.414681,1.366533,1.870016,3.043344,3.539899,1.447107,
1.403347,1.368881,1.845634,3.043577,3.539919,1.44278,
1.397334,1.369704,1.838951,3.043615,3.540014,1.438524,
1.375297,1.372315,1.81479,3.043584,3.539804,1.421041,
1.365314,1.372994,1.805928,3.043674,3.53983,1.413042,
1.357517,1.373756,1.795829,3.043149,3.539784,1.406067,
1.349983,1.375194,1.785219,3.043716,3.539904,1.39917,
1.350055,1.374988,1.784758,3.043354,3.539883,1.399123,
1.34637,1.376342,1.786938,3.04387,3.539936,1.391467,
1.339594,1.378992,1.767867,3.043401,3.539611,1.387502,
1.332108,1.381755,1.756889,3.043369,3.539788,1.380478,
1.328022,1.382946,1.751966,3.043259,3.539783,1.37699,
1.309623,1.386822,1.735117,3.042611,3.539349,1.364331,
1.299959,1.386988,1.729871,3.043075,3.539699,1.359356,
1.290689,1.386276,1.725184,3.043034,3.539618,1.355143,
1.281562,1.386606,1.721092,3.043138,3.539811,1.35176,
1.281183,1.386048,1.721693,3.043131,3.539804,1.352375,
1.27689,1.386646,1.71963,3.043087,3.539751,1.350809,
1.269158,1.388619,1.71466,3.042872,3.53978,1.348415,
1.265061,1.390153,1.71293,3.042839,3.539794,1.347214,
1.261442,1.391468,1.718115,3.043102,3.539954,1.343887,
1.245874,1.396266,1.707373,3.043202,3.539952,1.341698,
1.23793,1.397095,1.709151,3.043304,3.540038,1.339519,
1.234354,1.39764,1.709886,3.043329,3.540057,1.33829,
1.227201,1.400211,1.711039,3.043002,3.539771,1.335482,
1.221485,1.403886,1.710824,3.043008,3.539782,1.332622,
1.218783,1.406177,1.710843,3.043068,3.539821,1.331297,
1.214293,1.411094,1.710461,3.042698,3.539856,1.328464,
1.215197,1.41098,1.710571,3.042704,3.539778,1.328519,
1.213353,1.413109,1.710941,3.042879,3.539847,1.327318,
1.211758,1.415223,1.71398,3.04298,3.539725,1.325083,
1.208906,1.418893,1.713643,3.042922,3.539651,1.324128,
1.208007,1.420293,1.715061,3.042863,3.539938,1.323682,
1.206368,1.423042,1.720071,3.042941,3.539852,1.321296,
1.207259,1.425883,1.720171,3.043304,3.539987,1.320669,
1.209618,1.43143,1.724168,3.043709,3.540003,1.319412,
1.210846,1.433029,1.725971,3.043708,3.539988,1.319265,
1.214562,1.438396,1.733052,3.043764,3.539869,1.319515,
1.2174,1.442363,1.739235,3.043674,3.539829,1.319698,
1.222328,1.445326,1.746273,3.043752,3.539601,1.320464,
1.22339,1.445647,1.746433,3.043968,3.539797,1.320703,
1.229482,1.449971,1.752944,3.044071,3.539897,1.321847,
1.232541,1.45277,1.756715,3.044018,3.539971,1.322532,
1.235943,1.455399,1.765194,3.043875,3.540004,1.324713,
1.250416,1.466088,1.779567,3.043836,3.540043,1.326348,
1.25849,1.471348,1.791313,3.043633,3.539963,1.327824,
1.266296,1.476831,1.804607,3.043619,3.540002,1.329392,
1.275722,1.482119,1.821009,3.043724,3.540047,1.331164,
1.276002,1.48239,1.822628,3.043407,3.539902,1.331213,
1.280582,1.486125,1.834288,3.043665,3.53991,1.33313,
1.28972,1.493671,1.850249,3.043694,3.539873,1.334092,
1.294281,1.496948,1.861209,3.043339,3.539746,1.335186,
1.304393,1.502688,1.884099,3.04321,3.539704,1.33693,
1.309348,1.505581,1.89658,3.043179,3.539858,1.337977,
1.314679,1.508264,1.912197,3.043201,3.539805,1.340113,
1.336663,1.517322,1.96057,3.043244,3.539856,1.343536,
1.348122,1.519483,1.988067,3.043214,3.539827,1.346027,
1.358947,1.520308,2.015927,3.043409,3.540109,1.349257,
1.369516,1.520103,2.044181,3.043543,3.540133,1.353669,
1.369082,1.518049,2.045004,3.043461,3.539992,1.354468,
1.374419,1.517215,2.059361,3.043542,3.540009,1.356916,
1.379319,1.516356,2.073501,3.043556,3.540015,1.360126,
1.384528,1.514969,2.087731,3.043557,3.53992,1.363363,
1.389417,1.512985,2.102021,3.043381,3.539663,1.366476,
1.393869,1.511393,2.115867,3.043267,3.539607,1.369962,
1.398539,1.50927,2.130121,3.043325,3.539571,1.374228,
1.403019,1.507596,2.144325,3.043108,3.539736,1.378069,
1.406982,1.505009,2.157958,3.043042,3.539693,1.382393,
1.411021,1.502534,2.171797,3.043084,3.539623,1.386358,
1.418899,1.496893,2.199077,3.043376,3.539789,1.395331,
1.422211,1.493943,2.212791,3.043192,3.539884,1.399728,
1.433298,1.48599,2.252683,3.043175,3.539759,1.413621,
1.440013,1.480156,2.278494,3.042925,3.539481,1.423088,
1.439773,1.479042,2.277549,3.042809,3.539451,1.423562,
1.443309,1.474067,2.291203,3.042793,3.539303,1.428522,
1.447183,1.471422,2.303692,3.042896,3.539488,1.433881,
1.451036,1.468541,2.315887,3.042898,3.539464,1.439137,
1.455215,1.464166,2.329504,3.042968,3.539601,1.444453,
1.459701,1.46129,2.341858,3.043011,3.539671,1.449761,
1.464076,1.458769,2.354705,3.043272,3.539661,1.454687,
1.468829,1.456017,2.367903,3.043265,3.539819,1.460134,
1.473169,1.453778,2.380375,3.043277,3.539796,1.46543,
1.477686,1.451424,2.39216,3.043181,3.539736,1.470736,
1.48195,1.449196,2.404671,3.043125,3.539732,1.475919,
1.48607,1.44721,2.416225,3.043143,3.539753,1.480966,
1.490345,1.445209,2.427066,3.043175,3.53975,1.486051,
1.494447,1.44354,2.438077,3.043059,3.539814,1.490899,
1.498494,1.441838,2.4485,3.043,3.539751,1.495325,
1.502416,1.440507,2.458886,3.043149,3.539797,1.499873,
1.505909,1.439479,2.468914,3.043018,3.539822,1.504107,
1.509151,1.438454,2.478613,3.042987,3.539747,1.508356,
1.512035,1.437743,2.487746,3.042951,3.539595,1.51236,
1.514648,1.4378,2.49715,3.042936,3.539835,1.516687,
1.517365,1.437622,2.506436,3.042936,3.539809,1.520259,
1.519699,1.437905,2.515632,3.04301,3.539796,1.523477,
1.521808,1.438861,2.525115,3.043008,3.539785,1.526769,
1.524186,1.439329,2.534296,3.043002,3.539782,1.52985,
1.525936,1.440313,2.543454,3.043018,3.539757,1.532599,
1.527706,1.441581,2.552717,3.043054,3.53973,1.535737,
1.529197,1.442776,2.561648,3.042974,3.539719,1.53874,
1.530399,1.444022,2.570583,3.042839,3.539753,1.542008,
1.531645,1.445589,2.579872,3.042808,3.539746,1.545348,
1.532664,1.447065,2.588841,3.042757,3.539791,1.548722,
1.533539,1.448625,2.597953,3.042967,3.539957,1.552035,
1.534286,1.450575,2.607537,3.043035,3.539961,1.555583,
1.535107,1.45204,2.616918,3.042907,3.539741,1.558855,
1.535656,1.45396,2.626378,3.042858,3.539692,1.562145,
1.53636,1.456014,2.636754,3.042794,3.539546,1.565349,
1.537078,1.458325,2.646803,3.042894,3.539762,1.568563,
1.53742,1.460757,2.656958,3.042895,3.53976,1.571594,
1.537874,1.463479,2.667912,3.042831,3.539769,1.574723,
1.538261,1.466188,2.678458,3.042792,3.539851,1.577764,
1.538532,1.469293,2.689386,3.042639,3.539681,1.580778,
1.538528,1.472199,2.699901,3.042613,3.539699,1.583831,
1.538344,1.475285,2.710563,3.042589,3.539693,1.586892,
1.537983,1.478568,2.72124,3.042563,3.539735,1.590042,
1.537904,1.481939,2.732116,3.042633,3.539742,1.592946,
1.537865,1.485506,2.743048,3.042619,3.539705,1.596029,
1.537592,1.489442,2.754076,3.042639,3.53966,1.599103,
1.537734,1.493441,2.765168,3.042774,3.539832,1.602668,
1.537936,1.497605,2.776281,3.042709,3.539832,1.606149,
1.538317,1.502197,2.788015,3.042596,3.539755,1.609378,
1.538342,1.506818,2.799357,3.042865,3.539758,1.613287,
1.538308,1.511334,2.810701,3.042961,3.539776,1.617078,
1.537744,1.515949,2.821912,3.042958,3.539817,1.621149,
1.537169,1.520654,2.833245,3.043027,3.539804,1.625172,
1.53627,1.524934,2.844132,3.042958,3.539737,1.629343,
1.535115,1.529034,2.854934,3.042914,3.539717,1.633413,
1.533972,1.532974,2.865535,3.0427,3.539699,1.637864,
1.53338,1.536914,2.87571,3.042572,3.53969,1.642249,
1.533078,1.541492,2.88626,3.042754,3.539793,1.646688,
1.533201,1.54628,2.896941,3.042692,3.539759,1.651201,
1.534037,1.551364,2.907567,3.04265,3.539755,1.655492,
1.53505,1.556714,2.918432,3.0426,3.539652,1.659549,
1.536139,1.56202,2.92918,3.04267,3.539761,1.663726,
1.537156,1.567267,2.939659,3.04267,3.539809,1.667673,
1.538234,1.5727,2.950519,3.042641,3.539864,1.671483,
1.539204,1.578008,2.960679,3.042554,3.53977,1.675349,
1.540581,1.583238,2.970927,3.042553,3.539732,1.679329,
1.542336,1.588794,2.981676,3.042524,3.539651,1.682954,
1.543897,1.594379,2.992235,3.042637,3.539632,1.687012,
1.5458,1.599723,3.002604,3.042648,3.539632,1.691057,
1.547531,1.605423,3.013401,3.042682,3.539691,1.695075,
1.549097,1.610909,3.023718,3.042604,3.539674,1.699028,
1.550694,1.616086,3.034113,3.04264,3.539664,1.703184,
1.552093,1.621349,3.044642,3.042804,3.539733,1.707494,
1.553547,1.626416,3.054826,3.042861,3.539736,1.711664,
1.555106,1.631199,3.065122,3.042841,3.539749,1.716237,
1.556599,1.636006,3.07579,3.042802,3.539698,1.72086,
1.557728,1.640287,3.085814,3.04281,3.539827,1.725659,
1.559191,1.644494,3.095968,3.042813,3.539874,1.730681,
1.56051,1.648571,3.106075,3.042837,3.539909,1.735851,
1.561799,1.652656,3.116081,3.042783,3.539907,1.741083,
1.562989,1.656013,3.125473,3.042801,3.539891,1.746546,
1.56424,1.659482,3.135091,3.042887,3.539832,1.751887,
1.565491,1.662405,3.144195,3.042691,3.539845,1.757465,
1.566828,1.665144,3.152974,3.04269,3.539855,1.762989,
1.568289,1.667791,3.16181,3.042597,3.539697,1.768261,
1.569591,1.669979,3.170171,3.042509,3.539678,1.773728,
1.570995,1.671868,3.178152,3.04252,3.539702,1.778977,
1.572065,1.673744,3.186061,3.042661,3.539774,1.784039,
1.573446,1.675154,3.193536,3.042513,3.539883,1.789056,
1.574932,1.676602,3.200806,3.042552,3.539907,1.793634,
1.576146,1.67797,3.207965,3.042601,3.539899,1.798143,
1.577378,1.679194,3.214933,3.042441,3.539897,1.802409,
1.5785,1.680482,3.221779,3.042445,3.539897,1.806661,
1.579475,1.681607,3.228475,3.042593,3.539807,1.810242,
1.580374,1.682529,3.234643,3.042459,3.539803,1.814139,
1.581178,1.683415,3.240601,3.042449,3.539797,1.817941,
1.581718,1.684466,3.246475,3.042497,3.53968,1.821346,
1.582134,1.685887,3.252339,3.042473,3.539651,1.825361,
1.582547,1.687786,3.258135,3.042478,3.539694,1.82898,
1.58296,1.689985,3.26433,3.042526,3.539573,1.83222,
1.583192,1.69267,3.269903,3.042492,3.539552,1.835809,
1.583559,1.695557,3.27574,3.042501,3.539658,1.839365,
1.583568,1.697993,3.28121,3.042699,3.539877,1.84262,
1.582838,1.700313,3.285698,3.042745,3.539912,1.846069,
1.581889,1.702251,3.289881,3.04291,3.539862,1.849372,
1.580647,1.703816,3.294133,3.042944,3.539948,1.85212,
1.57934,1.705071,3.29738,3.042648,3.539803,1.855528,
1.577417,1.706188,3.300342,3.04267,3.539802,1.858595,
1.575566,1.70734,3.303549,3.042864,3.539893,1.861509,
1.573735,1.70861,3.306411,3.042731,3.539863,1.864667,
1.571951,1.710267,3.309504,3.042845,3.539774,1.867892,
1.570424,1.712198,3.312854,3.042854,3.539775,1.871357,
1.569056,1.713905,3.31578,3.042672,3.539795,1.87484,
1.567631,1.715441,3.318738,3.042686,3.539724,1.878466,
1.566304,1.716895,3.321563,3.042793,3.539698,1.882273,
1.564571,1.71778,3.323647,3.042669,3.539692,1.886175,
1.562992,1.718423,3.325615,3.043127,3.539736,1.89012,
1.561684,1.718972,3.3276,3.042993,3.539779,1.894168,
1.560162,1.719595,3.328768,3.04276,3.539678,1.89842,
1.558806,1.720126,3.330099,3.042717,3.539638,1.90266,
1.557446,1.720625,3.331407,3.042818,3.539596,1.906574,
1.555939,1.721258,3.332486,3.04261,3.539542,1.910684,
1.554356,1.721865,3.333588,3.042737,3.539512,1.914687,
1.552691,1.722373,3.335016,3.04292,3.539635,1.918264,
1.55087,1.722771,3.335731,3.042634,3.539623,1.922242,
1.548967,1.723051,3.336679,3.042827,3.539637,1.925819,
1.546801,1.72332,3.337019,3.04291,3.539896,1.929775,
1.54417,1.723419,3.336998,3.042829,3.539901,1.934045,
1.541641,1.723626,3.336792,3.043173,3.540048,1.938331,
1.539086,1.72375,3.336742,3.043335,3.539909,1.942594,
1.53686,1.723898,3.335256,3.043015,3.53994,1.948468,
1.534285,1.723957,3.33474,3.043407,3.539917,1.95303,
1.531553,1.724009,3.334817,3.043301,3.539728,1.956547,
1.528769,1.723896,3.332999,3.042945,3.539742,1.961559,
1.525903,1.723643,3.331625,3.043232,3.539653,1.966155,
1.523047,1.723432,3.329883,3.043268,3.539684,1.971013,
1.519708,1.722615,3.327847,3.042863,3.539703,1.975814,
1.5163,1.721608,3.325639,3.043171,3.539725,1.980817,
1.512798,1.720559,3.323848,3.043258,3.539891,1.985586,
1.509039,1.719409,3.320762,3.042897,3.539836,1.99124,
1.504939,1.717634,3.317928,3.043107,3.539821,1.996061,
1.500998,1.715989,3.314607,3.043079,3.539693,2.001528,
1.497056,1.714187,3.310587,3.042781,3.539687,2.00739,
1.493123,1.712239,3.306962,3.043057,3.539651,2.012873,
1.4893,1.710342,3.302712,3.043051,3.53965,2.019043,
1.485288,1.707943,3.298047,3.04275,3.539677,2.025411,
1.481383,1.705478,3.294017,3.04301,3.539682,2.030679,
1.477625,1.702648,3.288776,3.043069,3.539752,2.037261,
1.473909,1.699778,3.282907,3.042757,3.539769,2.044357,
1.470194,1.696711,3.278148,3.042943,3.539733,2.050491,
1.466835,1.692906,3.271324,3.042982,3.539753,2.057906,
1.463751,1.689029,3.264879,3.042673,3.539707,2.064893,
1.461019,1.685111,3.259243,3.042826,3.539678,2.071208,
1.458488,1.680812,3.252371,3.042651,3.539477,2.078189,
1.455806,1.676835,3.245209,3.04233,3.539514,2.08611,
1.453552,1.672805,3.239655,3.042877,3.53957,2.09251,
1.451323,1.668535,3.232136,3.042971,3.539711,2.101277,
1.449294,1.664281,3.225415,3.042719,3.539461,2.109141,
1.447328,1.659922,3.219829,3.042967,3.539398,2.115729,
1.445785,1.655029,3.212573,3.043058,3.53941,2.123764,
1.444412,1.650734,3.204481,3.042617,3.539644,2.133189,
1.443341,1.645911,3.19785,3.042957,3.539611,2.140953,
1.442291,1.640765,3.189818,3.043,3.539593,2.149392,
1.441162,1.637004,3.181642,3.042711,3.539672,2.158891,
1.440427,1.632464,3.174871,3.042784,3.539573,2.166915,
1.439698,1.627993,3.167291,3.042703,3.539577,2.175355,
1.438839,1.623635,3.158548,3.042569,3.539587,2.185522,
1.437953,1.61914,3.15172,3.042862,3.539609,2.192951,
1.437237,1.614482,3.143291,3.042779,3.539673,2.201681,
1.436303,1.61018,3.136075,3.042509,3.539667,2.209325,
1.435864,1.605763,3.128157,3.04284,3.539682,2.217273,
1.435203,1.601342,3.11867,3.042909,3.539883,2.226723,
1.434164,1.597267,3.110575,3.042688,3.539973,2.234412,
1.433478,1.592978,3.103009,3.04293,3.539981,2.241502,
1.432945,1.588733,3.094574,3.043076,3.539964,2.249165,
1.432237,1.584677,3.085566,3.042591,3.539869,2.257277,
1.431672,1.580384,3.077935,3.042729,3.539861,2.264239,
1.430866,1.576119,3.069726,3.042454,3.539982,2.271556,
1.42999,1.572388,3.060986,3.042451,3.540024,2.278916,
1.429301,1.568313,3.053211,3.042804,3.540046,2.285724,
1.428632,1.564251,3.044605,3.042678,3.53984,2.292941,
1.427907,1.560468,3.03712,3.042347,3.539784,2.298994,
1.427315,1.556742,3.030348,3.042813,3.539807,2.30462,
1.426645,1.553199,3.022401,3.042703,3.539757,2.311217,
1.425666,1.550142,3.015891,3.04244,3.539734,2.316708,
1.42503,1.546903,3.009573,3.0427,3.539709,2.321884,
1.424254,1.54391,3.002944,3.042593,3.539675,2.326994,
1.423151,1.54095,2.996164,3.042361,3.539653,2.331876,
1.422487,1.538165,2.989121,3.042904,3.539735,2.337383,
1.421628,1.53547,2.982838,3.042775,3.539777,2.341727,
1.42035,1.532856,2.975963,3.042422,3.539797,2.345961,
1.419492,1.530433,2.968299,3.042685,3.539594,2.351341,
1.418884,1.528039,2.961446,3.042312,3.539702,2.355559,
1.418014,1.52625,2.955181,3.042331,3.539745,2.35929,
1.417423,1.524288,2.946807,3.042555,3.539705,2.365705,
1.415579,1.522495,2.940872,3.03928,3.539648,2.369595,
1.415659,1.520878,2.936294,3.040588,3.539633,2.373675,
1.415062,1.519179,2.92959,3.040596,3.539532,2.379019,
1.414682,1.517545,2.924185,3.041261,3.539789,2.383176,
1.414503,1.515815,2.918844,3.042019,3.539696,2.387489,
1.41372,1.514548,2.91351,3.042186,3.539719,2.392085,
1.412673,1.513427,2.908817,3.042731,3.539641,2.396339,
1.411663,1.51262,2.904331,3.043085,3.539682,2.400974,
1.410177,1.511979,2.899438,3.043173,3.539653,2.406067,
1.408697,1.51136,2.894494,3.04336,3.539701,2.411498,
1.406718,1.511258,2.890439,3.043304,3.539702,2.416701,
1.404628,1.511108,2.886759,3.043214,3.539585,2.421254,
1.402338,1.511009,2.881916,3.043382,3.539519,2.427255,
1.399545,1.511392,2.877952,3.043284,3.539632,2.432439,
1.396139,1.511886,2.873835,3.043328,3.539606,2.437907,
1.392347,1.512329,2.868731,3.04343,3.539578,2.444208,
1.387856,1.513198,2.864945,3.043432,3.539687,2.449326,
1.382766,1.513737,2.860937,3.043622,3.53975,2.454443,
1.377385,1.51438,2.857196,3.043455,3.539614,2.459487,
1.371081,1.514758,2.85332,3.043116,3.539553,2.464124,
1.364209,1.514958,2.849174,3.042991,3.539546,2.469096,
1.357274,1.51477,2.845001,3.042895,3.539354,2.473956,
1.350005,1.51427,2.840776,3.042838,3.539335,2.47911,
1.341819,1.513379,2.83606,3.042865,3.539372,2.48447,
1.333789,1.512012,2.831555,3.042836,3.539398,2.489557,
1.325304,1.510288,2.826474,3.042624,3.539354,2.495253,
1.316231,1.509354,2.821651,3.042682,3.539619,2.500569,
1.307335,1.507798,2.817858,3.042771,3.53955,2.505311,
1.298242,1.506509,2.813935,3.042925,3.539689,2.510342,
1.28794,1.505936,2.809291,3.042987,3.539672,2.517005,
1.278038,1.504942,2.805968,3.042878,3.53959,2.522531,
1.267563,1.50399,2.802811,3.042978,3.539646,2.527846,
1.256682,1.503262,2.799199,3.042838,3.539538,2.534235,
1.245786,1.502291,2.797395,3.042603,3.53951,2.539856,
1.234797,1.501214,2.795413,3.042734,3.539607,2.54565,
1.2236,1.500135,2.79309,3.042733,3.539578,2.551829,
1.212204,1.498863,2.790814,3.042892,3.539591,2.558253,
1.201072,1.497613,2.789573,3.042905,3.53955,2.564314,
1.189719,1.496697,2.78853,3.043033,3.539655,2.570384,
1.178482,1.495324,2.787567,3.043006,3.539665,2.576876,
1.167473,1.493444,2.786946,3.042971,3.539648,2.583348,
1.156365,1.492043,2.786439,3.043186,3.539847,2.590884,
1.145579,1.490901,2.786199,3.043169,3.539847,2.598468,
1.135017,1.490055,2.786992,3.043161,3.539826,2.605622,
1.124347,1.489885,2.787917,3.04311,3.539615,2.613495,
1.113776,1.490397,2.789207,3.043004,3.539622,2.621617,
1.103197,1.491573,2.791736,3.043132,3.539706,2.629235,
1.093,1.492679,2.793864,3.042975,3.539744,2.637239,
1.082968,1.494067,2.79631,3.04299,3.539743,2.645764,
1.073132,1.495429,2.799197,3.042899,3.539656,2.65405,
1.063675,1.496473,2.802205,3.043006,3.539718,2.662052,
1.054118,1.498199,2.804705,3.042718,3.539527,2.671429,
1.04495,1.49988,2.80757,3.042647,3.539469,2.679892,
1.036055,1.501634,2.810964,3.042765,3.539517,2.687785,
1.027166,1.503779,2.814014,3.042673,3.539526,2.697172,
1.018533,1.505967,2.817461,3.042486,3.53951,2.706111,
1.010073,1.508294,2.821674,3.042465,3.539486,2.714536,
1.001919,1.510901,2.825903,3.042583,3.539456,2.722884,
0.9941622,1.513443,2.830591,3.042767,3.539509,2.731172,
0.9869155,1.515681,2.835168,3.042727,3.539541,2.739488,
0.9800522,1.517951,2.839609,3.042699,3.539524,2.748139,
0.973633,1.519906,2.845124,3.042579,3.539357,2.755394,
0.9674961,1.521966,2.850395,3.042569,3.539348,2.763467,
0.9619501,1.524145,2.855252,3.042641,3.539328,2.771878,
0.9570358,1.526239,2.859394,3.042876,3.539575,2.780597,
0.9520568,1.528575,2.864335,3.043055,3.53967,2.787861,
0.9472204,1.53126,2.868995,3.043041,3.539511,2.795349,
0.9426346,1.534134,2.874,3.043091,3.53953,2.802152,
0.93818,1.537108,2.87917,3.043052,3.539548,2.809329,
0.9338953,1.540264,2.884083,3.043126,3.539575,2.816282,
0.9299299,1.543375,2.888975,3.043144,3.539593,2.822721,
0.9262288,1.546591,2.893754,3.043276,3.539709,2.82898,
0.922683,1.549896,2.898273,3.043377,3.539716,2.835255,
0.9196748,1.552761,2.902412,3.043163,3.539582,2.840926,
0.9167076,1.555777,2.907069,3.043074,3.539492,2.846221,
0.9141213,1.558773,2.911098,3.043218,3.539517,2.85147,
0.911603,1.561933,2.915544,3.043221,3.539566,2.856021,
0.9095985,1.564976,2.919379,3.043037,3.539493,2.860517,
0.9079404,1.567948,2.922802,3.043059,3.53949,2.865353,
0.9066179,1.57068,2.926778,3.043059,3.53952,2.869176,
0.9057235,1.573502,2.929858,3.043194,3.539603,2.873235,
0.9047416,1.576447,2.933427,3.043048,3.539599,2.877588,
0.9041362,1.579451,2.936871,3.042907,3.539537,2.881207,
0.903883,1.582748,2.939862,3.042843,3.539453,2.88473,
0.9038986,1.585822,2.943158,3.042706,3.539413,2.889134,
0.9046692,1.588578,2.94568,3.042758,3.539436,2.893471,
0.905552,1.591441,2.94868,3.042974,3.539595,2.897472,
0.9066869,1.594352,2.952037,3.043009,3.539595,2.901734,
0.9079058,1.597499,2.955287,3.042982,3.539599,2.905725,
0.9095216,1.600668,2.958679,3.042958,3.539652,2.90995,
0.9114752,1.603868,2.962465,3.04298,3.539677,2.914279,
0.9137169,1.606992,2.960047,3.043043,3.539681,2.928607,
0.9167795,1.609892,2.964347,3.043007,3.539797,2.931557,
0.9199771,1.612823,2.968132,3.04302,3.539818,2.935979,
0.9234068,1.615838,2.971909,3.043107,3.539855,2.940194,
0.9273764,1.618775,2.976131,3.043065,3.539884,2.943313,
0.9317465,1.621664,2.979979,3.043038,3.539898,2.947304,
0.936575,1.624264,2.983677,3.04301,3.539828,2.95131,
0.9422215,1.626785,2.988488,3.042985,3.53969,2.952371,
0.9482438,1.629334,2.99244,3.043007,3.539683,2.95624,
0.9549316,1.631315,2.995428,3.042953,3.539565,2.960154,
0.9617558,1.633652,2.998819,3.043068,3.539498,2.963618,
0.9697253,1.637125,3.001715,3.043051,3.539524,2.967581,
0.9777645,1.638984,3.004396,3.043153,3.539534,2.971749,
0.9873124,1.639183,3.003573,3.043154,3.539441,2.976106,
0.9955062,1.639914,3.006552,3.043069,3.539418,2.980108,
1.004482,1.641809,3.00929,3.043112,3.539456,2.984035,
1.013471,1.64362,3.011476,3.043009,3.53948,2.989,
1.02291,1.64412,3.013902,3.043029,3.539482,2.993324,
1.032673,1.645464,3.015893,3.043021,3.539478,2.997808,
1.04258,1.646604,3.018172,3.043073,3.539529,3.002707,
1.052627,1.646848,3.019936,3.042959,3.539491,3.007123,
1.062919,1.647107,3.020911,3.042999,3.539505,3.011647,
1.073678,1.646981,3.021775,3.042957,3.539629,3.016698,
1.084303,1.646825,3.022421,3.042667,3.539594,3.021572,
1.095356,1.64606,3.02214,3.042634,3.53963,3.02651,
1.106662,1.645053,3.021499,3.042733,3.539728,3.031803,
1.11801,1.643897,3.020983,3.042656,3.539741,3.036806,
1.129679,1.642359,3.019667,3.042774,3.539756,3.042258,
1.141344,1.640777,3.017999,3.042648,3.539662,3.047559,
1.15317,1.63932,3.016322,3.042843,3.53969,3.053207,
1.164659,1.637227,3.014337,3.04284,3.539667,3.058723,
1.176208,1.634708,3.011399,3.042703,3.539518,3.065058,
1.187756,1.63295,3.009285,3.042435,3.539487,3.0708,
1.199154,1.630051,3.00508,3.04246,3.539497,3.07777,
1.210529,1.627248,3.001905,3.042513,3.539552,3.084346,
1.221983,1.624883,2.999055,3.042835,3.539567,3.090754,
1.232972,1.621991,2.995722,3.042647,3.539495,3.097132,
1.243711,1.619099,2.99228,3.042706,3.539633,3.103451,
1.254397,1.616439,2.989121,3.042732,3.539621,3.11011,
1.264658,1.613763,2.98553,3.042824,3.539644,3.116626,
1.274457,1.611004,2.982172,3.042733,3.539465,3.122413,
1.284142,1.608576,2.978788,3.042919,3.539571,3.129056,
1.301392,1.603266,3.037083,3.043006,3.539611,3.116982,
1.309537,1.600929,3.011295,3.042918,3.539613,3.116827,
1.316302,1.598197,3.09467,3.042921,3.53959,3.078094,
1.322776,1.595266,3.086387,3.042893,3.539473,3.109029,
1.32855,1.592504,3.038626,3.042873,3.539475,3.083852,
1.33316,1.589704,2.986544,3.042917,3.539498,3.132939,
1.338007,1.586658,2.979866,3.04295,3.539592,3.14776,
1.342177,1.584242,2.967136,3.042852,3.539554,3.146477,
1.345875,1.58175,2.964599,3.04291,3.539602,3.154081,
1.34886,1.579531,2.957243,3.042935,3.539721,3.168961,
1.351383,1.578006,2.949107,3.043035,3.539688,3.172647,
1.353499,1.576325,2.942636,3.042869,3.539641,3.185304,
1.355297,1.574838,2.939568,3.042984,3.53957,3.191009,
1.356797,1.57371,2.934831,3.042745,3.539282,3.195969,
1.357855,1.572637,2.909421,3.042728,3.539257,3.21719,
1.357915,1.572032,2.912212,3.042679,3.53923,3.227376,
1.358036,1.571863,2.907995,3.042571,3.539359,3.230602,
1.357679,1.571599,2.904771,3.042689,3.539404,3.236207,
1.357327,1.571708,2.903194,3.042691,3.539344,3.237814,
1.356823,1.571996,2.906377,3.04284,3.539489,3.243609,
1.355727,1.572548,2.897263,3.042909,3.539485,3.251121,
1.354574,1.573294,2.896432,3.043,3.539557,3.250105,
1.352832,1.574258,2.902536,3.043103,3.539591,3.256448,
1.350484,1.575354,2.898525,3.043153,3.53958,3.260806,
1.348086,1.57664,2.898781,3.04323,3.539711,3.258214,
1.345426,1.577763,2.905523,3.043115,3.539652,3.264516,
1.342137,1.579185,2.903763,3.043055,3.53963,3.267848,
1.339058,1.580764,2.905011,3.043125,3.539688,3.265,
1.33599,1.582404,2.912085,3.043091,3.539656,3.270827,
1.332567,1.584253,2.912502,3.043023,3.539624,3.273451,
1.32921,1.585935,2.914004,3.042945,3.539581,3.272191,
1.325874,1.587238,2.919743,3.043041,3.539617,3.277578,
1.322126,1.588658,2.920631,3.043066,3.539618,3.277062,
1.318112,1.589831,2.921117,3.043079,3.53955,3.279152,
1.314129,1.590869,2.924916,3.043088,3.53953,3.283573,
1.310114,1.592091,2.925034,3.043061,3.539489,3.28401,
1.305919,1.593399,2.927588,3.042901,3.539364,3.287687,
1.301927,1.594319,2.927883,3.042855,3.539395,3.290144,
1.297822,1.59514,2.92468,3.042851,3.539347,3.295012,
1.293798,1.595664,2.926775,3.042883,3.539639,3.296093,
1.289637,1.595999,2.926478,3.042851,3.539655,3.298934,
1.285075,1.596261,2.92351,3.042874,3.53967,3.302845,
1.280075,1.596665,2.925058,3.04289,3.539723,3.30468,
1.274989,1.597067,2.924796,3.042925,3.539759,3.307009,
1.268979,1.597821,2.922908,3.043142,3.539583,3.309356,
1.263183,1.598437,2.922837,3.042991,3.539707,3.312317,
1.256634,1.599302,2.924541,3.042978,3.53971,3.315511,
1.249665,1.599952,2.92242,3.042885,3.539642,3.319629,
1.242619,1.600694,2.924025,3.042617,3.539519,3.322042,
1.234877,1.601286,2.924276,3.04252,3.539516,3.324353,
1.226463,1.601955,2.922992,3.042578,3.539543,3.328322,
1.218577,1.602477,2.924725,3.042632,3.539575,3.331485,
1.210246,1.602739,2.925069,3.042593,3.53953,3.334098,
1.201332,1.602656,2.923808,3.042498,3.539502,3.338125,
1.192611,1.602199,2.924825,3.042356,3.539528,3.341493,
1.183922,1.601486,2.92484,3.042364,3.539532,3.344564,
1.175215,1.600537,2.923209,3.042289,3.539493,3.348524,
1.166464,1.599333,2.923425,3.042197,3.53944,3.35235,
1.157832,1.597979,2.923118,3.042187,3.539434,3.356008,
1.149101,1.596393,2.921268,3.042276,3.539485,3.360507,
1.140304,1.59499,2.921307,3.042257,3.539551,3.364665,
1.131349,1.59331,2.920669,3.042212,3.539554,3.368681,
1.122167,1.591718,2.918827,3.042188,3.539545,3.373238,
1.113223,1.589986,2.918122,3.042107,3.539545,3.377609,
1.104512,1.588511,2.917534,3.042253,3.539633,3.382131,
1.09624,1.586464,2.915502,3.042133,3.539531,3.387193,
1.088127,1.584211,2.914325,3.042183,3.539518,3.391789,
1.080199,1.581867,2.913175,3.0421,3.539522,3.3967,
1.072495,1.579229,2.910883,3.042108,3.539399,3.401835,
1.065299,1.576416,2.90915,3.042232,3.539579,3.407108,
1.058466,1.57341,2.907357,3.042303,3.53958,3.41222,
1.052122,1.570376,2.904995,3.042397,3.539605,3.417992,
1.045655,1.567727,2.903364,3.042518,3.539567,3.423474,
1.039554,1.564939,2.901538,3.042663,3.539542,3.429558,
1.033582,1.562417,2.900561,3.042697,3.539521,3.435595,
1.027699,1.559761,2.89875,3.042968,3.539529,3.441288,
1.021886,1.557753,2.898125,3.043021,3.539567,3.447696,
1.016747,1.55559,2.89664,3.042967,3.539519,3.454209,
1.011386,1.55444,2.895724,3.04297,3.539476,3.460441,
1.006296,1.553286,2.895535,3.042943,3.539486,3.46685,
1.001698,1.55219,2.894826,3.043065,3.539621,3.473849,
0.9968193,1.552254,2.894563,3.043002,3.539599,3.480121,
0.9924519,1.551803,2.894269,3.043086,3.539538,3.486746,
0.9886267,1.551549,2.894489,3.04308,3.539656,3.493315,
0.9849101,1.551353,2.894342,3.043088,3.53948,3.499471,
0.9814713,1.551333,2.895071,3.043058,3.539494,3.506035,
0.978911,1.550812,2.894808,3.043075,3.539535,3.512937,
0.9758913,1.551032,2.895549,3.043118,3.539589,3.519557,
0.9731323,1.551523,2.896964,3.043013,3.53956,3.52623,
0.9713655,1.55156,2.897893,3.042845,3.53949,3.533223,
0.9697656,1.55139,2.898114,3.042887,3.539478,3.53969,
0.9679846,1.552067,2.89969,3.042787,3.539401,3.546134,
0.9666544,1.552537,2.900772,3.042865,3.539482,3.552919,
0.9656391,1.55305,2.90174,3.042722,3.539481,3.559181,
0.9647124,1.55376,2.902881,3.042902,3.539563,3.565625,
0.9645436,1.553978,2.903652,3.042894,3.539587,3.571806,
0.9644976,1.55434,2.904385,3.042889,3.539515,3.577471,
0.9645026,1.554913,2.905419,3.042907,3.539541,3.583204,
0.96512,1.555156,2.905909,3.042924,3.539551,3.588718,
0.9663874,1.555353,2.906304,3.043013,3.53956,3.594107,
0.9681703,1.555396,2.906035,3.042999,3.539568,3.598862,
0.9702354,1.555512,2.905748,3.043033,3.539584,3.603752,
0.9722674,1.555758,2.905505,3.042774,3.539531,3.608458,
0.9747912,1.55594,2.904807,3.042825,3.539531,3.61277,
0.9781089,1.555636,2.902993,3.04277,3.53965,3.616958,
0.9809321,1.555539,2.902016,3.042975,3.539673,3.620926,
0.9843181,1.55625,2.901293,3.042797,3.53957,3.624453,
0.9882224,1.556547,2.899823,3.042595,3.539322,3.627984,
0.9924087,1.556755,2.898821,3.042449,3.539334,3.631607,
0.996498,1.557287,2.897603,3.042625,3.539417,3.635098,
1.001467,1.557706,2.896264,3.042766,3.539474,3.63815,
1.006778,1.557401,2.894536,3.04285,3.539475,3.641409,
1.01233,1.55775,2.893083,3.042883,3.539464,3.644416,
1.018347,1.558343,2.891978,3.042989,3.539631,3.647487,
1.024721,1.558406,2.890485,3.043039,3.53963,3.650845,
1.031639,1.558392,2.888657,3.04282,3.539399,3.653782,
1.039045,1.558775,2.887317,3.042849,3.539291,3.656618,
1.046926,1.558895,2.886033,3.042598,3.539255,3.660005,
1.055381,1.559588,2.884892,3.042717,3.539442,3.663301,
1.064289,1.56032,2.883894,3.042625,3.539459,3.666484,
1.073868,1.560553,2.882238,3.042616,3.53947,3.669614,
1.084107,1.561124,2.880782,3.042742,3.539581,3.6729,
1.094642,1.561747,2.8794,3.042802,3.539547,3.675962,
1.105739,1.562191,2.877524,3.042859,3.539552,3.678856,
1.117177,1.562856,2.875782,3.042884,3.539642,3.681714,
1.128956,1.563781,2.874449,3.042903,3.539636,3.684664,
1.140982,1.564578,2.872483,3.042947,3.539665,3.687397,
1.153349,1.56517,2.87039,3.042923,3.539586,3.690038,
1.165745,1.566088,2.868765,3.043032,3.539605,3.692842,
1.178206,1.567033,2.86689,3.043183,3.539632,3.695548,
1.19087,1.567571,2.86483,3.043126,3.539587,3.698303,
1.203216,1.568505,2.863158,3.043051,3.539528,3.701027,
1.215646,1.569324,2.861089,3.043035,3.539521,3.703713,
1.228027,1.570003,2.859043,3.042989,3.53948,3.706468,
1.240178,1.570672,2.85712,3.043025,3.539593,3.709377,
1.252462,1.571168,2.854972,3.042961,3.539588,3.712272,
1.264677,1.571509,2.852726,3.042959,3.539581,3.715149,
1.276597,1.571959,2.850481,3.042863,3.539483,3.718058,
1.288512,1.572404,2.848055,3.042771,3.539474,3.720861,
1.300321,1.572832,2.845973,3.04278,3.539484,3.723688,
1.311672,1.573209,2.843567,3.042627,3.539334,3.726308,
1.323146,1.573459,2.84054,3.042612,3.539418,3.729068,
1.334259,1.573869,2.838058,3.042593,3.539431,3.732016,
1.345652,1.573929,2.835082,3.04261,3.539571,3.735509,
1.356886,1.574407,2.832076,3.042659,3.539578,3.738484,
1.367871,1.574753,2.829226,3.04259,3.53956,3.741669,
1.378474,1.574873,2.826115,3.042707,3.539748,3.745243,
1.389055,1.575124,2.82275,3.042811,3.539762,3.748569,
1.399261,1.575251,2.819517,3.042735,3.539794,3.751878,
1.40916,1.57503,2.815873,3.042581,3.539739,3.755444,
1.418762,1.574766,2.811733,3.042549,3.539775,3.758849,
1.428282,1.574547,2.80775,3.042618,3.539776,3.762181,
1.437142,1.574464,2.803907,3.042614,3.539764,3.765722,
1.445545,1.574637,2.799575,3.04276,3.539852,3.769139,
1.453072,1.57481,2.795882,3.042826,3.539868,3.772612,
1.460236,1.574827,2.791708,3.042676,3.539609,3.77595,
1.466651,1.57506,2.787439,3.042715,3.539574,3.779355,
1.472525,1.57496,2.782825,3.042542,3.539555,3.78269,
1.477439,1.574853,2.778212,3.042559,3.539564,3.786196,
1.481539,1.574884,2.773161,3.042239,3.53955,3.789662,
1.485592,1.574657,2.768446,3.041895,3.539506,3.793058,
1.489562,1.574566,2.763647,3.041937,3.539602,3.796752,
1.492615,1.574467,2.758502,3.041174,3.539579,3.800117,
1.495652,1.5743,2.75379,3.041029,3.53955,3.803479,
1.498938,1.574354,2.749106,3.040872,3.539551,3.806948,
1.501719,1.574308,2.743876,3.039634,3.539515,3.810258,
1.504584,1.574047,2.738815,3.039565,3.539493,3.813345,
1.507031,1.57412,2.733736,3.03947,3.539516,3.816598,
1.509679,1.574425,2.728666,3.039256,3.53952,3.819736,
1.512617,1.574663,2.723629,3.039187,3.539487,3.822405,
1.515529,1.575348,2.718937,3.038852,3.539428,3.825186,
1.51812,1.575994,2.713786,3.038744,3.539448,3.827836,
1.521366,1.576707,2.709226,3.038614,3.539434,3.830614,
1.523939,1.577873,2.704885,3.038631,3.53953,3.833615,
1.526652,1.578999,2.700199,3.038432,3.539419,3.836232,
1.529235,1.580138,2.696022,3.038279,3.539417,3.839203,
1.531442,1.581522,2.692204,3.038188,3.539462,3.842245,
1.533551,1.58281,2.688194,3.037929,3.539539,3.844893,
1.535606,1.58423,2.685113,3.037881,3.539562,3.847376,
1.53738,1.585936,2.682105,3.03778,3.539594,3.850069,
1.539268,1.587816,2.679475,3.037606,3.53959,3.852446,
1.541191,1.589876,2.677892,3.037484,3.539586,3.854838,
1.542603,1.592263,2.676236,3.037305,3.539551,3.857208,
1.544031,1.594488,2.675376,3.037108,3.53955,3.859642,
1.545178,1.596883,2.675432,3.036938,3.539502,3.861771,
1.546074,1.599632,2.675906,3.036804,3.539527,3.863989,
1.546719,1.602208,2.676415,3.036602,3.539558,3.865923,
1.547485,1.604818,2.67775,3.036545,3.539545,3.867654,
1.547761,1.607992,2.679286,3.036398,3.539458,3.869512,
1.547942,1.610836,2.681341,3.036356,3.53941,3.870939,
1.548302,1.614125,2.683893,3.036326,3.539443,3.872207,
1.548236,1.617843,2.687412,3.036088,3.539567,3.873411,
1.548008,1.621166,2.689697,3.036108,3.539644,3.874403,
1.547752,1.625046,2.693535,3.036123,3.539644,3.875531,
1.547269,1.62933,2.696943,3.036133,3.53973,3.876951,
1.547086,1.633243,2.700425,3.035694,3.539763,3.878093,
1.546543,1.637354,2.704221,3.03578,3.539736,3.879151,
1.545671,1.641833,2.707619,3.035471,3.539814,3.880611,
1.5447,1.645926,2.710973,3.035301,3.539834,3.881902,
1.543425,1.650622,2.714808,3.035545,3.539901,3.883254,
1.542048,1.655566,2.718494,3.03536,3.539747,3.88489,
1.540668,1.66037,2.721766,3.035171,3.539709,3.886277,
1.539064,1.665454,2.72533,3.035249,3.539661,3.8879,
1.537251,1.670649,2.728317,3.035168,3.539478,3.88959,
1.53541,1.675766,2.731233,3.035028,3.539429,3.891486,
1.533259,1.681187,2.734418,3.035222,3.539384,3.893305,
1.53104,1.686883,2.737695,3.035104,3.539416,3.895436,
1.528991,1.692557,2.740254,3.035033,3.539387,3.897322,
1.526826,1.69857,2.74357,3.035355,3.539416,3.899333,
1.524525,1.704866,2.747063,3.035083,3.539342,3.901428,
1.522165,1.711221,2.747251,3.035125,3.539083,3.905047,
1.517111,1.724721,2.758598,3.034994,3.539085,3.907291,
1.51186,1.738356,2.76747,3.035322,3.539277,3.911506,
1.509116,1.745416,2.772242,3.035312,3.539411,3.913806,
1.50043,1.775387,2.792193,3.03555,3.539306,3.92185,
1.498372,1.792472,2.804524,3.035694,3.539444,3.926168,
1.497433,1.810663,2.817439,3.035613,3.539571,3.930697,
1.497226,1.819978,2.824365,3.036129,3.539602,3.932939,
1.496901,1.846739,2.843398,3.036408,3.539654,3.940048,
1.49725,1.846268,2.837716,3.036442,3.539547,3.945652,
1.496144,1.86878,2.855405,3.036539,3.539478,3.951351,
1.49489,1.881567,2.866254,3.037076,3.539506,3.954421,
1.494269,1.887754,2.864901,3.043122,3.539696,3.964428,
1.489261,1.910161,2.883874,3.043182,3.539731,3.972424,
1.487505,1.921643,2.891377,3.04316,3.539737,3.981142,
1.48742,1.927953,2.895094,3.043149,3.539405,3.985265,
1.487167,1.946748,2.906989,3.043154,3.539469,4.000644,
1.486741,1.952138,2.908525,3.043183,3.539522,4.011837,
1.48454,1.966606,2.91915,3.043023,3.53946,4.023845,
1.484173,1.965745,2.918722,3.04306,3.539476,4.024453,
1.483149,1.970126,2.92119,3.043127,3.539736,4.031051,
1.482158,1.974298,2.922082,3.04297,3.539689,4.043826,
1.480153,1.98248,2.92879,3.042875,3.539483,4.050202,
1.479383,1.986407,2.92754,3.042751,3.53939,4.069349,
1.476788,2.001395,2.939314,3.04272,3.539453,4.082473,
1.475859,2.008037,2.943023,3.042885,3.53961,4.095779,
1.475361,2.011276,2.944895,3.042958,3.539642,4.10232,
1.474645,2.017557,2.948898,3.042901,3.539763,4.115559,
1.474098,2.024142,2.953198,3.042907,3.53971,4.127751,
1.473978,2.031342,2.957056,3.042988,3.539464,4.139179,
1.474315,2.031426,2.957096,3.042893,3.539419,4.138888,
1.474348,2.03529,2.95675,3.042981,3.539468,4.149419,
1.474546,2.04228,2.961949,3.04303,3.539485,4.154512,
1.474798,2.045806,2.961231,3.042887,3.539419,4.164073,
1.475051,2.052372,2.965794,3.042969,3.539427,4.168239,
1.475112,2.055737,2.967071,3.04295,3.539429,4.17219,
1.475053,2.058615,2.966359,3.042685,3.539137,4.179659,
1.474697,2.064279,2.970237,3.0428,3.53921,4.183984,
1.474406,2.066883,2.968095,3.042785,3.53938,4.195022,
1.472296,2.075465,2.97424,3.042885,3.539494,4.201702,
1.469574,2.078004,2.974842,3.042977,3.539499,4.208024,
1.468113,2.07865,2.97461,3.042884,3.539502,4.21108,
1.465417,2.081042,2.975029,3.042752,3.539374,4.217125,
1.462733,2.083919,2.975806,3.04278,3.539444,4.22306,
1.46025,2.086979,2.97643,3.042411,3.538975,4.228704,
1.459894,2.086507,2.976098,3.042375,3.538975,4.228552,
1.458107,2.087533,2.975883,3.042493,3.53898,4.231338,
1.453872,2.088524,2.974479,3.042331,3.539135,4.237002,
1.449237,2.08784,2.970754,3.04255,3.539259,4.242266,
1.44717,2.087571,2.96902,3.042567,3.539209,4.244772,
1.44307,2.087823,2.966039,3.042621,3.53928,4.249762,
1.437763,2.08875,2.958571,3.042822,3.539424,4.258278,
1.433427,2.091978,2.957453,3.04284,3.539544,4.262393,
1.431478,2.094442,2.954264,3.04301,3.539699,4.26629,
1.430207,2.097373,2.951156,3.042968,3.539752,4.269892,
1.429616,2.098967,2.949546,3.04316,3.539793,4.271915,
1.427023,2.105085,2.945112,3.04298,3.539972,4.276878,
1.427061,2.10555,2.945047,3.042832,3.539842,4.276697,
1.425906,2.108203,2.943958,3.042796,3.539863,4.278343,
1.424453,2.110615,2.938629,3.042607,3.539674,4.281236,
1.421262,2.11568,2.940069,3.042526,3.539534,4.282619,
1.419386,2.118285,2.938841,3.042722,3.53961,4.284268,
1.41535,2.123853,2.936421,3.042627,3.539632,4.287478,
1.412996,2.126562,2.935154,3.042411,3.539469,4.288948,
1.410774,2.129493,2.928853,3.042641,3.539577,4.292051,
1.4003,2.142541,2.929201,3.042956,3.539751,4.297086,
1.394199,2.150056,2.927161,3.043151,3.539861,4.300463,
1.387931,2.157688,2.924432,3.042902,3.539585,4.303468,
1.384713,2.161719,2.92348,3.042841,3.539398,4.304852,
1.37522,2.174277,2.91912,3.042855,3.539263,4.309206,
1.375013,2.174645,2.912197,3.042795,3.539354,4.310576,
1.368105,2.183222,2.915822,3.042827,3.539418,4.311973,
1.360686,2.192508,2.913012,3.042877,3.539395,4.314372,
1.356459,2.197249,2.911841,3.042853,3.539534,4.315878,
1.339188,2.216976,2.907647,3.042858,3.53958,4.31963,
1.329494,2.227768,2.906959,3.042831,3.539615,4.320642,
1.318834,2.238869,2.907315,3.042711,3.539479,4.321819,
1.307727,2.250417,2.909786,3.042821,3.539526,4.323318,
1.3072,2.250895,2.910912,3.042633,3.53951,4.323184,
1.301583,2.256962,2.908049,3.042799,3.539676,4.324793,
1.290154,2.269736,2.919414,3.042836,3.539711,4.325648,
1.284528,2.276471,2.923198,3.043044,3.539773,4.326402,
1.27892,2.283073,2.927572,3.043001,3.539685,4.327073,
1.273011,2.289869,2.929045,3.04304,3.539651,4.328912,
1.260229,2.302672,2.942985,3.043096,3.539702,4.329884,
1.247444,2.314534,2.952955,3.043074,3.539629,4.331553,
1.240819,2.319752,2.95778,3.042987,3.539454,4.332229,
1.228305,2.33083,2.967131,3.042929,3.539391,4.334001,
1.210272,2.34572,2.980594,3.042968,3.53954,4.337589,
1.198789,2.355918,2.98967,3.042915,3.539594,4.340075,
1.187208,2.365563,2.998208,3.042889,3.539566,4.342903,
1.187255,2.36496,2.997611,3.042776,3.539407,4.34303,
1.176677,2.373779,3.004974,3.042643,3.539351,4.346508,
1.166345,2.382107,3.011634,3.04247,3.539321,4.350293,
1.161032,2.385575,3.014124,3.04242,3.539223,4.352312,
1.150874,2.39356,3.020134,3.042661,3.539466,4.356562,
1.135286,2.404776,3.027936,3.042825,3.539398,4.363363,
1.118955,2.41582,3.03487,3.042522,3.539351,4.370202,
1.107641,2.421772,3.037567,3.04291,3.539471,4.374764,
1.095636,2.42659,3.039264,3.042961,3.539606,4.379608,
1.089528,2.428477,3.039737,3.042814,3.539464,4.381999,
1.07648,2.432138,3.040737,3.043015,3.539624,4.387197,
1.063265,2.435949,3.041811,3.042979,3.539412,4.392295,
1.056233,2.43781,3.042486,3.042902,3.539413,4.395084,
1.040964,2.441533,3.044219,3.042889,3.539488,4.401281,
1.039602,2.441204,3.044315,3.042826,3.53947,4.40169,
1.03159,2.443334,3.045582,3.042634,3.539377,4.404769,
1.023086,2.445133,3.046553,3.04276,3.539526,4.40836,
1.014259,2.446625,3.045206,3.042643,3.539507,4.415173,
0.9959973,2.44958,3.046814,3.042733,3.539445,4.422662,
0.9766539,2.452449,3.050665,3.042694,3.539418,4.42674,
0.9666533,2.454082,3.05198,3.042885,3.539516,4.430811,
0.9479275,2.457577,3.054684,3.042901,3.539513,4.439195,
0.919753,2.462315,3.059269,3.042964,3.539405,4.454112,
0.8920786,2.467947,3.064485,3.042637,3.539343,4.47084,
0.8745661,2.473019,3.069141,3.042718,3.539374,4.483381,
0.8657943,2.47541,3.071445,3.042885,3.539359,4.489509,
0.850669,2.480302,3.075328,3.043023,3.539495,4.503024,
0.8369908,2.485279,3.079253,3.042942,3.539399,4.516333,
0.8239024,2.490981,3.08433,3.042902,3.539269,4.529708,
0.8248162,2.491096,3.084261,3.042765,3.539243,4.529688,
0.8190657,2.493863,3.08623,3.042732,3.539257,4.543093,
0.8090802,2.499242,3.092487,3.04271,3.539264,4.549802,
0.8043706,2.501936,3.095974,3.042654,3.539216,4.556598,
0.7969254,2.507144,3.102199,3.042585,3.539226,4.570013,
0.7937016,2.509493,3.105111,3.042572,3.539306,4.57648,
0.790929,2.511887,3.107702,3.042802,3.539402,4.588644,
0.7873746,2.515656,3.111896,3.042712,3.539365,4.594309,
0.7864125,2.517678,3.113873,3.042683,3.539376,4.605213,
0.7843835,2.524206,3.120908,3.042709,3.539417,4.620761,
0.7867182,2.525819,3.12291,3.042691,3.539425,4.629899,
0.7888856,2.526677,3.124061,3.042679,3.539371,4.634412,
0.796869,2.527348,3.124723,3.042823,3.539452,4.645931,
0.8035752,2.526131,3.123194,3.042818,3.539337,4.652281,
0.8117265,2.525039,3.12166,3.042911,3.539332,4.659498,
0.8128368,2.524596,3.120942,3.042915,3.539371,4.658998,
0.8171538,2.524149,3.120047,3.042927,3.539459,4.66236,
0.8214304,2.523701,3.119002,3.042738,3.539498,4.66867,
0.8300431,2.522086,3.115915,3.042724,3.539463,4.671682,
0.834545,2.521223,3.114113,3.042664,3.539481,4.674685,
0.8390784,2.520267,3.112238,3.042699,3.539483,4.677848,
0.8434355,2.519266,3.109701,3.042714,3.539422,4.683662,
0.8518359,2.517579,3.106229,3.042632,3.539323,4.686413,
0.8559501,2.516711,3.104157,3.042643,3.53928,4.689229,
0.8643836,2.515322,3.100374,3.042819,3.539418,4.695098,
0.8687055,2.514806,3.098676,3.042783,3.539421,4.697873,
0.8729295,2.514682,3.096882,3.042785,3.539477,4.703447,
0.8892186,2.514379,3.093006,3.042773,3.539637,4.711901,
0.8953153,2.514594,3.091424,3.042629,3.539537,4.717363,
0.8995731,2.515215,3.090637,3.042583,3.539481,4.722591,
0.9015337,2.516048,3.089881,3.042703,3.539556,4.73084,
0.900297,2.51658,3.089769,3.042819,3.53949,4.736535,
0.8977713,2.517001,3.089141,3.04289,3.539515,4.741969,
0.8953406,2.517407,3.089448,3.043011,3.539605,4.744696,
0.8901027,2.517715,3.085969,3.042946,3.539652,4.746641,
0.887839,2.517639,3.086131,3.043004,3.539678,4.74649,
0.8845751,2.51763,3.085732,3.04301,3.539686,4.74863,
0.8808833,2.51772,3.084908,3.043,3.53966,4.75097,
0.8763724,2.517865,3.082932,3.043062,3.5396,4.755745,
0.8677459,2.518383,3.082998,3.043039,3.539639,4.758347,
0.857708,2.518574,3.08109,3.043034,3.539612,4.763248,
0.852865,2.519018,3.080435,3.043005,3.539627,4.7659,
0.8445175,2.52033,3.078647,3.043112,3.539649,4.771224,
0.8346541,2.5232,3.078725,3.04295,3.539488,4.776158,
0.824936,2.525534,3.077867,3.042721,3.539569,4.781809,
0.8152593,2.528012,3.07718,3.042892,3.539696,4.787753,
0.8152203,2.528324,3.077165,3.043077,3.539828,4.788072,
0.8110213,2.530054,3.076619,3.043054,3.539796,4.790583,
0.8073945,2.531811,3.076066,3.042902,3.53971,4.793319,
0.8033052,2.533337,3.075526,3.042879,3.539709,4.79609,
0.7995339,2.534821,3.074842,3.042847,3.539646,4.798968,
0.7968632,2.536456,3.073839,3.04277,3.539394,4.801836,
0.7934938,2.537984,3.073022,3.042804,3.539541,4.80481,
0.7903726,2.539543,3.072287,3.042843,3.53959,4.808013,
0.788147,2.541338,3.071188,3.042887,3.539796,4.811073,
0.7853366,2.543014,3.070473,3.042883,3.539801,4.814331,
0.7827175,2.544838,3.069873,3.042895,3.539767,4.817556,
0.7802426,2.546151,3.068496,3.042973,3.539675,4.820804,
0.7779411,2.547869,3.067613,3.042839,3.539651,4.824146,
0.7755871,2.549391,3.066649,3.042826,3.539544,4.827736,
0.7732174,2.55084,3.065734,3.042777,3.539373,4.831248,
0.7712102,2.552453,3.064729,3.042899,3.53971,4.835204,
0.7694803,2.553861,3.063457,3.04269,3.539654,4.838897,
0.7678967,2.554962,3.061735,3.042787,3.539891,4.842647,
0.7666606,2.556237,3.060316,3.042692,3.539758,4.84607,
0.7653135,2.55721,3.058624,3.042783,3.539788,4.849503,
0.7642738,2.558487,3.057265,3.042622,3.539728,4.852846,
0.763639,2.559692,3.056003,3.042652,3.539594,4.855957,
0.7634392,2.56083,3.054323,3.042696,3.53954,4.859128,
0.7637697,2.562099,3.05263,3.042579,3.539388,4.862071,
0.764111,2.563097,3.050669,3.042729,3.53936,4.864893,
0.764649,2.564195,3.048773,3.042763,3.539359,4.86792,
0.7655776,2.565017,3.046663,3.042707,3.539386,4.870957,
0.7664349,2.565842,3.044431,3.042849,3.539535,4.873819,
0.7678846,2.566648,3.042006,3.042717,3.539538,4.876552,
0.7693094,2.567279,3.039637,3.04274,3.539451,4.879253,
0.7709435,2.567785,3.03721,3.042785,3.539455,4.881682,
0.772736,2.568198,3.034641,3.042829,3.539516,4.884113,
0.7745709,2.568473,3.032152,3.04285,3.539476,4.886297,
0.7763225,2.568523,3.029544,3.042865,3.539491,4.888133,
0.7781807,2.568662,3.02697,3.042869,3.539487,4.890049,
0.7800726,2.56868,3.02462,3.042862,3.539564,4.891721,
0.782181,2.56867,3.022392,3.042838,3.539586,4.893116,
0.7843179,2.568805,3.02029,3.04274,3.539567,4.894608,
0.7863944,2.568272,3.017977,3.042733,3.539455,4.895683,
0.7886024,2.567998,3.0156,3.042818,3.539464,4.896856,
0.7907878,2.567673,3.01333,3.042732,3.539509,4.897761,
0.7932225,2.567403,3.011438,3.042679,3.539723,4.89861,
0.7959146,2.567088,3.009389,3.042767,3.539764,4.899569,
0.7985777,2.566814,3.007315,3.042905,3.539864,4.90039,
0.8013131,2.566277,3.004795,3.042736,3.539697,4.900538,
0.8045859,2.565657,3.001996,3.042703,3.539694,4.901128,
0.807961,2.564869,2.998914,3.042784,3.539639,4.901536,
0.812069,2.564167,2.995722,3.043063,3.539805,4.902305,
0.8165042,2.563504,2.992385,3.042953,3.539826,4.902646,
0.821102,2.562823,2.988986,3.04295,3.53974,4.903054,
0.8264219,2.562261,2.985558,3.042948,3.539639,4.903538,
0.831719,2.561613,2.981693,3.04294,3.539644,4.903732,
0.8375139,2.560778,2.977691,3.04291,3.539586,4.904267,
0.8436462,2.559728,2.9733,3.042905,3.539537,4.90466,
0.850187,2.558839,2.968776,3.042868,3.539537,4.905158,
0.8572779,2.557824,2.964458,3.042917,3.539567,4.905758,
0.86472,2.557123,2.959832,3.042845,3.539519,4.906256,
0.8724012,2.556474,2.955308,3.042733,3.539487,4.906934,
0.880443,2.555655,2.950633,3.042474,3.539392,4.907644,
0.8887016,2.554764,2.946056,3.042403,3.539379,4.908305,
0.8974839,2.553874,2.940965,3.042351,3.539354,4.909029,
0.9068227,2.553065,2.935856,3.042371,3.539351,4.909741,
0.91676,2.552557,2.930721,3.042607,3.539639,4.910891,
0.9269038,2.552014,2.925636,3.042674,3.539663,4.91172,
0.9380383,2.551581,2.920376,3.04288,3.539833,4.912697,
0.948879,2.55106,2.915185,3.042802,3.539682,4.913558,
0.9608072,2.550671,2.909734,3.042794,3.539694,4.914567,
0.9733173,2.550259,2.904137,3.042723,3.53962,4.915591,
0.9860482,2.55003,2.89889,3.042772,3.539569,4.916539,
0.9992647,2.550083,2.893675,3.042862,3.539581,4.917887,
1.013215,2.550565,2.888231,3.043038,3.539603,4.919133,
1.026719,2.550956,2.883021,3.043149,3.539682,4.920604,
1.040568,2.551622,2.877854,3.043062,3.539657,4.922048,
1.054457,2.552186,2.872855,3.043128,3.539647,4.923477,
1.068661,2.55321,2.867912,3.043077,3.539751,4.925436,
1.082994,2.554249,2.860183,3.043072,3.539756,4.924231,
1.097291,2.555335,2.854381,3.043097,3.539764,4.92568,
1.111478,2.556231,2.848722,3.043036,3.539506,4.927394,
1.125355,2.556966,2.843253,3.043023,3.539505,4.929542,
1.139001,2.557444,2.837126,3.042952,3.539429,4.93152,
1.152394,2.557654,2.830805,3.042765,3.53927,4.933622,
1.165497,2.557688,2.824228,3.042495,3.539223,4.935841,
1.178671,2.55773,2.817002,3.042489,3.539007,4.937696,
1.191327,2.55807,2.810823,3.042572,3.539278,4.940295,
1.203572,2.558328,2.804483,3.04258,3.539254,4.942843,
1.216161,2.559272,2.797497,3.04278,3.539567,4.945407,
1.228374,2.559688,2.791125,3.04276,3.539525,4.948115,
1.240113,2.560125,2.784755,3.042855,3.539557,4.950934,
1.251859,2.560791,2.778038,3.042894,3.539606,4.953848,
1.263303,2.561275,2.771388,3.042793,3.539444,4.956502,
1.274446,2.56147,2.764391,3.042853,3.539456,4.959259,
1.285226,2.561583,2.757065,3.042938,3.53945,4.962409,
1.295763,2.561278,2.749346,3.042905,3.539545,4.965672,
1.306019,2.560443,2.741184,3.042916,3.539526,4.968971,
1.315735,2.559236,2.732481,3.042984,3.53955,4.972381,
1.325463,2.557841,2.723624,3.042945,3.539463,4.975757,
1.334868,2.556035,2.714404,3.042957,3.539446,4.979336,
1.343423,2.553874,2.705264,3.042824,3.539413,4.983064,
1.351878,2.551531,2.695913,3.042813,3.539439,4.986943,
1.360563,2.54941,2.686199,3.042837,3.539408,4.990614,
1.368978,2.547198,2.676739,3.042796,3.539322,4.994466,
1.378369,2.545824,2.667035,3.042826,3.539405,4.998347,
1.385737,2.543026,2.656445,3.042782,3.539358,5.002093,
1.393051,2.540321,2.646621,3.04283,3.539377,5.006124,
1.400366,2.537675,2.636409,3.042923,3.53954,5.010427,
1.407116,2.534428,2.625721,3.042866,3.539579,5.014354,
1.412708,2.530865,2.615441,3.04274,3.539519,5.018213,
1.418621,2.527752,2.60521,3.042698,3.539443,5.022083,
1.423785,2.524516,2.594896,3.042775,3.539561,5.025744,
1.428364,2.521068,2.585151,3.042802,3.539562,5.029759,
1.432644,2.518103,2.576308,3.042872,3.539538,5.033858,
1.436978,2.515531,2.568197,3.042947,3.539624,5.038087,
1.440998,2.512926,2.560258,3.043025,3.539671,5.04247,
1.44467,2.510617,2.553036,3.042922,3.539596,5.046867,
1.448501,2.508986,2.546508,3.042805,3.539609,5.051497,
1.452478,2.507211,2.540121,3.042952,3.539613,5.056357,
1.455894,2.505855,2.534316,3.042939,3.539515,5.060767,
1.459654,2.504767,2.529029,3.042877,3.53943,5.065464,
1.463057,2.504013,2.523875,3.042939,3.539424,5.070034,
1.466163,2.503161,2.518664,3.042919,3.539416,5.074555,
1.469268,2.50287,2.51403,3.042778,3.53944,5.078713,
1.472256,2.502351,2.508781,3.042742,3.539427,5.082929,
1.475271,2.502133,2.504061,3.042792,3.539536,5.087232,
1.478269,2.502212,2.499705,3.042542,3.539469,5.091024,
1.481394,2.502369,2.4954,3.042357,3.539426,5.094831,
1.484328,2.502856,2.491387,3.042382,3.539441,5.098541,
1.487329,2.503454,2.487664,3.042572,3.539532,5.101993,
1.490222,2.504142,2.483861,3.042587,3.539517,5.10533,
1.493449,2.505038,2.480207,3.042598,3.539471,5.108524,
1.496561,2.50598,2.476831,3.042707,3.539464,5.110796,
1.500081,2.507159,2.473279,3.042736,3.53951,5.113639,
1.504117,2.5088,2.470197,3.042965,3.539681,5.116275,
1.507751,2.510278,2.467084,3.042966,3.539669,5.118656,
1.510773,2.511526,2.463511,3.042845,3.539592,5.120689,
1.513705,2.513133,2.460411,3.042988,3.53952,5.122612,
1.516351,2.51439,2.457322,3.042865,3.539514,5.124595,
1.519159,2.515961,2.454081,3.042912,3.539536,5.126339,
1.522062,2.517815,2.451082,3.042998,3.539487,5.127893,
1.525316,2.519674,2.448006,3.042824,3.539502,5.129506,
1.528862,2.522073,2.444996,3.042828,3.53948,5.130799,
1.532112,2.524543,2.442263,3.042839,3.53933,5.13192,
1.535576,2.527158,2.439821,3.042918,3.539332,5.1335,
1.539258,2.529975,2.437407,3.042813,3.539271,5.134786,
1.543215,2.53312,2.435212,3.04276,3.539371,5.136426,
1.547067,2.536434,2.43319,3.042785,3.539375,5.13785,
1.550809,2.53982,2.431419,3.042861,3.539404,5.139347,
1.55474,2.543356,2.429601,3.042861,3.539493,5.14102,
1.558389,2.546886,2.427953,3.042841,3.539452,5.142525,
1.56187,2.550457,2.426393,3.042861,3.53948,5.143983,
1.565462,2.554226,2.424942,3.042923,3.539462,5.145446,
1.568618,2.557577,2.423385,3.04297,3.539478,5.146967,
1.57137,2.560951,2.42215,3.043032,3.539542,5.1486,
1.573683,2.564047,2.420937,3.043064,3.539547,5.150111,
1.57574,2.566901,2.41978,3.043034,3.539534,5.151787,
1.577443,2.569524,2.418819,3.042916,3.539532,5.153346,
1.579127,2.572042,2.41768,3.042819,3.539491,5.154956,
1.580432,2.573948,2.416332,3.042721,3.539394,5.156647,
1.581165,2.575678,2.415314,3.042752,3.53939,5.158395,
1.581394,2.577389,2.414246,3.042695,3.539585,5.159869,
1.581828,2.57879,2.413303,3.042703,3.539606,5.162052,
1.581847,2.580152,2.412148,3.042853,3.539687,5.163782,
1.582068,2.581497,2.410943,3.042795,3.539482,5.165277,
1.582135,2.582587,2.409377,3.042807,3.539486,5.166507,
1.581957,2.584162,2.408956,3.042759,3.539436,5.167817,
1.582326,2.58588,2.408171,3.0429,3.539534,5.169393,
1.582604,2.587823,2.407261,3.042931,3.539515,5.170228,
1.582883,2.590012,2.406728,3.042794,3.539425,5.171148,
1.583099,2.592382,2.406168,3.042816,3.53947,5.172035,
1.58318,2.594393,2.40514,3.042591,3.539348,5.172852,
1.583113,2.596261,2.404246,3.042542,3.539352,5.173753,
1.582158,2.597888,2.402862,3.042649,3.539535,5.174267,
1.581338,2.599102,2.401795,3.042948,3.539753,5.175785,
1.579804,2.599735,2.400124,3.043072,3.539792,5.176553,
1.578268,2.599801,2.397933,3.042929,3.539586,5.177333,
1.57625,2.599458,2.39542,3.042925,3.539587,5.178026,
1.573495,2.598823,2.392983,3.04317,3.53981,5.17907,
1.570846,2.597647,2.390012,3.043042,3.539667,5.179896,
1.567919,2.596345,2.386717,3.042877,3.539656,5.180493,
1.564841,2.595081,2.383596,3.042707,3.539525,5.181164,
1.561919,2.593765,2.380569,3.04275,3.539601,5.182017,
1.558993,2.59241,2.377125,3.042753,3.539535,5.182512,
1.556138,2.591103,2.373329,3.042823,3.539608,5.183169,
1.552998,2.589758,2.369818,3.04282,3.539364,5.183635,
1.549957,2.588383,2.366533,3.042845,3.539353,5.18456,
1.546601,2.586977,2.363593,3.042796,3.539287,5.185334,
1.543157,2.585491,2.360114,3.042651,3.539321,5.186019,
1.539182,2.583817,2.356808,3.042577,3.539316,5.18714,
1.534555,2.581968,2.353341,3.042536,3.539098,5.187588,
1.530045,2.58011,2.350435,3.042644,3.539458,5.189169,
1.525166,2.578014,2.346967,3.042614,3.539509,5.189804,
1.519898,2.576035,2.343657,3.042756,3.539468,5.190652,
1.51488,2.574071,2.340375,3.042507,3.539445,5.191139,
1.509386,2.572022,2.336876,3.042682,3.539458,5.191273,
1.503773,2.570172,2.334607,3.042658,3.539347,5.192142,
1.497748,2.568198,2.332033,3.042698,3.539306,5.19278,
1.49166,2.566294,2.329738,3.042847,3.539377,5.19342,
1.485348,2.564382,2.327958,3.042803,3.539417,5.194364,
1.478806,2.56248,2.326388,3.042603,3.539385,5.195221,
1.472273,2.560673,2.324874,3.042763,3.539431,5.195927,
1.465271,2.558892,2.323344,3.042951,3.539558,5.196501,
1.458406,2.556824,2.321548,3.04287,3.539576,5.19664,
1.451352,2.554832,2.319569,3.042871,3.539495,5.196548,
1.443421,2.552283,2.31769,3.042802,3.539495,5.196643,
1.435707,2.549745,2.315836,3.042947,3.539523,5.1969,
1.4276,2.546932,2.313688,3.042979,3.539525,5.197008,
1.418998,2.543693,2.311554,3.043076,3.539571,5.197197,
1.410775,2.540802,2.309981,3.043111,3.539603,5.197864,
1.402642,2.537956,2.307548,3.043056,3.539613,5.197794,
1.394132,2.534601,2.305676,3.043179,3.539552,5.197946,
1.386898,2.532467,2.304693,3.043135,3.539544,5.198232,
1.379763,2.530411,2.30337,3.043063,3.53954,5.198342,
1.371971,2.527537,2.303477,3.043046,3.539483,5.199118,
1.365781,2.525959,2.302792,3.043095,3.539501,5.19915,
1.359669,2.525012,2.303254,3.043057,3.539547,5.199589,
1.354182,2.524178,2.303723,3.042991,3.539581,5.199995,
1.348595,2.523598,2.306113,3.043064,3.539583,5.202308,
1.343575,2.524068,2.308285,3.04312,3.539641,5.203123,
1.338747,2.524273,2.310538,3.042985,3.53945,5.204035,
1.334201,2.524775,2.312662,3.042988,3.539437,5.204373,
1.329774,2.525735,2.315638,3.042982,3.539424,5.205134,
1.32584,2.526655,2.318662,3.042991,3.539387,5.20634,
1.32147,2.527783,2.321347,3.042961,3.539365,5.206547,
1.316992,2.529545,2.325158,3.042969,3.539368,5.207481,
1.312247,2.53112,2.328802,3.042897,3.539435,5.208149,
1.30744,2.53269,2.331819,3.042987,3.539426,5.20831,
1.302572,2.534587,2.335703,3.04285,3.539345,5.209303,
1.297594,2.536333,2.339194,3.042945,3.539444,5.209949,
1.292471,2.538041,2.342477,3.042976,3.539465,5.210399,
1.287439,2.540141,2.346162,3.042956,3.539437,5.210989,
1.282272,2.54188,2.349912,3.042942,3.539462,5.212429,
1.277115,2.543665,2.353459,3.04291,3.539461,5.213282,
1.272456,2.545792,2.356956,3.042878,3.539476,5.214184,
1.267124,2.547945,2.360259,3.042812,3.539476,5.214673,
1.262401,2.550527,2.364023,3.04251,3.539423,5.216092,
1.257446,2.552882,2.367518,3.042554,3.539488,5.217015,
1.252826,2.555605,2.370667,3.042662,3.53954,5.217955,
1.248041,2.558433,2.373469,3.042804,3.539573,5.218195,
1.243501,2.561574,2.376673,3.042837,3.5396,5.218935,
1.239381,2.565008,2.379841,3.042804,3.539608,5.219673,
1.235185,2.568844,2.383485,3.042929,3.539507,5.220591,
1.231215,2.573204,2.387427,3.042939,3.539459,5.22155,
1.22742,2.577461,2.390805,3.042703,3.539296,5.222079,
1.223603,2.582126,2.395418,3.042804,3.539289,5.223952,
1.219823,2.586768,2.399111,3.04275,3.539226,5.225029,
1.216153,2.591762,2.402362,3.042911,3.539418,5.22592,
1.212622,2.596836,2.405828,3.04285,3.539421,5.227035,
1.208841,2.6021,2.40901,3.042948,3.53954,5.228049,
1.205576,2.607391,2.412076,3.043046,3.539627,5.229184,
1.202327,2.612866,2.414728,3.043042,3.5396,5.229706,
1.199593,2.618757,2.417405,3.04312,3.539642,5.230752,
1.196702,2.624637,2.420463,3.043191,3.539841,5.231836,
1.194012,2.631099,2.424607,3.043031,3.539851,5.233885,
1.191449,2.637677,2.428558,3.043057,3.539907,5.235513,
1.188997,2.644498,2.432019,3.042844,3.539637,5.236526,
1.186475,2.651586,2.435069,3.042895,3.539632,5.237065,
1.183942,2.658643,2.439716,3.042994,3.539686,5.239498,
1.181434,2.66568,2.443323,3.042992,3.539598,5.240899,
1.178881,2.67266,2.446999,3.043,3.539612,5.242621,
1.176119,2.679435,2.450788,3.042926,3.539565,5.244446,
1.173273,2.686177,2.454408,3.042884,3.539495,5.246309,
1.170209,2.692707,2.457874,3.042802,3.539393,5.248187,
1.167169,2.69923,2.461838,3.042773,3.539366,5.251067,
1.163586,2.705496,2.465216,3.042678,3.539359,5.253191,
1.1597,2.711487,2.468704,3.042645,3.539363,5.255701,
1.15521,2.717319,2.471998,3.042641,3.539346,5.258273,
1.150707,2.722878,2.475304,3.042561,3.539259,5.260956,
1.146522,2.728437,2.477699,3.042417,3.539235,5.262872,
1.142024,2.733693,2.480934,3.04245,3.539304,5.266453,
1.137429,2.738595,2.483857,3.042464,3.539332,5.269693,
1.132607,2.743095,2.485422,3.042539,3.539354,5.271733,
1.128459,2.747942,2.48811,3.0425,3.539325,5.275606,
1.123731,2.752727,2.49107,3.042583,3.539232,5.279052,
1.119017,2.757342,2.493511,3.042554,3.539345,5.282214,
1.114393,2.761976,2.496571,3.042525,3.539299,5.286463,
1.109009,2.766232,2.499243,3.042469,3.539255,5.290272,
1.103718,2.770018,2.501757,3.042539,3.539261,5.294208,
1.098329,2.773638,2.504494,3.042457,3.539232,5.298349,
1.09325,2.777118,2.506084,3.042478,3.539294,5.302233,
1.0882,2.780696,2.50664,3.042739,3.539338,5.304721,
1.083615,2.784306,2.507746,3.042716,3.539312,5.308619,
1.078576,2.787689,2.508905,3.042823,3.539415,5.312329,
1.073597,2.791042,2.509558,3.042778,3.539476,5.315484,
1.068607,2.794249,2.510634,3.042715,3.539473,5.319123,
1.063953,2.797517,2.511577,3.042578,3.539422,5.322515,
1.059452,2.801041,2.512306,3.04281,3.539476,5.325681,
1.055157,2.804579,2.513156,3.042751,3.539464,5.328839,
1.050708,2.80801,2.514659,3.04276,3.539422,5.332315,
1.046533,2.811439,2.515451,3.04266,3.539412,5.33544,
1.041985,2.81413,2.516194,3.042742,3.539363,5.338619,
1.037665,2.816681,2.517063,3.042822,3.53948,5.342267,
1.033671,2.81892,2.517208,3.0428,3.5394,5.345585,
1.029674,2.820966,2.51743,3.042782,3.539413,5.3489,
1.025628,2.822906,2.51772,3.042944,3.539469,5.352229,
1.021984,2.82494,2.518028,3.042694,3.539436,5.35524,
1.018905,2.826914,2.517717,3.042699,3.539461,5.357991,
1.015201,2.828882,2.518501,3.042683,3.539361,5.360599,
1.011646,2.830904,2.519151,3.042836,3.539426,5.362935,
1.008725,2.833231,2.520381,3.042909,3.53947,5.365324,
1.005455,2.835591,2.521982,3.043023,3.539562,5.367707,
1.00278,2.838023,2.523876,3.043045,3.539601,5.370078,
1.000633,2.840535,2.524716,3.04314,3.539638,5.371986,
0.9980097,2.842865,2.526344,3.042956,3.539396,5.373458,
0.9955104,2.844929,2.527396,3.042956,3.539384,5.374289,
0.9937,2.847136,2.528338,3.042912,3.539323,5.375276,
0.9914668,2.848858,2.52932,3.042881,3.539408,5.376409,
0.9894114,2.850198,2.529453,3.04279,3.539401,5.377076,
0.9879636,2.851549,2.527633,3.042757,3.539377,5.37598,
0.9863287,2.852865,2.527931,3.042845,3.539386,5.376877,
0.985119,2.854105,2.528085,3.042777,3.539356,5.377625,
0.9844836,2.855568,2.527071,3.042776,3.53933,5.377114,
0.9836494,2.856545,2.526837,3.042871,3.53943,5.377626,
0.9834455,2.857689,2.525752,3.042669,3.539394,5.377438,
0.9834949,2.858382,2.525033,3.042479,3.539316,5.37776,
0.9836649,2.859015,2.524334,3.042412,3.539304,5.378267,
0.9846238,2.859798,2.522365,3.042613,3.539353,5.377767,
0.9862739,2.860373,2.520905,3.042601,3.53932,5.378697,
0.987483,2.860684,2.519365,3.042605,3.539209,5.37908,
0.9891084,2.860652,2.517443,3.042749,3.539194,5.379658,
0.9910448,2.860962,2.515991,3.042834,3.539213,5.380867,
0.993505,2.861294,2.514265,3.042843,3.539302,5.381508,
0.9962988,2.861782,2.512447,3.042933,3.539356,5.382005,
0.9993375,2.862412,2.511353,3.042973,3.539359,5.382924,
1.002617,2.863231,2.510048,3.042972,3.539574,5.383624,
1.006138,2.864089,2.509629,3.042936,3.539632,5.385273,
1.009755,2.865179,2.508784,3.042948,3.539641,5.386261,
1.014047,2.866184,2.507625,3.042856,3.539564,5.387045,
1.018974,2.867554,2.505232,3.042887,3.539603,5.386778,
1.024178,2.869054,2.504025,3.042901,3.539608,5.387615,
1.029753,2.870594,2.502445,3.04289,3.539544,5.388228,
1.036019,2.872414,2.499577,3.042903,3.539506,5.387644,
1.042101,2.873897,2.497896,3.042811,3.539467,5.38801,
1.048593,2.875565,2.495609,3.042766,3.539411,5.388137,
1.055584,2.877306,2.492117,3.042736,3.539388,5.387341,
1.06322,2.879365,2.489662,3.042826,3.539433,5.387631,
1.071346,2.88178,2.486962,3.042741,3.539329,5.387546,
1.080314,2.884334,2.482706,3.04272,3.539278,5.386609,
1.089278,2.886962,2.479853,3.042825,3.539292,5.387022,
1.098461,2.889318,2.476295,3.042916,3.53936,5.38703,
1.108243,2.891595,2.471535,3.042917,3.539359,5.386552,
1.118354,2.893853,2.466762,3.042982,3.53947,5.386554,
1.128311,2.89581,2.462057,3.043102,3.539433,5.386329,
1.139138,2.897723,2.456805,3.043103,3.539452,5.386373,
1.149814,2.899198,2.451844,3.042967,3.539405,5.386447,
1.160851,2.900738,2.446036,3.04291,3.539346,5.386137,
1.172496,2.901604,2.437746,3.042936,3.539311,5.385116,
1.183858,2.901897,2.431068,3.043087,3.539584,5.385254,
1.195632,2.902007,2.423035,3.043106,3.539592,5.384866,
1.207948,2.90191,2.41444,3.043102,3.539606,5.385282,
1.21976,2.901118,2.40171,3.042962,3.539498,5.383993,
1.24358,2.89927,2.384613,3.042935,3.539485,5.382111,
1.254438,2.89706,2.374215,3.042956,3.539515,5.381169,
1.265445,2.895092,2.363906,3.04286,3.539449,5.380182,
1.275803,2.892206,2.351566,3.042824,3.539467,5.378248,
1.283806,2.887463,2.341172,3.042939,3.539543,5.376483,
1.293054,2.883959,2.329981,3.042813,3.53943,5.375101,
1.301806,2.87962,2.317745,3.042674,3.539336,5.373711,
1.309176,2.87476,2.307661,3.042557,3.539288,5.372946,
1.316418,2.870003,2.296357,3.042657,3.539251,5.371432,
1.323633,2.864908,2.285062,3.042661,3.539324,5.37065,
1.329402,2.858681,2.274755,3.042514,3.539185,5.369691,
1.338204,2.854413,2.258878,3.042457,3.539195,5.367723,
1.34431,2.848049,2.246475,3.042556,3.539268,5.366066,
1.350136,2.841512,2.234463,3.042685,3.539312,5.365143,
1.356802,2.835392,2.220523,3.042681,3.539316,5.363442,
1.362055,2.828198,2.207906,3.042716,3.539337,5.362076,
1.36665,2.820632,2.195385,3.0426,3.539261,5.36063,
1.371418,2.812948,2.180837,3.042709,3.539295,5.358723,
1.375335,2.804694,2.166352,3.042676,3.539313,5.356064,
1.379215,2.796234,2.152369,3.042621,3.539272,5.354104,
1.382993,2.787824,2.137678,3.042717,3.53952,5.352572,
1.386191,2.778974,2.12316,3.042838,3.539643,5.350778,
1.388713,2.769547,2.108829,3.042899,3.539649,5.348869,
1.391073,2.759959,2.09403,3.042777,3.539495,5.347044,
1.393063,2.750326,2.078342,3.042836,3.53949,5.343924,
1.393907,2.740124,2.063379,3.042988,3.539519,5.34195,
1.394401,2.729652,2.049385,3.042956,3.539493,5.339741,
1.394399,2.719071,2.033698,3.042765,3.539239,5.336067,
1.39383,2.708716,2.021088,3.042631,3.53915,5.334267,
1.393822,2.698841,2.007908,3.042607,3.539094,5.331794,
1.393562,2.689339,1.994385,3.042865,3.539253,5.328582,
1.392984,2.679647,1.981985,3.042836,3.539202,5.326127,
1.392787,2.670625,1.969834,3.042912,3.539328,5.323477,
1.392588,2.661639,1.956617,3.042881,3.539341,5.319771,
1.391974,2.652628,1.944889,3.042818,3.539297,5.316906,
1.392007,2.644481,1.933192,3.042859,3.539304,5.313793,
1.392027,2.636573,1.921745,3.042947,3.539313,5.3107,
1.392062,2.628952,1.911391,3.042837,3.539212,5.308047,
1.392282,2.621643,1.901134,3.042765,3.539192,5.304862,
1.392763,2.61466,1.888923,3.042566,3.538951,5.300169,
1.393532,2.607862,1.879295,3.042659,3.53905,5.29759,
1.394395,2.601599,1.869458,3.042684,3.539021,5.29432,
1.395355,2.595725,1.860667,3.04282,3.539235,5.292042,
1.396433,2.589808,1.851583,3.042786,3.539312,5.289328,
1.397457,2.584322,1.843275,3.042626,3.539301,5.286729,
1.398643,2.579046,1.835802,3.042712,3.539383,5.284787,
1.400091,2.574021,1.828728,3.042857,3.539481,5.283206,
1.401698,2.569349,1.822952,3.042922,3.539524,5.282084,
1.403466,2.564808,1.816602,3.042888,3.539515,5.280531,
1.40569,2.560559,1.810939,3.0429,3.539454,5.279638,
1.407616,2.55625,1.804177,3.042814,3.539439,5.277215,
1.409393,2.552147,1.798593,3.042863,3.539472,5.275936,
1.411602,2.548353,1.793033,3.042831,3.53953,5.274665,
1.413368,2.54442,1.786684,3.042768,3.539541,5.272415,
1.415066,2.540683,1.781384,3.042742,3.539521,5.271228,
1.417074,2.537327,1.775777,3.042732,3.539382,5.269625,
1.419049,2.533812,1.769961,3.042706,3.539382,5.267821,
1.421053,2.530814,1.765124,3.042729,3.539387,5.266932,
1.423245,2.52809,1.759399,3.04277,3.539421,5.265283,
1.425471,2.52548,1.752766,3.042792,3.539412,5.26267,
1.427667,2.523124,1.747125,3.042803,3.539417,5.260769,
1.430141,2.520945,1.741893,3.042708,3.539436,5.259598,
1.43249,2.518815,1.734992,3.042763,3.539429,5.256967,
1.434797,2.516817,1.72977,3.042793,3.539469,5.255725,
1.437377,2.515222,1.723634,3.042934,3.53952,5.253738,
1.439566,2.513291,1.716771,3.04296,3.539533,5.250894,
1.441815,2.511701,1.711334,3.042952,3.539476,5.249299,
1.444198,2.510292,1.705127,3.042998,3.539464,5.247011,
1.446745,2.508916,1.69914,3.042772,3.539471,5.245003,
1.449078,2.507665,1.693578,3.042655,3.53939,5.243264,
1.451911,2.50697,1.686136,3.042654,3.539388,5.24008,
1.454342,2.505919,1.680015,3.042749,3.53935,5.238121,
1.45694,2.505294,1.674621,3.042773,3.539323,5.237058,
1.459783,2.504665,1.668625,3.042569,3.539264,5.235343,
1.462463,2.504077,1.661755,3.042619,3.539252,5.233123,
1.46529,2.503633,1.656433,3.04268,3.539285,5.232512,
1.468029,2.503219,1.649439,3.042806,3.539372,5.230221,
1.470909,2.503036,1.643524,3.042925,3.539373,5.229234,
1.473989,2.502984,1.637626,3.042905,3.539431,5.22815,
1.477485,2.503362,1.63114,3.043096,3.539568,5.226936,
1.48098,2.503801,1.625434,3.043181,3.539589,5.22607,
1.484718,2.504541,1.619811,3.043206,3.539664,5.225295,
1.48904,2.505588,1.613982,3.043115,3.539518,5.224615,
1.492929,2.506376,1.606501,3.043194,3.539527,5.222211,
1.496851,2.507136,1.600508,3.04324,3.539512,5.221626,
1.500456,2.508001,1.594543,3.043247,3.539609,5.221163,
1.503844,2.508576,1.58726,3.043314,3.539647,5.219583,
1.506722,2.509183,1.581128,3.043299,3.539659,5.21901,
1.509776,2.509561,1.575011,3.043115,3.539461,5.218558,
1.512205,2.509529,1.566687,3.043127,3.539439,5.216121,
1.514342,2.509271,1.560574,3.043,3.539401,5.215816,
1.51623,2.508665,1.551624,3.043106,3.539398,5.212923,
1.518146,2.508136,1.545394,3.042975,3.539396,5.212722,
1.520052,2.507555,1.538884,3.043008,3.539387,5.212515,
1.521811,2.507047,1.532504,3.042929,3.539366,5.212147,
1.52388,2.5067,1.525173,3.042758,3.539354,5.210982,
1.525647,2.506277,1.519162,3.042565,3.539274,5.211034,
1.527586,2.506002,1.512312,3.042541,3.539336,5.210622,
1.529552,2.505953,1.503966,3.042676,3.539289,5.208647,
1.531773,2.506435,1.497452,3.042752,3.539307,5.208265,
1.534337,2.507165,1.490638,3.042627,3.539294,5.207557,
1.53739,2.508401,1.482384,3.042557,3.539299,5.205334,
1.540413,2.509606,1.474929,3.04254,3.539357,5.20406,
1.543413,2.511308,1.467973,3.042661,3.539316,5.203158,
1.546384,2.513015,1.460349,3.042706,3.539294,5.201347,
1.549261,2.514437,1.454542,3.042688,3.539107,5.2015,
1.551941,2.515802,1.447551,3.042686,3.539136,5.200818,
1.554222,2.516817,1.439826,3.042638,3.539103,5.199417,
1.556317,2.517827,1.432833,3.042838,3.539351,5.198827,
1.558033,2.518418,1.423143,3.04268,3.539258,5.195707,
1.55948,2.518693,1.415775,3.042756,3.539248,5.19491,
1.560731,2.518818,1.409024,3.042919,3.539374,5.194713,
1.56201,2.518787,1.401155,3.042956,3.53948,5.193469,
1.562857,2.518279,1.393554,3.042985,3.539508,5.192523,
1.563805,2.517729,1.38655,3.042901,3.539424,5.192044,
1.564539,2.516981,1.378683,3.042862,3.539392,5.190728,
1.565105,2.516039,1.371423,3.04284,3.539392,5.19001,
1.565717,2.51497,1.364846,3.042872,3.539402,5.189834,
1.565838,2.51367,1.357267,3.042954,3.539323,5.188264,
1.566344,2.512619,1.350926,3.042979,3.539323,5.187915,
1.566857,2.511437,1.345044,3.043092,3.539348,5.187646,
1.567465,2.510219,1.339999,3.043094,3.539342,5.187703,
1.568042,2.508925,1.334075,3.043054,3.53938,5.186661,
1.568395,2.507491,1.329773,3.04294,3.539268,5.186628,
1.568789,2.506053,1.324398,3.042971,3.539373,5.185256,
1.568922,2.504578,1.320816,3.042941,3.539385,5.185397,
1.568895,2.502695,1.317218,3.043064,3.539451,5.185369,
1.568531,2.500779,1.314589,3.043048,3.539651,5.185471,
1.56823,2.49896,1.312443,3.042958,3.539634,5.185502,
1.567657,2.497047,1.310613,3.043119,3.539752,5.18595,
1.567276,2.494835,1.305541,3.042996,3.539589,5.182886,
1.566313,2.492453,1.303872,3.043046,3.539605,5.183019,
1.564793,2.489772,1.303049,3.042996,3.539688,5.183243,
1.563248,2.486694,1.301128,3.042997,3.539576,5.182135,
1.561501,2.483638,1.300793,3.042897,3.539588,5.182131,
1.55934,2.480339,1.300323,3.042998,3.539651,5.181921,
1.557138,2.476921,1.300098,3.042908,3.539529,5.181507,
1.554606,2.473057,1.30063,3.042941,3.539457,5.18119,
1.551917,2.469215,1.301424,3.042836,3.539408,5.180762,
1.549255,2.465268,1.299457,3.042816,3.53933,5.17778,
1.546078,2.460813,1.300937,3.042909,3.539308,5.177452,
1.542831,2.456329,1.302753,3.042828,3.539336,5.177283,
1.539236,2.451544,1.303193,3.042822,3.53933,5.175308,
1.535452,2.446404,1.305623,3.042983,3.53932,5.174841,
1.531608,2.441014,1.307861,3.043028,3.539343,5.174335,
1.527299,2.435145,1.310279,3.043008,3.539366,5.173394,
1.523198,2.42926,1.312911,3.042943,3.539264,5.172759,
1.518752,2.422727,1.315932,3.042845,3.539229,5.172239,
1.514096,2.415902,1.318886,3.042865,3.539251,5.17146,
1.509355,2.408463,1.321897,3.042837,3.539228,5.170668,
1.504413,2.400723,1.324859,3.042895,3.539256,5.169696,
1.499362,2.39261,1.328136,3.042873,3.5393,5.168773,
1.494553,2.3844,1.330186,3.042836,3.539343,5.16669,
1.489578,2.375581,1.334028,3.042732,3.539305,5.166472,
1.484254,2.365724,1.337687,3.042757,3.53937,5.165549,
1.479653,2.356333,1.340914,3.042653,3.53936,5.163671,
1.475043,2.346772,1.344361,3.042692,3.539389,5.162735,
1.47059,2.336983,1.347793,3.042789,3.539391,5.161845,
1.466456,2.326458,1.351158,3.042656,3.539341,5.16087,
1.462558,2.315718,1.354382,3.04267,3.539361,5.159908,
1.458681,2.30505,1.357747,3.042678,3.53935,5.15891,
1.455364,2.293442,1.360677,3.042867,3.539436,5.157935,
1.452291,2.282223,1.363356,3.042925,3.539448,5.156988,
1.449405,2.27082,1.366138,3.042927,3.539549,5.155968,
1.447177,2.259017,1.368079,3.043114,3.539548,5.15491,
1.445442,2.247618,1.370188,3.043109,3.539534,5.153793,
1.4443,2.236083,1.371551,3.043161,3.539593,5.152526,
1.443791,2.223787,1.370852,3.04297,3.539566,5.151333,
1.443464,2.212423,1.37175,3.043049,3.539575,5.150111,
1.443933,2.201569,1.371943,3.043152,3.539567,5.149067,
1.444426,2.190226,1.371207,3.043088,3.53954,5.14783,
1.445705,2.179949,1.371028,3.043085,3.53952,5.146465,
1.447318,2.170289,1.370049,3.043126,3.539517,5.145155,
1.448685,2.161064,1.370009,3.043082,3.539465,5.143728,
1.450307,2.151948,1.369843,3.042989,3.539416,5.142116,
1.451777,2.143262,1.369091,3.042977,3.53932,5.140494,
1.452928,2.135004,1.368596,3.04291,3.539243,5.138877,
1.454107,2.127086,1.367565,3.042854,3.539204,5.137017,
1.455281,2.11963,1.366766,3.04288,3.539335,5.135241,
1.456333,2.113028,1.365294,3.042657,3.539118,5.133186,
1.457686,2.106276,1.36419,3.042546,3.539099,5.131164,
1.458545,2.100248,1.362974,3.042553,3.538999,5.128734,
1.45958,2.094929,1.361602,3.042603,3.539167,5.126322,
1.460688,2.089689,1.349613,3.042724,3.539229,5.112474,
1.461641,2.084165,1.344733,3.042728,3.539428,5.106116,
1.462792,2.07986,1.343232,3.042896,3.539479,5.103204,
1.463901,2.075512,1.341903,3.042973,3.539534,5.100221,
1.464891,2.071795,1.340773,3.0429,3.539437,5.096534,
1.46587,2.067987,1.338664,3.042893,3.539393,5.092094,
1.466749,2.064735,1.337896,3.042873,3.539369,5.088727,
1.467229,2.061083,1.337378,3.042891,3.539306,5.085064,
1.467787,2.058098,1.335969,3.042932,3.539323,5.081167,
1.468418,2.055072,1.334701,3.042952,3.539462,5.077274,
1.468473,2.05219,1.334143,3.042913,3.539449,5.073729,
1.468702,2.049572,1.333576,3.042969,3.53948,5.070757,
1.4688,2.046881,1.332821,3.042929,3.539447,5.067336,
1.468822,2.044366,1.331934,3.042755,3.539322,5.063815,
1.46868,2.041979,1.329589,3.042663,3.539201,5.059042,
1.468197,2.039842,1.32849,3.042744,3.539232,5.05585,
1.46789,2.037554,1.327271,3.042696,3.539305,5.052613,
1.467319,2.035718,1.323447,3.042581,3.539253,5.046669,
1.466675,2.033769,1.321252,3.042606,3.53924,5.04271,
1.465822,2.031759,1.319284,3.042836,3.539314,5.039144,
1.464885,2.030061,1.31689,3.043021,3.539373,5.035264,
1.463872,2.028533,1.314967,3.042959,3.539324,5.031685,
1.463071,2.027139,1.312143,3.043047,3.53936,5.027743,
1.461672,2.025978,1.310126,3.043074,3.539366,5.024415,
1.460603,2.024933,1.307565,3.043017,3.539313,5.020391,
1.459388,2.02411,1.30477,3.043062,3.539227,5.016583,
1.457972,2.023772,1.300635,3.04306,3.539278,5.011409,
1.456676,2.023471,1.29864,3.042956,3.539212,5.008055,
1.455256,2.023239,1.294868,3.042801,3.539224,5.003598,
1.453593,2.023206,1.292689,3.042792,3.539277,5.000369,
1.452099,2.023101,1.290676,3.04284,3.539304,4.997265,
1.450341,2.022944,1.288689,3.042886,3.539287,4.994649,
1.44829,2.023082,1.286936,3.042849,3.539322,4.991894,
1.446359,2.023216,1.286033,3.043007,3.539401,4.990022,
1.44443,2.023282,1.284258,3.043013,3.539468,4.987226,
1.442263,2.023398,1.283383,3.04305,3.539525,4.984985,
1.440299,2.023464,1.282744,3.04297,3.539371,4.982838,
1.437779,2.023445,1.281593,3.042977,3.539375,4.980294,
1.435188,2.02357,1.280855,3.042902,3.539359,4.978169,
1.4329,2.023845,1.280526,3.042928,3.539498,4.976449,
1.430566,2.024035,1.279324,3.042943,3.539557,4.973713,
1.428228,2.024381,1.278888,3.042837,3.539553,4.971496,
1.426029,2.024633,1.278838,3.042794,3.539511,4.969494,
1.4235,2.024605,1.278255,3.042544,3.539655,4.966592,
1.421065,2.024924,1.27836,3.042615,3.539664,4.964449,
1.418646,2.024863,1.279497,3.042475,3.539382,4.962758,
1.415819,2.02486,1.27838,3.042514,3.539375,4.959047,
1.41263,2.024931,1.279142,3.042502,3.539358,4.957299,
1.409721,2.0247,1.279565,3.042425,3.53934,4.954988,
1.40696,2.024331,1.278782,3.042531,3.539212,4.951402,
1.404615,2.02392,1.28003,3.042619,3.539217,4.949263,
1.402629,2.023398,1.281247,3.042747,3.53917,4.946965,
1.400581,2.022675,1.281112,3.042873,3.539431,4.9433,
1.398478,2.021974,1.28206,3.042685,3.539402,4.940676,
1.396548,2.021324,1.283056,3.042568,3.539329,4.938228,
1.394523,2.020732,1.282345,3.042597,3.539321,4.934525,
1.392628,2.020229,1.282743,3.042649,3.53935,4.931901,
1.390732,2.019551,1.283669,3.042635,3.539179,4.929511,
1.388869,2.018738,1.284064,3.042719,3.539167,4.926994,
1.387173,2.01786,1.284671,3.042811,3.539219,4.924329,
1.385573,2.016812,1.28643,3.042931,3.539238,4.922679,
1.384045,2.015607,1.286185,3.042975,3.539239,4.918736,
1.38264,2.014329,1.287281,3.042973,3.539208,4.91593,
1.381419,2.012853,1.288931,3.042945,3.539292,4.913387,
1.380123,2.011117,1.288598,3.042952,3.5393,4.908553,
1.378838,2.009189,1.291307,3.042923,3.539275,4.906449,
1.377794,2.00703,1.293314,3.042952,3.539323,4.90364,
1.376539,2.004885,1.295549,3.042905,3.539314,4.900829,
1.375298,2.002448,1.29793,3.042856,3.539304,4.898098,
1.373923,2.000081,1.301544,3.042983,3.539431,4.896777,
1.372526,1.997725,1.306663,3.04295,3.53944,4.896822,
1.371173,1.995175,1.305851,3.042948,3.539434,4.891687,
1.369892,1.992885,1.308464,3.042948,3.539334,4.889123,
1.368427,1.99017,1.312502,3.043082,3.539382,4.887771,
1.366967,1.987293,1.314898,3.043051,3.539352,4.884802,
1.365513,1.984282,1.31842,3.042877,3.539179,4.882379,
1.364035,1.980998,1.322404,3.04296,3.539166,4.880588,
1.362661,1.97771,1.327307,3.043006,3.5392,4.879353,
1.361078,1.973961,1.331894,3.042847,3.539058,4.877233,
1.359604,1.970369,1.335227,3.042589,3.538986,4.874211,
1.358033,1.966527,1.340051,3.042477,3.539032,4.872194,
1.356421,1.962338,1.344976,3.042647,3.539153,4.870274,
1.354867,1.957838,1.349486,3.042743,3.539178,4.867423,
1.353426,1.953245,1.354842,3.042861,3.539186,4.865204,
1.351889,1.948423,1.360669,3.042854,3.539201,4.862968,
1.350366,1.94339,1.366646,3.042871,3.539212,4.861039,
1.348864,1.938245,1.372957,3.042954,3.539267,4.859076,
1.347391,1.932593,1.379379,3.04309,3.539364,4.857042,
1.345946,1.927223,1.384882,3.042974,3.539349,4.854243,
1.344359,1.921344,1.390879,3.042924,3.539312,4.851874,
1.342921,1.915048,1.397236,3.042759,3.539247,4.849555,
1.341602,1.908624,1.40402,3.042746,3.539289,4.847716,
1.340496,1.901936,1.410958,3.042682,3.539191,4.845889,
1.339183,1.89478,1.418541,3.042773,3.539328,4.84453,
1.337968,1.887263,1.42604,3.042946,3.539336,4.842715,
1.336946,1.879719,1.434494,3.042989,3.539405,4.841559,
1.336102,1.871886,1.443593,3.042982,3.539376,4.840487,
1.335458,1.863742,1.453185,3.04307,3.539411,4.839632,
1.334756,1.855158,1.46264,3.04271,3.539142,4.838252,
1.33456,1.846645,1.472508,3.042708,3.539135,4.83721,
1.334414,1.837601,1.482502,3.042984,3.539125,4.835887,
1.334429,1.828495,1.492651,3.043005,3.5394,4.834618,
1.334603,1.818999,1.503074,3.042841,3.539307,4.8331,
1.335057,1.809112,1.513432,3.043036,3.539338,4.831639,
1.336035,1.799519,1.524001,3.043171,3.539498,4.83025,
1.337001,1.78962,1.534866,3.043097,3.539421,4.828553,
1.338394,1.779651,1.545717,3.043115,3.539422,4.826688,
1.340347,1.769272,1.557293,3.043098,3.539415,4.825049,
1.342422,1.758969,1.568701,3.043212,3.539465,4.823169,
1.345153,1.74865,1.580026,3.043044,3.539457,4.820975,
1.348558,1.738329,1.591357,3.042894,3.539307,4.818824,
1.352942,1.728166,1.603391,3.043019,3.539276,4.816898,
1.358141,1.717916,1.615512,3.042954,3.539237,4.814536,
1.363772,1.707155,1.627786,3.042944,3.539207,4.812045,
1.369187,1.696224,1.639881,3.042887,3.539148,4.809499,
1.375049,1.685809,1.651305,3.042709,3.539139,4.806584,
1.381575,1.676072,1.662435,3.042699,3.539192,4.80375,
1.388046,1.666617,1.67313,3.042821,3.539313,4.800932,
1.394515,1.657257,1.683929,3.042821,3.539342,4.798428,
1.400631,1.648293,1.693713,3.042828,3.539384,4.795306,
1.406739,1.639422,1.703143,3.042735,3.53947,4.791928,
1.412452,1.63046,1.713874,3.042767,3.539479,4.790428,
1.417888,1.621777,1.722563,3.042717,3.539481,4.787381,
1.423199,1.613298,1.731164,3.04258,3.539431,4.784165,
1.428143,1.604736,1.740273,3.042733,3.539756,4.781556,
1.432891,1.59622,1.749153,3.042713,3.53967,4.778414,
1.437604,1.588272,1.757449,3.042845,3.539581,4.775379,
1.442695,1.580088,1.765868,3.042849,3.539763,4.772413,
1.447152,1.572437,1.774024,3.042789,3.539649,4.769422,
1.45132,1.564978,1.781919,3.042808,3.539453,4.766619,
1.455229,1.557433,1.789126,3.042889,3.539601,4.763716,
1.458775,1.550324,1.796419,3.042882,3.539573,4.761076,
1.462255,1.543663,1.803389,3.042767,3.539596,4.758531,
1.465772,1.536913,1.810527,3.042788,3.539623,4.756216,
1.469477,1.53023,1.817962,3.042604,3.539591,4.753614,
1.473122,1.523696,1.825607,3.042482,3.539439,4.751118,
1.477081,1.516793,1.833347,3.042379,3.539431,4.748557,
1.480766,1.509915,1.841276,3.042337,3.539425,4.746312,
1.484851,1.502736,1.849589,3.042416,3.539523,4.744078,
1.489067,1.495557,1.857622,3.042269,3.539395,4.74133,
1.493361,1.488118,1.866089,3.042503,3.539521,4.739096,
1.497502,1.480374,1.874817,3.042465,3.539412,4.736444,
1.501325,1.472727,1.883208,3.042434,3.539302,4.733617,
1.505066,1.464985,1.891336,3.042389,3.539281,4.73066,
1.5087,1.45687,1.899903,3.042362,3.539327,4.727764,
1.512297,1.448703,1.908215,3.042272,3.539368,4.724632,
1.515518,1.440366,1.916378,3.042248,3.539312,4.721462,
1.518773,1.43142,1.924822,3.042253,3.539355,4.7181,
1.52168,1.42275,1.932767,3.042198,3.539314,4.714632,
1.524532,1.413799,1.940428,3.042143,3.539251,4.711,
1.52745,1.404612,1.948035,3.042138,3.539351,4.707244,
1.530112,1.395229,1.954951,3.04208,3.539391,4.703354,
1.533033,1.385603,1.962515,3.042082,3.53934,4.699525,
1.535741,1.375713,1.969431,3.042173,3.539371,4.69519,
1.538411,1.365597,1.976078,3.042083,3.539365,4.690792,
1.541172,1.354984,1.982975,3.042091,3.539356,4.686388,
1.543589,1.344446,1.989799,3.042111,3.5393,4.682098,
1.545839,1.333022,1.99665,3.042023,3.539308,4.677501,
1.548004,1.321772,2.003461,3.042263,3.539362,4.673064,
1.550204,1.310176,2.010737,3.042321,3.539459,4.668604,
1.552396,1.298263,2.017859,3.042153,3.539432,4.663711,
1.55483,1.286094,2.025425,3.042115,3.53933,4.658798,
1.557026,1.273824,2.032811,3.042008,3.539248,4.653694,
1.559287,1.261215,2.040461,3.041931,3.539299,4.648784,
1.561754,1.248597,2.048221,3.042122,3.53928,4.643708,
1.564107,1.235815,2.056262,3.042151,3.539188,4.638484,
1.566592,1.223026,2.064467,3.042047,3.539212,4.63324,
1.568703,1.21007,2.073148,3.042088,3.539135,4.627814,
1.570878,1.19708,2.081779,3.041806,3.539288,4.622383,
1.572876,1.184225,2.090141,3.041463,3.539278,4.616567,
1.574999,1.17134,2.098253,3.041525,3.53931,4.610894,
1.57708,1.15839,2.106421,3.041818,3.539217,4.604994,
1.579099,1.145864,2.114336,3.042465,3.539331,4.59905,
1.580901,1.13329,2.122239,3.042424,3.539304,4.59278,
1.582821,1.120756,2.129951,3.042364,3.539642,4.586241,
1.585386,1.108299,2.138383,3.042602,3.539644,4.579948,
1.587417,1.095273,2.146913,3.04287,3.539836,4.573593,
1.589396,1.082259,2.154846,3.042943,3.539586,4.566861,
1.59097,1.069815,2.162268,3.043122,3.539587,4.560205,
1.592044,1.058043,2.168593,3.043028,3.539271,4.553241,
1.592665,1.047007,2.174644,3.043193,3.539333,4.54671,
1.593274,1.036236,2.180064,3.04289,3.5393,4.539739,
1.592997,1.026245,2.184723,3.042875,3.53929,4.53299,
1.592964,1.016398,2.189354,3.043049,3.539412,4.526345,
1.592662,1.006956,2.193967,3.042916,3.539374,4.519565,
1.592224,0.9978938,2.198258,3.043089,3.539424,4.512878,
1.592115,0.9888237,2.202706,3.04318,3.539464,4.506131,
1.591723,0.9798922,2.20707,3.043149,3.539473,4.499487,
1.591329,0.9711338,2.211584,3.043146,3.539454,4.493135,
1.590581,0.962521,2.21617,3.043227,3.539384,4.487032,
1.590102,0.954817,2.220154,3.043315,3.539443,4.481268,
1.589203,0.94743,2.223699,3.043158,3.539349,4.475657,
1.588486,0.9402254,2.227464,3.043229,3.539458,4.470789,
1.587548,0.9336004,2.230631,3.043309,3.539503,4.465667,
1.586713,0.9271221,2.233827,3.043289,3.53946,4.461232,
1.585206,0.921267,2.236743,3.043198,3.539393,4.457083,
1.583705,0.9156041,2.239704,3.043196,3.539406,4.453201,
1.582077,0.9102237,2.242626,3.043226,3.539408,4.449208,
1.580417,0.9052472,2.24554,3.043218,3.539489,4.445679,
1.579233,0.9001021,2.248584,3.043078,3.5394,4.441699,
1.578287,0.8952527,2.251716,3.043083,3.539386,4.438209,
1.576792,0.8910875,2.25428,3.042952,3.539336,4.434364,
1.575397,0.8872119,2.25672,3.042878,3.539281,4.430667,
1.574216,0.883545,2.259223,3.042819,3.539367,4.426905,
1.573043,0.880354,2.261696,3.042722,3.539292,4.42323,
1.572218,0.8770463,2.264148,3.042466,3.539043,4.419257,
1.571789,0.8738885,2.266548,3.042369,3.53897,4.415509,
1.571286,0.8711689,2.268739,3.042488,3.538931,4.41191,
1.570756,0.8690184,2.270469,3.042648,3.53913,4.408285,
1.57053,0.8665842,2.272074,3.042853,3.539158,4.404628,
1.570369,0.8646628,2.27359,3.042882,3.539421,4.400996,
1.57033,0.8628078,2.275083,3.04296,3.539562,4.397052,
1.570812,0.8607321,2.276655,3.043123,3.539625,4.393224,
1.571595,0.8588011,2.277924,3.043127,3.539622,4.388996,
1.572284,0.8567807,2.279289,3.043117,3.539635,4.384699,
1.573063,0.8547745,2.279999,3.04303,3.539465,4.380422,
1.573986,0.853083,2.280967,3.043122,3.539482,4.376408,
1.574742,0.8515809,2.281564,3.043176,3.539479,4.372248,
1.575745,0.8500376,2.281971,3.042991,3.539299,4.367776,
1.576482,0.8488866,2.28234,3.043014,3.539323,4.363561,
1.577298,0.8477978,2.282536,3.042904,3.539287,4.35928,
1.578095,0.8468156,2.282436,3.043013,3.539371,4.355055,
1.578775,0.8460634,2.282132,3.04301,3.539342,4.35082,
1.579589,0.8453935,2.281775,3.043037,3.539324,4.34632,
1.580561,0.8446649,2.281378,3.043,3.539252,4.341888,
1.581513,0.844215,2.281002,3.043147,3.539305,4.337694,
1.582557,0.8437682,2.280451,3.043091,3.539288,4.333352,
1.584062,0.8430881,2.280087,3.042849,3.53921,4.328831,
1.585317,0.8425134,2.279893,3.042979,3.539203,4.32466,
1.586945,0.841962,2.27952,3.042982,3.539188,4.320389,
1.588652,0.8414744,2.278998,3.043145,3.539382,4.316307,
1.590141,0.8412126,2.278386,3.04313,3.539393,4.312128,
1.59163,0.8412262,2.277685,3.043235,3.539494,4.307864,
1.593323,0.8411629,2.277065,3.043177,3.539447,4.303484,
1.59475,0.8414468,2.275972,3.042963,3.539463,4.29888,
1.596354,0.841718,2.275248,3.042932,3.539447,4.294394,
1.598095,0.8421278,2.274498,3.042914,3.539383,4.289845,
1.599571,0.8429348,2.273578,3.042872,3.539349,4.285307,
1.601101,0.8438798,2.272702,3.042882,3.539349,4.280672,
1.602883,0.8447383,2.272081,3.042819,3.539382,4.275828,
1.604659,0.845715,2.271411,3.042836,3.539386,4.271274,
1.606429,0.8471036,2.270797,3.042884,3.539453,4.266688,
1.608553,0.8484316,2.270035,3.043024,3.539563,4.262273,
1.610755,0.8498015,2.269814,3.043183,3.539584,4.257456,
1.612885,0.8514127,2.269619,3.043207,3.539562,4.252552,
1.615268,0.8530733,2.269824,3.043405,3.539635,4.247782,
1.617332,0.8552772,2.269585,3.043217,3.539597,4.242454,
1.61952,0.8575278,2.269183,3.043303,3.539619,4.237313,
1.621088,0.8604635,2.268682,3.043367,3.539686,4.232106,
1.623018,0.8633738,2.26855,3.043437,3.539735,4.226575,
1.624684,0.866677,2.268092,3.04337,3.539647,4.220939,
1.626152,0.8704584,2.267598,3.043285,3.539578,4.215075,
1.627538,0.8748147,2.266801,3.043189,3.539571,4.209258,
1.628865,0.8792634,2.265978,3.043275,3.539518,4.203224,
1.629856,0.884416,2.264307,3.043088,3.539347,4.197049,
1.630944,0.8897572,2.262725,3.043061,3.539305,4.190806,
1.632166,0.8953308,2.261119,3.043042,3.539272,4.184711,
1.633099,0.9013042,2.25917,3.043246,3.539499,4.179106,
1.634324,0.9075316,2.257638,3.043203,3.539451,4.173495,
1.635648,0.9138008,2.25619,3.043148,3.539481,4.168347,
1.636725,0.9204898,2.254481,3.043123,3.5394,4.163493,
1.637813,0.9275479,2.252715,3.043184,3.539396,4.158552,
1.638705,0.9346223,2.251098,3.043195,3.53941,4.153999,
1.639406,0.9420334,2.249466,3.043182,3.539451,4.149875,
1.639988,0.9495996,2.247634,3.043066,3.539424,4.145393,
1.640626,0.9572334,2.245837,3.043067,3.539412,4.14111,
1.640904,0.9652758,2.24388,3.043191,3.539446,4.137116,
1.641358,0.9733081,2.242015,3.043139,3.539442,4.133165,
1.641857,0.9813778,2.239921,3.04318,3.539511,4.129308,
1.642081,0.9895378,2.237444,3.043261,3.539728,4.125711,
1.642212,0.997618,2.235149,3.043242,3.539767,4.121929,
1.642011,1.005609,2.232337,3.043204,3.539753,4.118284,
1.641914,1.013542,2.229718,3.043124,3.539619,4.114511,
1.641389,1.021183,2.226795,3.043153,3.539627,4.110972,
1.640751,1.028614,2.224003,3.043112,3.539579,4.107448,
1.639928,1.03621,2.220948,3.043268,3.53968,4.104217,
1.638782,1.043408,2.217685,3.043268,3.539707,4.100734,
1.637585,1.050663,2.214467,3.043202,3.539709,4.097348,
1.636333,1.057684,2.211088,3.042998,3.539493,4.09368,
1.634562,1.064633,2.207143,3.042877,3.5395,4.090043,
1.6327,1.071564,2.203089,3.042827,3.539421,4.086435,
1.630446,1.078564,2.198916,3.04281,3.539312,4.082629,
1.628639,1.085288,2.194753,3.042948,3.539368,4.0791,
1.626919,1.092183,2.19047,3.04301,3.539333,4.075351,
1.625302,1.099125,2.185979,3.043114,3.539364,4.071635,
1.623931,1.10603,2.181772,3.043031,3.539353,4.067557,
1.622601,1.112311,2.177563,3.04301,3.53925,4.063582,
1.621414,1.118348,2.173507,3.042814,3.539213,4.059335,
1.620093,1.124453,2.169524,3.042747,3.53917,4.055415,
1.618566,1.130433,2.165237,3.042695,3.539187,4.051264,
1.616859,1.13622,2.161144,3.042768,3.53926,4.047338,
1.61483,1.141952,2.15702,3.042749,3.539237,4.043491,
1.61273,1.147656,2.152913,3.042863,3.539361,4.039652,
1.610453,1.153105,2.149117,3.04277,3.539345,4.035534,
1.607877,1.1586,2.14509,3.04283,3.539411,4.032042,
1.605135,1.164213,2.14066,3.042799,3.539404,4.028358,
1.602442,1.169727,2.136446,3.042923,3.539392,4.02479,
1.599773,1.174899,2.132366,3.042954,3.539387,4.021258,
1.597551,1.179968,2.128569,3.042964,3.539418,4.017675,
1.595191,1.184582,2.124926,3.04303,3.539513,4.014297,
1.593344,1.188842,2.121825,3.04297,3.539507,4.010662,
1.591503,1.19266,2.119024,3.043061,3.539492,4.007262,
1.589759,1.196318,2.11639,3.043018,3.539349,4.003609,
1.587876,1.200031,2.113409,3.043016,3.539388,3.999923,
1.585759,1.203157,2.110393,3.042958,3.539323,3.996217,
1.58391,1.205895,2.107768,3.042969,3.539316,3.992549,
1.581851,1.208578,2.105006,3.042826,3.539297,3.98876,
1.579659,1.21085,2.101939,3.042845,3.539265,3.984609,
1.577539,1.213112,2.098994,3.042826,3.539456,3.980307,
1.575385,1.214948,2.096059,3.042788,3.539423,3.975871,
1.573136,1.216624,2.093135,3.042907,3.539487,3.971577,
1.571231,1.218064,2.090446,3.042926,3.539509,3.966994,
1.569634,1.21893,2.088239,3.042954,3.539616,3.962378,
1.568137,1.219391,2.086164,3.042871,3.539596,3.957387,
1.566855,1.219524,2.084511,3.042796,3.539369,3.952146,
1.565665,1.219278,2.082965,3.042908,3.539482,3.947161,
1.564463,1.218693,2.081434,3.04304,3.5395,3.941906,
1.563529,1.217922,2.079797,3.042904,3.539355,3.931028,
1.561897,1.215419,2.078121,3.043102,3.539402,3.925713,
1.561264,1.21352,2.077614,3.043182,3.539502,3.920177,
1.560519,1.211776,2.077022,3.043095,3.539513,3.914517,
1.559801,1.209509,2.076792,3.042984,3.539422,3.908665,
1.558923,1.207172,2.07656,3.042933,3.539343,3.902648,
1.558043,1.204481,2.076569,3.042781,3.539341,3.896785,
1.557206,1.201759,2.076776,3.042779,3.539316,3.890866,
1.556364,1.199005,2.076958,3.042767,3.539392,3.884849,
1.5557,1.195729,2.07773,3.042952,3.539464,3.879056,
1.554921,1.192589,2.078406,3.042962,3.539446,3.872749,
1.554156,1.189223,2.079449,3.043082,3.539499,3.866563,
1.553449,1.185702,2.080432,3.042885,3.539463,3.859973,
1.552902,1.181906,2.081651,3.042813,3.539461,3.853418,
1.551972,1.178108,2.082798,3.042858,3.539457,3.846824,
1.551334,1.174024,2.084017,3.042868,3.539481,3.840221,
1.550771,1.169632,2.085335,3.04286,3.539489,3.833541,
1.550501,1.16517,2.086965,3.04274,3.539335,3.826703,
1.550036,1.160437,2.088693,3.04285,3.539403,3.820201,
1.549327,1.155802,2.090203,3.04281,3.53936,3.813599,
1.549122,1.150963,2.091849,3.042809,3.539381,3.806899,
1.548797,1.146196,2.093382,3.042901,3.539398,3.800198,
1.548489,1.141243,2.095132,3.042769,3.539359,3.793266,
1.54805,1.136175,2.096869,3.04278,3.539364,3.78671,
1.547716,1.13127,2.098605,3.042768,3.539309,3.779918,
1.54764,1.126213,2.100465,3.042946,3.539359,3.773288,
1.547172,1.121295,2.10235,3.042954,3.539257,3.766911,
1.54668,1.116453,2.104328,3.04291,3.539227,3.760381,
,,,,

1.546088,1.111636,2.106514,3.042975,3.539274,3.75389,
1.545347,1.101802,2.111848,3.04305,3.539408,3.742025,
1.544334,1.092058,2.117828,3.043104,3.539517,3.731359,
1.543658,1.087265,2.122677,3.042766,3.539329,3.71179,
1.540274,1.063102,2.135295,3.042845,3.539229,3.704259,
1.537973,1.053556,2.140982,3.04297,3.539272,3.698509,
1.535252,1.04491,2.145681,3.043083,3.539308,3.693421,
1.532206,1.036426,2.15048,3.043076,3.539478,3.685288,
1.529545,1.028243,2.155424,3.042822,3.539442,3.679227,
1.52783,1.020117,2.161533,3.04291,3.539392,3.670299,
1.527295,1.007438,2.170903,3.043067,3.539485,3.663794,
1.527266,0.9955828,2.181122,3.043174,3.539603,3.653651,
1.526065,0.9859304,2.188857,3.042808,3.539578,3.646123,
1.523977,0.9803969,2.193453,3.042911,3.53969,3.638361,
1.520217,0.9739222,2.198472,3.042974,3.539654,3.625904,
1.517314,0.9700516,2.201435,3.042957,3.539709,3.612017,
1.515951,0.963313,2.208061,3.042705,3.539322,3.60181,
1.515476,0.9595507,2.211776,3.04319,3.53944,3.592083,
1.514998,0.9566591,2.214726,3.042851,3.53947,3.581522,
1.513943,0.9550114,2.21669,3.042865,3.539324,3.571297,
1.513921,0.9555408,2.216722,3.043082,3.539549,3.56593,
1.513653,0.9539893,2.219259,3.043146,3.53961,3.55518,
1.514509,0.9521397,2.222588,3.043095,3.539497,3.539365,
1.518665,0.9475886,2.228704,3.043382,3.539688,3.528746,
1.521443,0.9461798,2.231865,3.043197,3.539705,3.517954,
1.523455,0.9462764,2.23544,3.043008,3.539723,3.502487,
1.527604,0.9460773,2.238336,3.042974,3.539405,3.492099,
1.527852,0.9461754,2.239817,3.04308,3.539455,3.486697,
1.530264,0.9463969,2.241318,3.042838,3.539187,3.481321,
1.531083,0.9467369,2.244733,3.04281,3.539232,3.470773,
1.534057,0.9486365,2.248978,3.042878,3.539303,3.455675,
1.535906,0.9504977,2.251377,3.043007,3.539469,3.446188,
1.538412,0.95241,2.255777,3.042883,3.539385,3.432276,
1.543825,0.9562774,2.257973,3.042953,3.539446,3.423807,
1.546732,0.9588617,2.261111,3.043068,3.53929,3.416008,
1.548353,0.9601777,2.264693,3.043046,3.539377,3.408545,
1.551669,0.9628306,2.267633,3.042989,3.539485,3.400558,
1.556122,0.9676287,2.268688,3.043071,3.539514,3.392836,
1.558821,0.971741,2.269104,3.042905,3.539434,3.384987,
1.561782,0.9761989,2.269025,3.043012,3.539546,3.377157,
1.565403,0.9808879,2.270012,3.042836,3.539447,3.365942,
1.570853,0.989611,2.267971,3.042449,3.539066,3.358923,
1.574493,0.9966488,2.266431,3.042785,3.53923,3.35271,
1.578103,1.003922,2.264266,3.042834,3.539177,3.347192,
1.579776,1.007884,2.263417,3.043034,3.539287,3.341683,
1.581781,1.017228,2.259595,3.043064,3.539318,3.338687,
1.584116,1.026883,2.255851,3.043111,3.539459,3.326226,
1.587789,1.041713,2.249232,3.04306,3.53957,3.319088,
1.589735,1.053299,2.244182,3.04311,3.539545,3.31144,
1.59231,1.072378,2.235308,3.04285,3.539446,3.30331,
1.593423,1.086067,2.227765,3.042658,3.539405,3.290718,
1.593319,1.107444,2.216898,3.042883,3.539323,3.282471,
1.592338,1.121196,2.208867,3.043093,3.539324,3.274192,
1.591478,1.127897,2.204426,3.043036,3.539414,3.265838,
1.589279,1.140329,2.195669,3.043077,3.539613,3.257679,
1.587274,1.150881,2.188061,3.043133,3.539656,3.249311,
1.583192,1.162964,2.17864,3.043283,3.539775,3.240451,
1.580224,1.168474,2.173567,3.043352,3.53974,3.231081,
1.577124,1.171034,2.16887,3.043242,3.539737,3.216044,
1.572182,1.171791,2.163938,3.043259,3.539589,3.205968,
1.571663,1.16982,2.163338,3.043223,3.539509,3.199889,
1.567311,1.168572,2.158693,3.043246,3.539609,3.1888,
1.563409,1.165053,2.1565,3.043257,3.53964,3.182981,
1.559395,1.160639,2.15341,3.043311,3.539568,3.170795,
1.555113,1.157136,2.149058,3.043158,3.539592,3.152493,
1.550603,1.151315,2.14666,3.043071,3.539432,3.139389,
1.545852,1.144116,2.145066,3.043184,3.539448,3.126072,
1.535718,1.128218,2.142626,3.042873,3.539373,3.105301,
1.530685,1.12121,2.138117,3.04306,3.539538,3.084381,
1.523684,1.111015,2.136141,3.043064,3.539671,3.070053,
1.519086,1.104535,2.133158,3.043236,3.53967,3.05599,
1.514755,1.0982,2.127297,3.043051,3.539461,3.033779,
1.508648,1.088713,2.125382,3.043312,3.539602,3.018592,
1.504363,1.083469,2.121959,3.043429,3.53959,3.003891,
1.502031,1.081145,2.120075,3.043506,3.539569,2.996796,
1.495009,1.074651,2.11322,3.043243,3.539512,2.976008,
1.490227,1.070659,2.108584,3.043385,3.539541,2.962197,
1.485269,1.067073,2.104103,3.043254,3.539459,2.9487,
1.479681,1.06421,2.099223,3.043167,3.539471,2.935904,
1.47902,1.064572,2.098819,3.043144,3.539473,2.936286,
1.47279,1.062657,2.094299,3.042936,3.539544,2.924343,
1.469982,1.061428,2.090204,3.042808,3.539269,2.913827,
1.464237,1.060303,2.087094,3.042892,3.539303,2.904438,
1.459812,1.059166,2.083463,3.04264,3.539203,2.892955,
1.45448,1.057759,2.084947,3.042625,3.539343,2.889803,
1.448319,1.057495,2.081968,3.042809,3.539378,2.876547,
1.445643,1.058163,2.079614,3.043208,3.539446,2.870402,
1.443575,1.058647,2.077169,3.043011,3.539449,2.862657,
1.442786,1.059106,2.075426,3.043023,3.539502,2.854697,
1.443544,1.059261,2.074612,3.043192,3.53955,2.850596,
1.443391,1.059423,2.0735,3.043259,3.539701,2.846601,
1.443621,1.059583,2.07229,3.043337,3.539724,2.842631,
1.445492,1.059041,2.071053,3.043397,3.539711,2.834195,
1.446086,1.059116,2.069885,3.043272,3.539646,2.829736,
1.448726,1.059361,2.067048,3.043248,3.53955,2.816395,
1.450929,1.059408,2.063908,3.043206,3.539423,2.807155,
1.452899,1.059668,2.060234,3.043179,3.539262,2.797607,
1.453496,1.059648,2.06005,3.043179,3.539275,2.797419,
1.454553,1.059847,2.058109,3.043151,3.539324,2.792356,
1.455348,1.060462,2.055811,3.043066,3.539301,2.787204,
1.456607,1.0607,2.053951,3.043003,3.539266,2.782118,
1.457837,1.060883,2.05198,3.043051,3.539363,2.776892,
1.45887,1.06138,2.049723,3.042979,3.539386,2.771725,
1.460386,1.061406,2.047871,3.043076,3.539429,2.766609,
1.461635,1.061756,2.045737,3.043184,3.539542,2.761248,
1.462532,1.062242,2.043499,3.043124,3.539585,2.755965,
1.463219,1.062765,2.041063,3.043192,3.539628,2.750518,
1.464003,1.062999,2.038829,3.043054,3.539512,2.744691,
1.464605,1.063504,2.03644,3.043046,3.539458,2.739092,
1.465152,1.063858,2.034395,3.042893,3.539381,2.733245,
1.465906,1.063716,2.032721,3.042904,3.539466,2.727173,
1.466436,1.063787,2.03095,3.042862,3.539491,2.721362,
1.466727,1.063946,2.029413,3.042771,3.539448,2.715481,
1.467133,1.063954,2.028004,3.042893,3.539427,2.709573,
1.467543,1.063951,2.027042,3.042686,3.539431,2.703299,
1.468094,1.063478,2.026593,3.042632,3.539408,2.697201,
1.46892,1.062594,2.026744,3.042816,3.539575,2.69112,
1.469518,1.061723,2.026637,3.04303,3.539625,2.685197,
1.469677,1.060904,2.026981,3.04313,3.539678,2.678995,
1.4699,1.060003,2.0273,3.043079,3.539504,2.672458,
1.469884,1.059085,2.027318,3.043192,3.539503,2.666134,
1.469326,1.058325,2.027319,3.043315,3.539584,2.659545,
1.468771,1.057499,2.027302,3.043361,3.539644,2.652764,
1.468245,1.056399,2.027687,3.043351,3.539688,2.645679,
1.46712,1.05549,2.027631,3.043372,3.539681,2.638808,
1.466558,1.054386,2.028081,3.043263,3.539655,2.631372,
1.465673,1.053242,2.028207,3.043247,3.539654,2.624384,
1.464562,1.052258,2.028298,3.04314,3.539502,2.617179,
1.463605,1.051359,2.028424,3.043182,3.539651,2.609941,
1.462683,1.050176,2.028983,3.043114,3.539527,2.602635,
1.461714,1.049018,2.029626,3.043114,3.539537,2.595464,
1.46102,1.047728,2.030487,3.043083,3.539517,2.58805,
1.460575,1.046248,2.031513,3.043087,3.539516,2.580925,
1.45961,1.045259,2.03232,3.043158,3.539549,2.573877,
1.458849,1.044211,2.033336,3.042861,3.539551,2.566331,
1.458136,1.043355,2.034228,3.042809,3.539536,2.55921,
1.457279,1.042679,2.035137,3.042649,3.53933,2.551906,
1.456144,1.042286,2.035628,3.042778,3.539355,2.544713,
1.455533,1.041717,2.036492,3.042848,3.539325,2.537383,
1.454541,1.041315,2.037441,3.042776,3.539394,2.530373,
1.453332,1.041227,2.037881,3.042752,3.539388,2.523045,
1.452299,1.041385,2.038585,3.042829,3.53939,2.516095,
1.450897,1.042062,2.039081,3.042976,3.539566,2.509349,
1.449669,1.042487,2.039422,3.043139,3.539575,2.502582,
1.448666,1.042777,2.039782,3.043177,3.539603,2.496175,
1.44777,1.043082,2.040369,3.043101,3.539575,2.489828,
1.446977,1.043539,2.040651,3.043114,3.539526,2.483916,
1.446172,1.044159,2.040854,3.043143,3.539546,2.478262,
1.445664,1.04472,2.041327,3.043174,3.539542,2.472689,
1.444765,1.045692,2.041627,3.04306,3.539463,2.466968,
1.444051,1.046398,2.041553,3.043101,3.539462,2.461564,
1.443622,1.046804,2.041718,3.043078,3.539676,2.456497,
1.443216,1.047313,2.041625,3.04301,3.539588,2.451352,
1.442778,1.04791,2.041102,3.043007,3.539603,2.44685,
1.442731,1.048205,2.041159,3.043093,3.539519,2.44234,
1.442158,1.048985,2.040267,3.042959,3.539499,2.43759,
1.441841,1.049534,2.039527,3.042904,3.539455,2.433145,
1.442167,1.049553,2.039256,3.042989,3.539624,2.429161,
1.441929,1.050105,2.038148,3.04285,3.539612,2.424914,
1.44195,1.050499,2.037253,3.042825,3.539597,2.42077,
1.442563,1.050475,2.036922,3.042751,3.539507,2.416689,
1.442648,1.050816,2.036114,3.042805,3.539498,2.412508,
1.44274,1.05131,2.034941,3.042866,3.539611,2.408573,
1.443327,1.051504,2.034441,3.042788,3.539563,2.404468,
1.443544,1.051823,2.033342,3.042952,3.539586,2.400365,
1.443696,1.052274,2.031795,3.042923,3.539556,2.39622,
1.444191,1.052683,2.030838,3.042971,3.539454,2.392189,
1.44489,1.052715,2.029561,3.043345,3.539473,2.387987,
1.445424,1.053159,2.028269,3.043349,3.539441,2.383745,
1.446006,1.05393,2.026962,3.04329,3.539372,2.379476,
1.446534,1.054695,2.025431,3.043388,3.539465,2.375077,
1.44696,1.055839,2.023815,3.04336,3.539483,2.37092,
1.447577,1.056911,2.022441,3.043432,3.539468,2.366834,
1.448232,1.058314,2.020995,3.043333,3.539451,2.362416,
1.449168,1.059557,2.019936,3.043214,3.539428,2.358292,
1.449962,1.061088,2.018926,3.043219,3.539536,2.35433,
1.450874,1.06268,2.017914,3.043235,3.539506,2.350003,
1.451754,1.064511,2.017024,3.043311,3.53954,2.346039,
1.452576,1.066571,2.015822,3.04323,3.539526,2.341904,
1.453288,1.068884,2.014476,3.043096,3.539514,2.337487,
1.453895,1.071469,2.012931,3.043118,3.539605,2.333331,
1.455412,1.073596,2.012141,3.043091,3.539561,2.329218,
1.456286,1.076196,2.010741,3.043034,3.539565,2.324748,
1.457521,1.079144,2.009492,3.043005,3.539594,2.320635,
1.458471,1.082251,2.007886,3.043035,3.539585,2.316694,
1.4591,1.085862,2.005871,3.042881,3.53958,2.312203,
1.460057,1.089262,2.003948,3.04277,3.539477,2.307844,
1.46119,1.09294,2.00217,3.042731,3.539532,2.303632,
1.462387,1.096724,2.000095,3.042827,3.539526,2.299211,
1.463631,1.10067,1.998151,3.042837,3.539509,2.294703,
1.464956,1.104825,1.996323,3.042823,3.539486,2.290304,
1.466115,1.109366,1.994191,3.043041,3.539468,2.285824,
1.467283,1.113943,1.991971,3.043043,3.539458,2.281242,
1.46851,1.118549,1.989784,3.043199,3.539446,2.276863,
1.469667,1.123344,1.987179,3.043216,3.53943,2.27208,
1.470699,1.128251,1.984705,3.04315,3.539419,2.267345,
1.471659,1.133184,1.981948,3.043169,3.539432,2.262647,
1.472399,1.138294,1.978761,3.043235,3.539413,2.257622,
1.472935,1.143497,1.975345,3.043215,3.539392,2.252813,
1.473421,1.148609,1.971819,3.043261,3.539592,2.247953,
1.473927,1.153486,1.967874,3.043338,3.539587,2.242946,
1.474638,1.158106,1.963992,3.043363,3.539622,2.237962,
1.475432,1.162295,1.960093,3.043231,3.539455,2.232746,
1.476205,1.166597,1.956315,3.043144,3.539448,2.227514,
1.476946,1.170639,1.952753,3.043124,3.53944,2.222599,
1.477775,1.174303,1.948581,3.043115,3.53951,2.217182,
1.479028,1.182318,1.940856,3.042952,3.539469,2.20647,
1.480139,1.185852,1.937297,3.043073,3.539522,2.201271,
1.480864,1.189358,1.933329,3.043098,3.539531,2.195922,
1.481597,1.193177,1.929243,3.04311,3.539539,2.190693,
1.482407,1.19692,1.925097,3.043154,3.539737,2.185257,
1.483484,1.200878,1.921073,3.043007,3.539741,2.179785,
1.484819,1.204857,1.91736,3.043003,3.539747,2.174577,
1.486531,1.20848,1.9137,3.043012,3.539512,2.169284,
1.488269,1.212269,1.910453,3.042776,3.5395,2.163718,
1.490147,1.215787,1.907196,3.042701,3.539188,2.158629,
1.492041,1.219474,1.903624,3.042761,3.5393,2.153675,
1.493862,1.223365,1.899907,3.042984,3.539315,2.148792,
1.49582,1.22759,1.896229,3.0431,3.539607,2.144288,
1.497627,1.231532,1.892454,3.043126,3.539718,2.13958,
1.499526,1.235735,1.888663,3.043144,3.539744,2.135093,
1.501502,1.239689,1.885098,3.043082,3.53971,2.130566,
1.503571,1.243623,1.881513,3.043063,3.539625,2.126129,
1.505233,1.247538,1.877717,3.043074,3.53964,2.121637,
1.506756,1.251511,1.873777,3.043152,3.53961,2.117487,
1.508397,1.255481,1.870122,3.043164,3.539574,2.113023,
1.50985,1.25937,1.866393,3.043002,3.539599,2.108623,
1.51264,1.262983,1.86303,3.043823,3.539251,2.104496,
1.514311,1.266531,1.859728,3.043776,3.539085,2.100542,
1.515899,1.270102,1.856449,3.043014,3.539027,2.096701,
1.517537,1.273705,1.853403,3.043009,3.538945,2.093143,
1.519147,1.277359,1.850408,3.043171,3.539032,2.090009,
1.520745,1.281073,1.847582,3.042522,3.538981,2.087051,
1.522203,1.285282,1.844663,3.042484,3.539245,2.084121,
1.523723,1.289075,1.841913,3.042736,3.539315,2.081108,
1.525168,1.293022,1.839119,3.042269,3.539321,2.078646,
1.5267,1.297158,1.836467,3.04247,3.539505,2.076606,
1.527954,1.301064,1.83344,3.042391,3.539533,2.074175,
1.528984,1.305054,1.830353,3.042317,3.539557,2.071637,
1.529858,1.30917,1.827185,3.042374,3.539589,2.069434,
1.530767,1.313305,1.824265,3.042484,3.539671,2.066688,
1.531332,1.317728,1.820913,3.0423,3.539696,2.064297,
1.531658,1.322363,1.817627,3.042125,3.539612,2.061906,
1.531892,1.327509,1.814225,3.042109,3.539839,2.059502,
1.532182,1.332921,1.811048,3.042404,3.539873,2.056707,
1.532392,1.338106,1.808097,3.042272,3.539851,2.054124,
1.532608,1.343562,1.805613,3.042315,3.539854,2.051245,
1.532669,1.349297,1.802943,3.042341,3.53974,2.048239,
1.532741,1.354972,1.800505,3.042529,3.53985,2.045252,
1.532344,1.360927,1.79796,3.042312,3.539642,2.04201,
1.532096,1.366666,1.79557,3.042467,3.539572,2.038821,
1.531534,1.37235,1.793179,3.042455,3.53963,2.035358,
1.530294,1.378248,1.790125,3.042271,3.539532,2.031936,
1.529238,1.384313,1.787201,3.042222,3.539522,2.028612,
1.528094,1.390504,1.784107,3.04226,3.539492,2.025235,
1.52651,1.396779,1.780424,3.042091,3.539352,2.021458,
1.525185,1.40286,1.777295,3.042003,3.539367,2.017703,
1.52381,1.408956,1.77433,3.042036,3.539333,2.013995,
1.521813,1.415177,1.771115,3.042202,3.539469,2.010173,
1.52044,1.421146,1.768264,3.04219,3.539481,2.006394,
1.51907,1.426982,1.765576,3.042136,3.539469,2.002434,
1.517388,1.432724,1.762645,3.042169,3.539506,1.998518,
1.515955,1.437961,1.760316,3.042128,3.539574,1.994233,
1.509031,1.44311,1.757955,3.04296,3.539526,1.990026,
1.505289,1.448447,1.754743,3.043177,3.539428,1.985576,
1.503641,1.45311,1.752653,3.043174,3.539407,1.98115,
1.501765,1.457482,1.750933,3.043008,3.539357,1.976374,
1.500303,1.461875,1.748995,3.043069,3.539511,1.971841,
1.498528,1.465721,1.747599,3.043027,3.53945,1.966839,
1.496485,1.469464,1.746237,3.043047,3.53947,1.962002,
1.494283,1.473059,1.74465,3.042896,3.539464,1.956745,
1.492193,1.475918,1.74379,3.043003,3.539467,1.951235,
1.489896,1.47874,1.74298,3.043017,3.539488,1.94553,
1.487241,1.48132,1.741734,3.042986,3.539572,1.939851,
1.484596,1.48377,1.740652,3.043077,3.53959,1.933915,
1.48218,1.486046,1.740198,3.042979,3.53957,1.927723,
1.479565,1.488099,1.739679,3.043001,3.539639,1.921169,
1.478188,1.489571,1.740692,3.043021,3.539727,1.914494,
1.476552,1.491309,1.741608,3.042981,3.539747,1.907842,
1.474027,1.493227,1.741919,3.043123,3.539809,1.900889,
1.472745,1.494671,1.743312,3.043182,3.539869,1.894144,
1.471627,1.496141,1.744835,3.043182,3.539898,1.887234,
1.469427,1.498397,1.745115,3.043086,3.539761,1.880156,
1.468696,1.499447,1.747282,3.042963,3.539557,1.872821,
1.468123,1.50038,1.749655,3.042794,3.539517,1.865315,
1.467027,1.501477,1.751576,3.042638,3.539378,1.857907,
1.467252,1.50216,1.754834,3.042773,3.539528,1.850474,
1.466865,1.502675,1.757707,3.042947,3.539606,1.84314,
1.465415,1.503596,1.759607,3.04295,3.539507,1.835497,
1.465058,1.50379,1.762636,3.042936,3.53946,1.827958,
1.464668,1.503716,1.765697,3.042777,3.539381,1.82046,
1.464127,1.503353,1.76872,3.0429,3.539416,1.813058,
1.455251,1.507555,1.764246,3.042972,3.539439,1.805786,
1.45711,1.506204,1.769145,3.043023,3.539483,1.798734,
1.457123,1.50589,1.772382,3.043076,3.539684,1.79161,
1.457702,1.505055,1.776101,3.043127,3.539615,1.784468,
1.457016,1.504994,1.778759,3.043163,3.539613,1.777667,
1.457995,1.504019,1.78308,3.043228,3.539622,1.770619,
1.459798,1.502583,1.788106,3.043219,3.539584,1.763802,
1.460114,1.502024,1.792002,3.043165,3.539545,1.757122,
1.461316,1.501078,1.79679,3.043302,3.53959,1.750389,
1.46323,1.49967,1.802194,3.043227,3.539545,1.743836,
1.463943,1.4989,1.806819,3.043273,3.539518,1.737559,
1.46549,1.49795,1.812527,3.043078,3.539444,1.730885,
1.467436,1.496498,1.818589,3.042985,3.539396,1.724704,
1.468458,1.495411,1.823577,3.042928,3.539377,1.718582,
1.470066,1.494789,1.829538,3.042967,3.53949,1.712699,
1.472149,1.493438,1.835475,3.04288,3.539436,1.707048,
1.473894,1.492627,1.841206,3.042792,3.539618,1.701689,
1.475619,1.492142,1.847405,3.042756,3.539572,1.696198,
1.478099,1.491013,1.853474,3.042796,3.539617,1.691459,
1.480435,1.490108,1.859772,3.042899,3.539691,1.6867,
1.482703,1.489448,1.866416,3.042871,3.539733,1.681635,
1.485458,1.488674,1.87304,3.042957,3.539838,1.677035,
1.488286,1.487955,1.879908,3.042916,3.53982,1.672258,
1.491354,1.487634,1.887395,3.042815,3.53976,1.667384,
1.494283,1.487233,1.894735,3.042849,3.539763,1.662657,
1.497539,1.486923,1.90242,3.04288,3.539786,1.65808,
1.500695,1.487008,1.91018,3.042831,3.53963,1.653148,
1.503533,1.486945,1.917958,3.042489,3.539528,1.648105,
1.507338,1.486686,1.926436,3.0424,3.539476,1.643303,
1.510536,1.486669,1.934624,3.042484,3.539713,1.638486,
1.51346,1.487213,1.942329,3.04268,3.539788,1.633877,
1.51849,1.486798,1.951939,3.042741,3.53969,1.62924,
1.521861,1.486741,1.960111,3.042755,3.539767,1.624568,
1.525136,1.486628,1.968172,3.042663,3.539769,1.619816,
1.528474,1.486371,1.976058,3.042648,3.539537,1.615304,
1.531644,1.485869,1.983856,3.041974,3.53955,1.610752,
1.534733,1.485078,1.991656,3.041399,3.539392,1.606102,
1.538048,1.484151,1.999181,3.041226,3.539279,1.601644,
1.541267,1.482814,2.006779,3.040671,3.539284,1.597128,
1.544597,1.481609,2.014247,3.040685,3.539351,1.592788,
1.547898,1.480058,2.021678,3.04077,3.539457,1.58857,
1.551172,1.478048,2.028868,3.04055,3.539438,1.584112,
1.554512,1.476219,2.036093,3.040721,3.53948,1.579862,
1.557796,1.474096,2.043101,3.040689,3.539423,1.575679,
1.560832,1.471482,2.049796,3.040726,3.539607,1.571519,
1.563956,1.468924,2.05647,3.040787,3.53963,1.567423,
1.567011,1.46621,2.0628,3.040739,3.539387,1.563278,
1.569857,1.463286,2.069374,3.040348,3.539477,1.559036,
1.572848,1.460611,2.075763,3.040234,3.539489,1.554956,
1.575762,1.457614,2.081803,3.040393,3.539654,1.550994,
1.578691,1.454746,2.088054,3.040397,3.539633,1.546715,
1.5816,1.452039,2.09428,3.040236,3.539645,1.542457,
1.584708,1.449298,2.100443,3.04011,3.539711,1.538122,
1.587621,1.446198,2.106331,3.040213,3.539745,1.533748,
1.590491,1.443196,2.112545,3.040139,3.539672,1.529089,
1.59343,1.440042,2.118554,3.039886,3.5396,1.524501,
1.596429,1.43687,2.124701,3.039874,3.539485,1.519667,
1.599522,1.433653,2.130882,3.039786,3.539551,1.514884,
1.602588,1.430478,2.136919,3.039742,3.539608,1.510315,
1.605685,1.427084,2.143087,3.039613,3.539577,1.505314,
1.608636,1.423834,2.149024,3.039553,3.539598,1.500334,
1.611215,1.420474,2.154549,3.039439,3.539516,1.495486,
1.613778,1.417107,2.160005,3.039281,3.53949,1.490488,
1.616114,1.413763,2.165139,3.039159,3.5395,1.485437,
1.618353,1.410626,2.16999,3.03909,3.539504,1.480684,
1.620369,1.407643,2.174564,3.039,3.539555,1.475688,
1.622619,1.404615,2.17938,3.038905,3.539506,1.470647,
1.62484,1.401698,2.184147,3.038778,3.539325,1.46579,
1.627182,1.398948,2.189353,3.038897,3.539429,1.460826,
1.629924,1.395862,2.194978,3.038789,3.53937,1.45568,
1.632809,1.392797,2.200712,3.038862,3.539455,1.450863,
1.635783,1.389727,2.206638,3.0387,3.53945,1.445818,
1.638689,1.386768,2.212758,3.038599,3.539527,1.440732,
1.640685,1.384284,2.218575,3.038732,3.539537,1.435795,
1.643375,1.381341,2.225078,3.038619,3.539561,1.430539,
1.64343,1.379568,2.229745,3.038598,3.539639,1.425791,
1.645693,1.376871,2.236383,3.038511,3.539551,1.420371,
1.647696,1.374055,2.243085,3.038414,3.539559,1.415,
1.649471,1.371368,2.249501,3.038366,3.539617,1.410051,
1.650051,1.369032,2.255258,3.038325,3.539593,1.404909,
1.651441,1.366457,2.262043,3.038211,3.539578,1.399752,
1.652145,1.364009,2.268449,3.038164,3.539477,1.394751,
1.653446,1.361639,2.275433,3.038398,3.539538,1.389995,
1.654784,1.359288,2.282603,3.038286,3.539549,1.385014,
1.655613,1.356866,2.289311,3.038253,3.539561,1.380208,
1.657123,1.354692,2.296521,3.038207,3.539526,1.375715,
1.658645,1.352243,2.303371,3.038085,3.539519,1.371527,
1.659978,1.349871,2.30987,3.038034,3.539582,1.367781,
1.661447,1.347811,2.316464,3.038207,3.539636,1.364639,
1.662686,1.345641,2.322955,3.038009,3.539613,1.361234,
1.663937,1.342975,2.329172,3.038024,3.539566,1.358315,
1.665167,1.340753,2.335828,3.038205,3.539654,1.355504,
1.666376,1.338171,2.342115,3.038012,3.539562,1.352687,
1.667231,1.335338,2.348116,3.037954,3.53954,1.350203,
1.667853,1.332835,2.35451,3.038076,3.539552,1.347553,
1.668157,1.330273,2.360703,3.037816,3.539541,1.344779,
1.668352,1.327371,2.36684,3.037962,3.539489,1.34218,
1.667916,1.324657,2.372715,3.038027,3.53962,1.339803,
1.667475,1.321983,2.378327,3.037988,3.539607,1.337535,
1.66681,1.318969,2.38359,3.03839,3.539663,1.33542,
1.665533,1.316283,2.388518,3.038322,3.539537,1.333358,
1.664399,1.313487,2.39345,3.038124,3.539509,1.331305,
1.663133,1.310512,2.398225,3.038232,3.539445,1.329314,
1.661643,1.307997,2.402996,3.03829,3.539537,1.327655,
1.659961,1.305282,2.407219,3.03814,3.53952,1.325997,
1.658456,1.302506,2.411226,3.038425,3.539506,1.324556,
1.656521,1.299738,2.414762,3.038456,3.539496,1.323285,
1.654467,1.296796,2.417976,3.038271,3.53948,1.321952,
1.652585,1.293778,2.420987,3.038226,3.539449,1.32095,
1.650565,1.291113,2.424096,3.038472,3.539369,1.319677,
1.648654,1.288256,2.427318,3.038618,3.539377,1.318462,
1.647128,1.285415,2.43015,3.038562,3.539413,1.317275,
1.645243,1.283063,2.433166,3.038809,3.539389,1.315657,
1.643187,1.280444,2.435546,3.038695,3.539355,1.314024,
1.641494,1.277896,2.438291,3.039156,3.539402,1.312194,
1.639543,1.275681,2.440708,3.039236,3.539489,1.31039,
1.637784,1.273379,2.442867,3.03895,3.539453,1.308375,
1.63677,1.271001,2.445492,3.039246,3.539477,1.306216,
1.635734,1.268701,2.447984,3.03928,3.539623,1.304147,
1.634795,1.26629,2.450738,3.039103,3.539639,1.301817,
1.634503,1.263795,2.453574,3.03912,3.539662,1.299568,
1.634136,1.261357,2.456757,3.039594,3.539689,1.297212,
1.634156,1.258571,2.459655,3.039423,3.539701,1.29492,
1.634211,1.255586,2.462396,3.039899,3.539736,1.29268,
1.634021,1.25293,2.465026,3.039784,3.539658,1.290424,
1.633766,1.250199,2.467262,3.039599,3.539682,1.288222,
1.633416,1.247488,2.469253,3.040023,3.539737,1.286182,
1.632626,1.245241,2.470942,3.040052,3.539679,1.283973,
1.631795,1.242946,2.472311,3.039812,3.539669,1.281776,
1.630913,1.240466,2.473687,3.04033,3.539605,1.279424,
1.62957,1.238442,2.474563,3.040307,3.5395,1.277159,
1.628441,1.236538,2.475558,3.040196,3.53951,1.274915,
1.626928,1.23479,2.476356,3.040607,3.539536,1.272772,
1.625604,1.233122,2.477327,3.040747,3.539693,1.270613,
1.624677,1.231305,2.478378,3.040472,3.53968,1.268205,
1.623625,1.229582,2.4795,3.040815,3.539587,1.265742,
1.622759,1.22797,2.480927,3.040827,3.539517,1.263085,
1.622085,1.226211,2.482533,3.040801,3.539523,1.260411,
1.621789,1.224578,2.484508,3.041204,3.539505,1.257498,
1.621408,1.223115,2.486544,3.040751,3.539398,1.25418,
1.621055,1.221877,2.488793,3.040885,3.539364,1.250824,
1.620796,1.220525,2.491155,3.041207,3.539329,1.247477,
1.62035,1.219599,2.493734,3.04112,3.539381,1.244015,
1.619841,1.218444,2.496615,3.041156,3.539398,1.240064,
1.619321,1.217821,2.499956,3.041254,3.539341,1.235494,
1.618776,1.217753,2.503327,3.04124,3.539466,1.231631,
1.6183,1.217469,2.507451,3.041284,3.539566,1.226881,
1.618231,1.216926,2.511382,3.041526,3.539541,1.222076,
1.617949,1.216747,2.515316,3.041283,3.539628,1.217575,
1.617841,1.216784,2.519725,3.041302,3.539578,1.212675,
1.617997,1.21684,2.524326,3.041268,3.539517,1.207512,
1.617905,1.217267,2.529446,3.040947,3.539419,1.202018,
1.617992,1.217958,2.534494,3.040943,3.539329,1.196931,
1.618218,1.218678,2.539988,3.041999,3.539285,1.191935,
1.618569,1.219298,2.545208,3.042114,3.53942,1.18702,
1.618997,1.219975,2.551149,3.041868,3.539414,1.18151,
1.619489,1.220695,2.557126,3.042184,3.539364,1.176141,
1.619961,1.221762,2.563228,3.042176,3.5394,1.171051,
1.620697,1.222857,2.568945,3.041804,3.539443,1.166332,
1.621424,1.224326,2.57491,3.042392,3.539489,1.162052,
1.622372,1.225883,2.580945,3.042402,3.539553,1.157665,
1.623474,1.227472,2.58673,3.042186,3.539495,1.153739,
1.624367,1.22949,2.592638,3.042581,3.539468,1.149644,
1.625543,1.232004,2.599076,3.042495,3.539578,1.145641,
1.626746,1.234586,2.604996,3.042242,3.539593,1.142167,
1.628333,1.237598,2.611762,3.042696,3.539612,1.138181,
1.62986,1.241216,2.618211,3.042642,3.539471,1.134657,
1.631531,1.244876,2.624279,3.042386,3.539268,1.13143,
1.633214,1.248617,2.630311,3.042831,3.539272,1.12832,
1.635188,1.252386,2.63618,3.042773,3.539241,1.125551,
1.637274,1.256055,2.642049,3.042609,3.539512,1.12285,
1.639062,1.26007,2.647338,3.043102,3.53951,1.12044,
1.642774,1.26873,2.657687,3.042942,3.539674,1.116535,
1.6446,1.273015,2.662479,3.043302,3.539663,1.114702,
1.64623,1.277697,2.667324,3.043221,3.53952,1.112878,
1.647484,1.282398,2.671337,3.043046,3.539445,1.111695,
1.648897,1.287059,2.676065,3.043546,3.539515,1.110145,
1.650255,1.292104,2.680262,3.043688,3.539611,1.109336,
1.651634,1.297252,2.684713,3.043458,3.539637,1.108216,
1.652906,1.302509,2.688977,3.043716,3.539664,1.107111,
1.654391,1.307807,2.693297,3.043808,3.539664,1.106134,
1.655809,1.313038,2.697217,3.043322,3.539659,1.104783,
1.657321,1.31806,2.701642,3.043573,3.539662,1.103284,
1.658774,1.323051,2.705543,3.044184,3.539512,1.102469,
1.660176,1.328238,2.709426,3.043756,3.539288,1.101096,
1.661665,1.333424,2.71366,3.04389,3.539222,1.099401,
1.663116,1.338676,2.717159,3.044419,3.539231,1.098569,
1.664503,1.34406,2.720829,3.043974,3.539412,1.097236,
1.666093,1.34933,2.724616,3.044125,3.539327,1.095942,
1.667456,1.354259,2.727875,3.044455,3.539265,1.094831,
1.668192,1.359691,2.730814,3.044048,3.539391,1.093804,
1.669457,1.364567,2.733814,3.044078,3.539353,1.092875,
1.670126,1.369433,2.736205,3.044085,3.539374,1.09214,
1.669699,1.374821,2.738077,3.043741,3.539352,1.091495,
1.671053,1.379559,2.740438,3.044157,3.539385,1.090962,
1.671355,1.384251,2.741767,3.044174,3.539272,1.090578,
1.671558,1.388689,2.743169,3.043888,3.539218,1.090212,
1.671691,1.393238,2.745057,3.044055,3.539124,1.088839,
1.671675,1.397067,2.745718,3.044094,3.539052,1.088233,
1.671566,1.401434,2.746657,3.043659,3.539339,1.0876,
1.671244,1.40564,2.746951,3.043815,3.539314,1.087334,
1.670596,1.409434,2.747012,3.043841,3.539263,1.087097,
1.669723,1.413412,2.746893,3.043487,3.539413,1.086634,
1.668714,1.417377,2.747034,3.043885,3.539473,1.085753,
1.66773,1.42089,2.746279,3.043912,3.539576,1.08547,
1.666607,1.424214,2.745855,3.043643,3.539406,1.084707,
1.665511,1.427479,2.745356,3.044047,3.539418,1.084024,
1.664339,1.430184,2.744479,3.044092,3.539409,1.083684,
1.663216,1.433059,2.743858,3.043682,3.53942,1.083024,
1.662095,1.435913,2.743464,3.043991,3.539405,1.082151,
1.660993,1.438738,2.742903,3.04404,3.539453,1.081665,
1.659764,1.441726,2.74248,3.043758,3.539481,1.081031,
1.658668,1.444701,2.742259,3.044156,3.539467,1.080501,
1.657525,1.447656,2.741951,3.044164,3.539466,1.080138,
1.656241,1.450722,2.742005,3.043785,3.539419,1.079519,
1.654819,1.45422,2.742145,3.04413,3.539422,1.079091,
1.653105,1.458147,2.742544,3.044247,3.539624,1.078742,
1.651096,1.462409,2.743063,3.043893,3.539605,1.078266,
1.648987,1.467138,2.743771,3.044216,3.539628,1.077853,
1.646517,1.472286,2.744463,3.044257,3.539655,1.077601,
1.641331,1.478615,2.744086,3.043926,3.539593,1.077506,
1.636125,1.485126,2.744312,3.04424,3.539578,1.076921,
1.632671,1.491169,2.744743,3.044277,3.53959,1.077198,
1.629397,1.49695,2.745339,3.043929,3.539456,1.077166,
1.624485,1.503188,2.745186,3.044352,3.539469,1.077145,
1.620236,1.509193,2.7446,3.044427,3.539497,1.077707,
1.616867,1.514422,2.744775,3.044014,3.539482,1.077664,
1.612247,1.519875,2.744775,3.044245,3.53945,1.076982,
1.608368,1.524953,2.743987,3.043968,3.539483,1.077552,
1.605427,1.529113,2.743759,3.043976,3.539514,1.077824,
1.601378,1.533482,2.743106,3.044281,3.539538,1.078098,
1.598117,1.53723,2.742386,3.044329,3.539549,1.079003,
1.595176,1.540718,2.742299,3.044062,3.539471,1.079491,
1.59202,1.544353,2.742932,3.044314,3.539443,1.07918,
1.589392,1.547357,2.742506,3.044451,3.539512,1.080688,
1.586938,1.550602,2.743101,3.044097,3.539538,1.081277,
1.584578,1.553803,2.743967,3.044568,3.539629,1.082028,
1.582207,1.556937,2.744693,3.04468,3.539627,1.083103,
1.579913,1.560191,2.746007,3.04423,3.539616,1.083784,
1.577797,1.563596,2.747832,3.044479,3.539478,1.08408,
1.575524,1.567086,2.749191,3.04401,3.539485,1.085459,
1.573239,1.57076,2.751256,3.044031,3.53952,1.086163,
1.571085,1.574194,2.753656,3.044194,3.539487,1.086545,
1.56884,1.577906,2.756022,3.043987,3.539644,1.087731,
1.566422,1.581673,2.758543,3.044004,3.53949,1.088494,
1.563962,1.585475,2.761484,3.044143,3.539419,1.088701,
1.561408,1.589642,2.763782,3.04377,3.539402,1.090499,
1.558739,1.593931,2.766659,3.043795,3.539348,1.091304,
1.556074,1.598469,2.770329,3.044185,3.53927,1.091475,
1.553421,1.603109,2.773355,3.043893,3.539396,1.093609,
1.550642,1.608208,2.777047,3.04391,3.53948,1.094542,
1.548151,1.613442,2.781599,3.044085,3.53944,1.095084,
1.545461,1.618826,2.785336,3.044157,3.539445,1.096663,
1.542562,1.624437,2.789509,3.043793,3.539508,1.097888,
1.539994,1.630402,2.794989,3.044007,3.539524,1.098132,
1.53707,1.636402,2.799719,3.043585,3.539519,1.099202,
1.534169,1.642738,2.804695,3.043669,3.539636,1.100508,
1.531546,1.649079,2.810092,3.043875,3.539778,1.101604,
1.52831,1.655409,2.815116,3.043589,3.539704,1.103019,
1.525175,1.661939,2.820419,3.043597,3.539777,1.104361,
1.522254,1.668465,2.826033,3.043877,3.539855,1.105457,
1.518783,1.675398,2.830986,3.043516,3.539723,1.107602,
1.515336,1.682343,2.836561,3.04353,3.539691,1.109326,
1.511884,1.689555,2.843156,3.043772,3.539652,1.109924,
1.508511,1.696984,2.848099,3.043556,3.539766,1.113319,
1.505537,1.704691,2.854064,3.043566,3.539772,1.11547,
1.502638,1.712978,2.860947,3.043713,3.539693,1.117256,
1.499413,1.721115,2.867112,3.043426,3.539819,1.120346,
1.496227,1.729497,2.873316,3.043462,3.539886,1.123343,
1.493651,1.738099,2.880719,3.043723,3.540117,1.125421,
1.49046,1.746917,2.886927,3.043546,3.539992,1.12873,
1.488008,1.755996,2.893506,3.043544,3.540011,1.132498,
1.485793,1.765384,2.901057,3.043828,3.539812,1.135443,
1.483611,1.774758,2.90782,3.0435,3.539917,1.139397,
1.481519,1.784018,2.914448,3.043503,3.539813,1.143776,
1.479796,1.793157,2.921644,3.043727,3.539748,1.1472,
1.478721,1.802826,2.928624,3.043387,3.539834,1.152092,
1.478237,1.81242,2.936378,3.043404,3.539862,1.155939,
1.477503,1.822096,2.943332,3.043158,3.539811,1.160986,
1.477067,1.831752,2.950578,3.044174,3.539744,1.165911,
1.477003,1.841192,2.957897,3.043913,3.53984,1.171217,
1.477222,1.850794,2.966328,3.044045,3.539808,1.175597,
1.477566,1.860471,2.973826,3.044316,3.540013,1.181994,
1.478528,1.869919,2.982105,3.044289,3.539959,1.18754,
1.479489,1.879734,2.991178,3.044263,3.539937,1.192625,
1.480253,1.889163,2.999406,3.044585,3.539929,1.198695,
1.481259,1.898434,3.007749,3.044568,3.53989,1.204705,
1.481859,1.90712,3.016612,3.044521,3.53989,1.209597,
1.482558,1.91591,3.024203,3.044103,3.539735,1.216222,
1.483126,1.924116,3.032063,3.043606,3.539324,1.222161,
1.483258,1.932091,3.040641,3.043736,3.539268,1.226321,
1.483359,1.939987,3.047399,3.043696,3.539174,1.233194,
1.483337,1.947638,3.05422,3.04375,3.539556,1.239492,
1.483109,1.955049,3.061172,3.043562,3.539432,1.244872,
1.48281,1.961984,3.067257,3.043828,3.53948,1.251024,
1.482476,1.968776,3.072803,3.043938,3.539658,1.257368,
1.481667,1.975016,3.078358,3.043864,3.539728,1.263017,
1.480971,1.981071,3.082761,3.044041,3.539666,1.269689,
1.480082,1.98696,3.087382,3.044137,3.53977,1.275886,
1.479171,1.992526,3.092051,3.044006,3.539786,1.281702,
1.478188,1.997793,3.096071,3.043818,3.539724,1.287828,
1.477173,2.002963,3.100148,3.043797,3.539651,1.293905,
1.476027,2.00816,3.104614,3.043887,3.53977,1.29924,
1.474878,2.013178,3.107731,3.044083,3.539702,1.305523,
1.474096,2.018483,3.112191,3.044084,3.539692,1.310305,
1.473627,2.023788,3.115893,3.044121,3.539769,1.315649,
1.473544,2.029429,3.119232,3.044126,3.539775,1.321712,
1.473521,2.034626,3.122992,3.044169,3.539826,1.326642,
1.473504,2.039602,3.126718,3.04416,3.539828,1.330823,
1.473324,2.044143,3.129958,3.044337,3.539783,1.334918,
1.473265,2.048177,3.132828,3.044286,3.539675,1.339267,
1.47314,2.051544,3.13508,3.044284,3.539761,1.343328,
1.472907,2.054767,3.137019,3.044091,3.539782,1.347032,
1.472756,2.057228,3.140022,3.044031,3.539699,1.34869,
1.472754,2.059619,3.141718,3.043894,3.539607,1.351519,
1.472675,2.061485,3.1423,3.044044,3.539608,1.355117,
1.47275,2.063238,3.143361,3.044067,3.539674,1.357579,
1.473048,2.064397,3.143266,3.043854,3.53943,1.361021,
1.473418,2.065455,3.143865,3.044059,3.539489,1.363266,
1.474114,2.065894,3.143838,3.044069,3.539579,1.365887,
1.475042,2.066485,3.144087,3.043933,3.539714,1.368302,
1.475923,2.066593,3.143562,3.044098,3.539742,1.371137,
1.477201,2.066272,3.143196,3.044153,3.539726,1.373316,
1.478429,2.065777,3.142545,3.044068,3.539613,1.375132,
1.480231,2.064921,3.142012,3.043608,3.539499,1.377331,
1.481907,2.064032,3.141522,3.043671,3.539499,1.379308,
1.484167,2.06232,3.140434,3.043722,3.539694,1.381616,
1.486165,2.061048,3.139104,3.043601,3.53965,1.38458,
1.488359,2.05912,3.138351,3.043797,3.539663,1.3865,
1.490774,2.057041,3.137152,3.043628,3.539632,1.389424,
1.493038,2.054555,3.136149,3.043486,3.539376,1.391694,
1.495368,2.051791,3.135339,3.043366,3.539361,1.393442,
1.49773,2.048653,3.134121,3.043233,3.539261,1.395672,
1.500391,2.04514,3.132958,3.043397,3.539217,1.398142,
1.503086,2.04142,3.130328,3.043458,3.539443,1.402546,
1.505661,2.03736,3.128583,3.04347,3.539521,1.405605,
1.508669,2.033183,3.127065,3.04322,3.53958,1.407999,
1.511747,2.028626,3.125654,3.043415,3.539672,1.410124,
1.514595,2.023735,3.123974,3.043299,3.539592,1.412098,
1.517726,2.018386,3.122036,3.043406,3.539556,1.414722,
1.521018,2.012767,3.120628,3.043438,3.539551,1.416204,
1.524563,2.007049,3.118867,3.04327,3.539617,1.418371,
1.527948,2.000928,3.117051,3.043355,3.53965,1.420263,
1.531623,1.99423,3.116146,3.043297,3.539466,1.420412,
1.535284,1.987315,3.113912,3.0432,3.539501,1.42221,
1.53889,1.979859,3.111647,3.043493,3.539557,1.423947,
1.542665,1.972303,3.108312,3.04353,3.539555,1.426976,
1.546428,1.964327,3.10518,3.043417,3.539513,1.429202,
1.549889,1.956156,3.102419,3.043625,3.539493,1.430792,
1.553822,1.947245,3.098706,3.043517,3.539469,1.433269,
1.557234,1.937941,3.093875,3.043516,3.539349,1.436409,
1.561161,1.929319,3.090617,3.042981,3.539218,1.437898,
1.56587,1.920097,3.086968,3.043091,3.539279,1.440015,
1.570063,1.910522,3.082316,3.043088,3.539336,1.442848,
1.573918,1.901383,3.078963,3.043134,3.539378,1.444407,
1.578089,1.891514,3.07476,3.043175,3.539387,1.446405,
1.581992,1.880971,3.069535,3.043149,3.539499,1.449006,
1.586006,1.870722,3.065524,3.043204,3.539486,1.450549,
1.589891,1.86047,3.061025,3.043278,3.539528,1.452541,
1.593469,1.849791,3.056335,3.043285,3.539649,1.454497,
1.596936,1.839003,3.051883,3.043281,3.539587,1.456228,
1.600128,1.828214,3.047288,3.043304,3.539596,1.457792,
1.603237,1.817677,3.042331,3.043265,3.539508,1.460265,
1.605777,1.806929,3.037537,3.043306,3.539519,1.462187,
1.608181,1.79656,3.03284,3.043331,3.53951,1.464001,
1.610366,1.786814,3.028872,3.04333,3.53964,1.465799,
1.612327,1.777041,3.024628,3.043332,3.539657,1.46782,
1.614041,1.767674,3.020508,3.043269,3.539628,1.469862,
1.616358,1.758821,3.016152,3.043145,3.53957,1.473366,
1.617647,1.750285,3.01277,3.042914,3.539349,1.475393,
1.619362,1.741633,3.009858,3.042895,3.53936,1.4769,
1.621215,1.733768,3.006411,3.042986,3.539269,1.480312,
1.623288,1.72676,3.00435,3.043054,3.539479,1.4824,
1.625538,1.71965,3.001787,3.043043,3.539462,1.485444,
1.627955,1.712871,2.999435,3.042907,3.539542,1.489528,
1.626413,1.708223,2.997926,3.042983,3.539599,1.491845,
1.633678,1.699522,2.9976,3.042764,3.539515,1.49427,
1.636039,1.693427,2.996031,3.042716,3.539421,1.497737,
1.638375,1.687467,2.995451,3.042499,3.539134,1.500322,
1.641078,1.681495,2.995875,3.042654,3.539209,1.501758,
1.64391,1.676269,2.993959,3.042605,3.539104,1.507026,
1.647229,1.671036,2.994512,3.042591,3.539061,1.50992,
1.650082,1.665924,2.995348,3.042552,3.53905,1.51233,
1.653332,1.660926,2.99519,3.042628,3.539079,1.516333,
1.656947,1.655947,2.996367,3.042816,3.539284,1.519183,
1.659885,1.651244,2.997166,3.042776,3.53926,1.522481,
1.662986,1.646633,2.997745,3.042887,3.539328,1.526435,
1.666594,1.641832,2.999481,3.042903,3.539385,1.529515,
1.669242,1.637517,3.000814,3.042921,3.539389,1.533004,
1.672979,1.633367,3.002532,3.043055,3.539515,1.537223,
1.676889,1.62896,3.004833,3.043067,3.539536,1.540558,
1.679716,1.625167,3.007116,3.043184,3.539592,1.544246,
1.683312,1.621346,3.00914,3.043072,3.539591,1.548337,
1.687285,1.617082,3.011733,3.043035,3.539629,1.551811,
1.69037,1.613336,3.014609,3.042914,3.539509,1.554695,
1.694051,1.609878,3.016541,3.042984,3.539546,1.559319,
1.698083,1.606197,3.019681,3.042969,3.539578,1.562312,
1.701501,1.603105,3.023544,3.043036,3.539523,1.56466,
1.705356,1.600137,3.02669,3.043046,3.539499,1.56835,
1.70952,1.596837,3.03062,3.04301,3.539408,1.571056,
1.713155,1.594351,3.035176,3.043017,3.539413,1.573269,
1.717263,1.591519,3.038928,3.043031,3.539388,1.576674,
1.721561,1.588725,3.043366,3.043058,3.539407,1.578648,
1.725388,1.586094,3.047945,3.042976,3.539335,1.580614,
1.729566,1.583864,3.051751,3.042887,3.539343,1.584038,
1.733879,1.581348,3.05639,3.042751,3.539353,1.586127,
1.737658,1.57931,3.061008,3.042868,3.539405,1.588402,
1.741693,1.577618,3.065663,3.042867,3.539383,1.591305,
1.745948,1.575683,3.070214,3.042958,3.539386,1.593663,
1.749832,1.574094,3.074675,3.043017,3.53938,1.596305,
1.753973,1.572882,3.079084,3.043128,3.539356,1.599397,
1.758237,1.571499,3.083462,3.043216,3.539423,1.601875,
1.76247,1.570594,3.087988,3.043166,3.539389,1.604584,
1.766843,1.5699,3.092159,3.043084,3.539363,1.607834,
1.771176,1.569232,3.096929,3.042891,3.539322,1.610266,
1.775484,1.568441,3.101653,3.042783,3.53942,1.612969,
1.779845,1.568195,3.105985,3.042801,3.539368,1.615733,
1.784434,1.567779,3.111027,3.042663,3.539072,1.617944,
1.788663,1.567835,3.11662,3.042723,3.539133,1.619723,
1.793453,1.568122,3.121972,3.042687,3.539107,1.62219,
1.79833,1.5687,3.127147,3.042925,3.53929,1.624326,
1.803435,1.569493,3.132048,3.042835,3.539109,1.627394,
1.808823,1.570689,3.138217,3.042782,3.539161,1.629858,
1.814439,1.571965,3.144177,3.042864,3.539209,1.632235,
1.81994,1.573171,3.150251,3.042845,3.539157,1.634667,
1.825508,1.57472,3.155215,3.04292,3.539226,1.638544,
1.831419,1.576542,3.161636,3.042896,3.539247,1.641122,
1.837862,1.578953,3.168808,3.042994,3.539273,1.643652,
1.844064,1.581132,3.175264,3.04302,3.539301,1.649353,
1.856945,1.586275,3.189241,3.043005,3.539287,1.652214,
1.863271,1.589143,3.195258,3.042995,3.539307,1.656281,
1.869763,1.592392,3.202469,3.043013,3.539324,1.659117,
1.876338,1.59559,3.209819,3.043014,3.539516,1.662061,
1.882966,1.599161,3.21607,3.043062,3.539539,1.666045,
1.889628,1.602749,3.223461,3.043105,3.539574,1.668717,
1.896391,1.606534,3.231224,3.043161,3.539513,1.670984,
1.903261,1.610125,3.237363,3.04315,3.539531,1.675056,
1.909852,1.613956,3.244799,3.043223,3.539543,1.677691,
1.916646,1.616906,3.251838,3.043128,3.539424,1.680164,
1.923294,1.620322,3.257239,3.042882,3.539418,1.684748,
1.92938,1.623725,3.264071,3.042914,3.539345,1.687445,
1.93603,1.626391,3.270394,3.043107,3.539642,1.690421,
1.942478,1.629268,3.275837,3.04317,3.539657,1.694326,
1.948426,1.63244,3.282163,3.043207,3.539706,1.697162,
1.955794,1.634714,3.288277,3.043331,3.539886,1.70001,
1.962248,1.637215,3.293122,3.043298,3.53973,1.703939,
1.96761,1.640151,3.29879,3.0432,3.539663,1.707188,
1.974137,1.642083,3.303961,3.043296,3.539586,1.710157,
1.980043,1.644184,3.308278,3.043257,3.539581,1.71466,
1.985678,1.64622,3.31287,3.043181,3.539522,1.718375,
1.990887,1.647827,3.317219,3.042885,3.53934,1.721628,
1.996341,1.649795,3.32142,3.042703,3.539258,1.726116,
2.0017,1.651645,3.325331,3.04269,3.539308,1.730304,
2.006838,1.653314,3.329075,3.042879,3.539353,1.73435,
2.012052,1.654508,3.331799,3.042991,3.53936,1.739561,
2.017507,1.655926,3.334947,3.043004,3.539363,1.74434,
2.02295,1.657269,3.338133,3.043073,3.539543,1.749085,
2.028646,1.658368,3.340069,3.043119,3.53956,1.755276,
2.034639,1.659547,3.342767,3.042967,3.539516,1.760569,
2.040756,1.660515,3.345601,3.042672,3.53931,1.765271,
2.046903,1.661584,3.34725,3.042701,3.539281,1.771851,
2.052994,1.662574,3.349615,3.042768,3.539308,1.777416,
2.059103,1.663445,3.351663,3.042891,3.539434,1.783414,
2.065181,1.664527,3.352209,3.042701,3.539397,1.791144,
2.07131,1.665116,3.354163,3.042568,3.539449,1.797135,
2.077494,1.666088,3.356802,3.042445,3.539274,1.802406,
2.083689,1.666848,3.357561,3.042506,3.539269,1.809219,
2.08984,1.667663,3.359007,3.042466,3.53925,1.815584,
2.095954,1.668441,3.360834,3.042618,3.539561,1.821825,
2.102048,1.669128,3.360684,3.042667,3.539578,1.829575,
2.108037,1.66994,3.361447,3.042871,3.539644,1.836291,
2.114205,1.670863,3.361864,3.04286,3.53955,1.843651,
2.120077,1.671494,3.361674,3.042966,3.539593,1.851173,
2.126019,1.672194,3.361961,3.043042,3.53962,1.858178,
2.132018,1.673088,3.362147,3.043077,3.53949,1.865094,
2.138105,1.673813,3.362102,3.043309,3.539515,1.872564,
2.144318,1.674698,3.361943,3.043343,3.539495,1.879748,
2.150506,1.675638,3.361896,3.043409,3.539587,1.887014,
2.156583,1.676379,3.360775,3.043463,3.53963,1.895,
2.162881,1.677234,3.360441,3.043431,3.539651,1.90206,
2.169644,1.678489,3.360777,3.043141,3.539432,1.908724,
2.175619,1.679452,3.359607,3.043061,3.539408,1.916438,
2.182058,1.680374,3.359107,3.043018,3.539451,1.923254,
2.188495,1.681562,3.359214,3.043041,3.539318,1.929561,
2.195001,1.682997,3.358362,3.042908,3.539267,1.9371,
2.201762,1.684364,3.358145,3.042842,3.539228,1.943929,
2.208672,1.686,3.358171,3.04297,3.539319,1.950799,
2.215432,1.687542,3.357332,3.043022,3.53931,1.958602,
2.222061,1.689155,3.357191,3.043072,3.539356,1.965458,
2.228341,1.690618,3.357192,3.043094,3.539402,1.972027,
2.234452,1.692295,3.356814,3.043226,3.539402,1.979045,
2.240771,1.694012,3.357122,3.043198,3.539425,1.985296,
2.246894,1.695835,3.357343,3.043079,3.539313,1.99148,
2.253054,1.697583,3.357163,3.043008,3.539299,1.998135,
2.259184,1.699319,3.35765,3.042981,3.53933,2.004012,
2.265098,1.700869,3.358208,3.043118,3.539343,2.009476,
2.270935,1.702275,3.358795,3.043133,3.539366,2.015059,
2.276746,1.703846,3.359577,3.04316,3.539348,2.020178,
2.282264,1.705549,3.360305,3.043201,3.539398,2.025456,
2.287879,1.707218,3.360847,3.043194,3.539455,2.030855,
2.293572,1.709158,3.36231,3.043098,3.539413,2.035026,
2.29902,1.711107,3.363145,3.042989,3.539371,2.039593,
2.304257,1.713081,3.363578,3.043044,3.539358,2.044522,
2.309626,1.715159,3.364299,3.043027,3.539338,2.048767,
2.314826,1.717231,3.365066,3.042965,3.539277,2.052803,
2.320212,1.719375,3.365367,3.042942,3.539329,2.057312,
2.325518,1.721688,3.366242,3.042907,3.539296,2.06101,
2.330723,1.724083,3.367358,3.042861,3.539176,2.064494,
2.336055,1.726626,3.368596,3.042881,3.539216,2.068482,
2.341339,1.729242,3.369682,3.043092,3.539384,2.072452,
2.346894,1.732011,3.371086,3.043153,3.53976,2.076806,
2.352445,1.73508,3.37264,3.043198,3.539601,2.081223,
2.358267,1.738095,3.374498,3.043127,3.539582,2.08533,
2.36431,1.741227,3.376769,3.043236,3.539563,2.089183,
2.369817,1.744403,3.378645,3.043029,3.539559,2.093575,
2.375561,1.74752,3.380655,3.042977,3.539495,2.097797,
2.381254,1.750688,3.382705,3.042941,3.539461,2.101955,
2.386916,1.753684,3.384231,3.043013,3.539464,2.106928,
2.392338,1.756782,3.386365,3.04301,3.539471,2.111223,
2.397573,1.759942,3.388373,3.042968,3.539498,2.115897,
2.402307,1.763078,3.389362,3.042981,3.539469,2.121399,
2.407242,1.766208,3.391495,3.042965,3.539464,2.125751,
2.412169,1.769349,3.394111,3.042933,3.539401,2.129792,
2.416774,1.772456,3.396295,3.042975,3.539407,2.134088,
2.421457,1.775557,3.398434,3.042978,3.539407,2.138452,
2.426075,1.778644,3.399661,3.043066,3.539382,2.143804,
2.430579,1.78169,3.401869,3.043214,3.539411,2.148394,
2.435022,1.784736,3.403919,3.043013,3.539387,2.153236,
2.439601,1.78788,3.406073,3.042892,3.539334,2.157913,
2.444082,1.791357,3.409347,3.042811,3.5392,2.161938,
2.448605,1.794898,3.411322,3.0429,3.539246,2.167171,
2.453247,1.798353,3.413551,3.042968,3.539415,2.172575,
2.458171,1.802004,3.415386,3.042932,3.539426,2.178705,
2.462883,1.805886,3.41749,3.042983,3.539437,2.184563,
2.467417,1.809746,3.419983,3.04302,3.539502,2.190059,
2.472225,1.813684,3.421851,3.043032,3.539483,2.196745,
2.476893,1.817707,3.424237,3.043022,3.539479,2.202754,
2.481168,1.82189,3.427097,3.04298,3.539369,2.208331,
2.485418,1.826303,3.429774,3.042924,3.539289,2.214801,
2.490463,1.830979,3.433329,3.042865,3.539258,2.220679,
2.495751,1.83656,3.433486,3.042574,3.539253,2.234278,
2.508226,1.849525,3.44581,3.042653,3.539299,2.240597,
2.514153,1.855881,3.450736,3.042824,3.539209,2.246782,
2.524794,1.867295,3.459373,3.042848,3.53923,2.26,
2.529698,1.872847,3.463454,3.043013,3.539279,2.266936,
2.538539,1.882905,3.470038,3.042929,3.539305,2.281844,
2.542325,1.88757,3.473475,3.042894,3.539327,2.289054,
2.546372,1.892317,3.474638,3.042884,3.539273,2.303802,
2.558882,1.907171,3.488172,3.042743,3.539198,2.318857,
2.56752,1.917671,3.495241,3.042918,3.53924,2.336025,
2.57648,1.928201,3.501862,3.042796,3.539219,2.353414,
2.580722,1.933607,3.505543,3.042782,3.539205,2.361469,
2.580451,1.933831,3.495009,3.042822,3.539311,2.388529,
2.596139,1.954054,3.516784,3.042794,3.539284,2.397496,
2.599831,1.958761,3.520227,3.04273,3.539252,2.405412,
2.607658,1.968184,3.527308,3.042957,3.539442,2.421429,
2.611267,1.972966,3.528724,3.043002,3.539485,2.436841,
2.61788,1.982434,3.539011,3.043021,3.539496,2.443756,
2.621186,1.986953,3.543577,3.043129,3.539586,2.449867,
2.624351,1.991192,3.545135,3.043224,3.539519,2.463376,
2.636909,2.008472,3.562952,3.04331,3.539488,2.481622,
2.639693,2.012541,3.566014,3.043324,3.53945,2.488334,
2.650078,2.024836,3.578808,3.042744,3.539253,2.50419,
2.655524,2.032667,3.586487,3.043007,3.539279,2.514489,
2.660443,2.03971,3.594397,3.042957,3.53921,2.523186,
2.659989,2.038959,3.593318,3.042917,3.539281,2.523604,
2.662326,2.041955,3.597486,3.042888,3.539311,2.527272,
2.667758,2.047757,3.60324,3.042979,3.539307,2.537379,
2.67165,2.053123,3.609998,3.042806,3.53932,2.545327,
2.673212,2.055488,3.609394,3.042795,3.539293,2.558524,
2.682067,2.066957,3.62287,3.042699,3.539208,2.568713,
2.685678,2.073363,3.628618,3.042904,3.539274,2.577545,
2.688672,2.078497,3.632943,3.042786,3.539284,2.586865,
2.692354,2.085684,3.636896,3.042834,3.539325,2.60169,
2.691755,2.084732,3.636339,3.042875,3.539346,2.601101,
2.692715,2.086718,3.633997,3.043066,3.539416,2.611098,
2.695487,2.090841,3.638015,3.043123,3.539429,2.615887,
2.696884,2.093193,3.635504,3.043122,3.539414,2.626153,
2.700445,2.098339,3.64084,3.043279,3.539471,2.630234,
2.702489,2.100587,3.640969,3.043188,3.539397,2.635618,
2.704345,2.103061,3.641883,3.043147,3.539348,2.640383,
2.706236,2.105579,3.640876,3.043205,3.539462,2.649657,
2.710019,2.110042,3.644519,3.043208,3.539478,2.654639,
2.71154,2.111959,3.641135,3.04307,3.539519,2.665418,
2.714355,2.115936,3.643532,3.043082,3.539492,2.670661,
2.717142,2.119961,3.642375,3.043152,3.539516,2.681455,
2.718575,2.121693,3.641277,3.04302,3.539548,2.687087,
2.723499,2.129613,3.636495,3.042962,3.539354,2.710375,
2.725495,2.133019,3.633064,3.042988,3.539418,2.722811,
2.726387,2.134555,3.63064,3.043051,3.539422,2.729421,
2.727667,2.137917,3.626262,3.04291,3.539394,2.742642,
2.729074,2.140793,3.621995,3.042958,3.539388,2.754763,
2.730319,2.1435,3.616299,3.043027,3.539566,2.768508,
2.730885,2.144256,3.611966,3.043117,3.539603,2.776361,
2.731979,2.145462,3.608939,3.042994,3.539606,2.78301,
2.73678,2.14985,3.598202,3.042751,3.539182,2.806561,
2.739729,2.150861,3.589638,3.042827,3.539166,2.820092,
2.741556,2.15107,3.584668,3.042863,3.539087,2.82676,
2.747444,2.15109,3.568917,3.043176,3.539275,2.847852,
2.751118,2.150803,3.557596,3.04261,3.539112,2.862026,
2.754289,2.150052,3.547424,3.04265,3.539141,2.873648,
2.756154,2.148497,3.534057,3.042936,3.539532,2.887748,
2.755701,2.148234,3.533233,3.043061,3.539549,2.887914,
2.756317,2.147784,3.521825,3.043275,3.539721,2.90099,
2.757102,2.146276,3.514269,3.043332,3.539607,2.907826,
2.757228,2.145367,3.496905,3.043304,3.539649,2.927831,
2.757003,2.141748,3.48158,3.043349,3.539685,2.941188,
2.756577,2.140954,3.476827,3.043343,3.539623,2.94568,
2.755634,2.139063,3.465162,3.043405,3.53961,2.957288,
2.754407,2.137115,3.455467,3.043271,3.53952,2.966497,
2.75225,2.134489,3.446928,3.043028,3.539402,2.974129,
2.750536,2.133368,3.442322,3.043107,3.539395,2.97849,
2.749534,2.132867,3.439384,3.043119,3.539329,2.981238,
2.748582,2.132549,3.436064,3.043365,3.539516,2.984852,
2.747368,2.132043,3.43038,3.043234,3.53943,2.991107,
2.743844,2.130836,3.426248,3.04316,3.53946,2.99435,
2.741722,2.130086,3.419394,3.042898,3.539436,3.001997,
2.736986,2.128414,3.415267,3.043021,3.539484,3.004682,
2.734712,2.127405,3.41117,3.043062,3.539508,3.008594,
2.729676,2.126233,3.404516,3.042966,3.539423,3.015279,
2.724557,2.125065,3.397067,3.043008,3.539431,3.023554,
2.721801,2.124331,3.386429,3.043046,3.53938,3.037281,
2.712702,2.120805,3.375817,3.043015,3.539324,3.046,
2.70803,2.118159,3.36664,3.043027,3.53934,3.055396,
2.703343,2.115174,3.357225,3.043149,3.539281,3.064442,
2.699089,2.112404,3.34872,3.043273,3.539459,3.073196,
2.697002,2.111076,3.344573,3.043246,3.539454,3.077874,
2.694748,2.109789,3.340305,3.043152,3.539395,3.082319,
2.690129,2.108206,3.333333,3.042972,3.539213,3.090925,
2.688497,2.107688,3.329792,3.042921,3.539226,3.095663,
2.686136,2.107517,3.323827,3.043052,3.53951,3.106002,
2.676778,2.10541,3.312487,3.043,3.539444,3.121049,
2.674066,2.105002,3.30934,3.042991,3.539467,3.126235,
2.667668,2.104996,3.301659,3.043127,3.539578,3.142422,
2.663428,2.104258,3.295754,3.043019,3.539585,3.154423,
2.658493,2.102828,3.290674,3.043196,3.539592,3.165761,
2.65798,2.102209,3.289808,3.043321,3.539591,3.166893,
2.655832,2.100834,3.287049,3.043445,3.539637,3.172635,
2.650519,2.098693,3.28128,3.043126,3.539611,3.185524,
2.649015,2.095209,3.273699,3.043121,3.539475,3.199487,
2.646588,2.094512,3.268262,3.042853,3.539353,3.221874,
2.637983,2.092061,3.262734,3.043005,3.539309,3.237313,
2.633544,2.090856,3.259362,3.042963,3.539261,3.25288,
2.628584,2.088921,3.254707,3.043077,3.539303,3.270023,
2.626007,2.087974,3.252468,3.0431,3.539312,3.278284,
2.618028,2.08459,3.244352,3.043199,3.539398,3.304256,
2.617715,2.08388,3.243185,3.043153,3.53944,3.305063,
2.611105,2.081197,3.23884,3.043101,3.539452,3.320716,
2.603842,2.078223,3.234446,3.042786,3.539115,3.336234,
2.600027,2.07673,3.232019,3.042745,3.539075,3.344265,
2.583709,2.069845,3.221818,3.043066,3.539244,3.376891,
2.573513,2.064992,3.216705,3.042981,3.539217,3.391906,
2.563075,2.059501,3.210783,3.042988,3.539533,3.407019,
2.55714,2.056557,3.207865,3.042959,3.539549,3.414133,
2.541273,2.047022,3.198162,3.043166,3.539561,3.433712,
2.541182,2.046161,3.197005,3.04318,3.539548,3.433578,
2.531988,2.039547,3.189149,3.043123,3.539474,3.446136,
2.527947,2.036702,3.184659,3.042953,3.539282,3.457635,
2.520598,2.031125,3.178367,3.04292,3.539337,3.467093,
2.514138,2.026012,3.171458,3.043111,3.539357,3.472255,
2.510858,2.02351,3.168154,3.043147,3.539371,3.47718,
2.50046,2.01368,3.153556,3.042933,3.539326,3.496299,
2.497686,2.010077,3.147914,3.042937,3.539378,3.503846,
2.496283,2.008893,3.145041,3.04293,3.539386,3.508123,
2.494943,2.007148,3.139656,3.043081,3.539527,3.517163,
2.493392,2.005458,3.135506,3.042877,3.539566,3.525502,
2.493014,2.004824,3.133584,3.04291,3.539553,3.529516,
2.49113,2.003927,3.128471,3.04297,3.5393,3.542204,
2.491245,2.004224,3.129703,3.042943,3.539272,3.541446,
2.490445,2.004114,3.128596,3.042981,3.539344,3.545421,
2.488493,2.004481,3.126869,3.043204,3.539383,3.553476,
2.486736,2.005158,3.125903,3.043174,3.539438,3.56129,
2.485613,2.005827,3.12623,3.04315,3.539402,3.564676,
2.481332,2.008727,3.126868,3.043072,3.539381,3.578918,
2.47817,2.010641,3.127534,3.042884,3.539373,3.585761,
2.474683,2.012908,3.128233,3.042767,3.539443,3.593334,
2.468832,2.01809,3.130586,3.042684,3.539279,3.604929,
2.468268,2.018629,3.13121,3.04282,3.539335,3.60491,
2.465759,2.020293,3.12885,3.043076,3.539507,3.617023,
2.455869,2.028543,3.136644,3.042887,3.539571,3.624901,
2.453404,2.031115,3.137949,3.042663,3.539256,3.629717,
2.4479,2.035886,3.14097,3.042772,3.539285,3.638683,
2.442523,2.040834,3.143519,3.042999,3.539412,3.648798,
2.439947,2.043197,3.145281,3.043073,3.539686,3.653172,
2.431214,2.051832,3.150229,3.043629,3.539691,3.667104,
2.431596,2.052321,3.147596,3.043448,3.539613,3.672739,
2.427221,2.058812,3.152917,3.043404,3.539518,3.677694,
2.425027,2.061944,3.153854,3.043398,3.539422,3.683152,
2.421648,2.069756,3.157334,3.043301,3.539358,3.693204,
2.418257,2.07871,3.160649,3.043468,3.539623,3.704832,
2.417355,2.08357,3.155964,3.043244,3.539511,3.722034,
2.412778,2.103164,3.169952,3.043264,3.539484,3.734075,
2.410558,2.113334,3.173632,3.043012,3.539355,3.746378,
2.409601,2.118447,3.175219,3.043047,3.539366,3.752505,
2.405204,2.134193,3.180824,3.042774,3.539289,3.770694,
2.401288,2.144131,3.183944,3.042894,3.539254,3.78307,
2.397508,2.153093,3.186091,3.042639,3.539,3.794527,
2.397079,2.152553,3.185303,3.042771,3.539111,3.794466,
2.395072,2.156519,3.180756,3.04295,3.539313,3.806538,
2.390673,2.162879,3.183727,3.043002,3.539382,3.812276,
2.388065,2.165485,3.18234,3.043103,3.53951,3.818027,
2.383222,2.170295,3.178473,3.043205,3.53955,3.829757,
2.380908,2.172281,3.176971,3.043066,3.539403,3.834587,
2.378506,2.174364,3.174573,3.042989,3.539401,3.840292,
2.376009,2.176003,3.171722,3.042974,3.53936,3.845864,
2.373426,2.177441,3.169356,3.043077,3.539392,3.850851,
2.370295,2.179044,3.166678,3.043065,3.539495,3.856413,
2.367802,2.180645,3.164756,3.042792,3.539415,3.860835,
2.36497,2.183273,3.163146,3.043075,3.539567,3.866557,
2.362396,2.18556,3.161879,3.042907,3.539617,3.871789,
2.359318,2.187718,3.160701,3.043183,3.53966,3.876599,
2.355789,2.190028,3.16006,3.042899,3.539419,3.881238,
2.35214,2.191903,3.159775,3.042834,3.539434,3.885489,
2.348093,2.193106,3.15888,3.042949,3.539452,3.88941,
2.343801,2.194334,3.158398,3.043072,3.539523,3.892827,
2.339274,2.195174,3.157955,3.043111,3.539555,3.896173,
2.334574,2.195378,3.156872,3.04288,3.539525,3.899145,
2.329589,2.195641,3.156338,3.042555,3.539189,3.901139,
2.324287,2.195547,3.155428,3.042666,3.539179,3.903622,
2.319154,2.195182,3.154066,3.042572,3.539042,3.906008,
2.313572,2.194787,3.153177,3.042513,3.538977,3.907391,
2.308015,2.19417,3.151706,3.042666,3.538939,3.909248,
2.30248,2.193521,3.150075,3.042846,3.539137,3.910764,
2.296791,2.192987,3.148679,3.042929,3.539423,3.912882,
2.291047,2.192396,3.14716,3.042897,3.539435,3.914676,
2.285264,2.191891,3.145735,3.043048,3.539553,3.916229,
2.279586,2.191529,3.144611,3.042996,3.539412,3.917795,
2.273565,2.190948,3.143124,3.042975,3.539421,3.919893,
2.267462,2.190198,3.141558,3.042974,3.539419,3.921687,
2.261005,2.18919,3.140139,3.042945,3.539382,3.923066,
2.254389,2.188003,3.138123,3.042873,3.539378,3.925406,
2.247471,2.186458,3.135696,3.042932,3.539267,3.927566,
2.240352,2.184716,3.13345,3.043144,3.539557,3.929576,
2.232773,2.183005,3.131109,3.043252,3.539579,3.931991,
2.225222,2.18122,3.128579,3.043246,3.539516,3.934507,
2.217658,2.179734,3.126338,3.043219,3.539429,3.937088,
2.209724,2.1783,3.124284,3.043227,3.539425,3.939693,
2.201757,2.176832,3.122297,3.043232,3.539429,3.942083,
2.193502,2.175686,3.120586,3.043092,3.53934,3.944779,
2.185113,2.174616,3.119034,3.043034,3.539332,3.94758,
2.176686,2.17366,3.117705,3.043051,3.539367,3.950401,
2.168033,2.17328,3.116971,3.042936,3.539378,3.953344,
2.15976,2.173153,3.116439,3.042881,3.539374,3.956114,
2.151601,2.173123,3.115841,3.042873,3.53937,3.959245,
2.143491,2.173557,3.115811,3.043057,3.53934,3.961841,
2.135812,2.174288,3.116097,3.043129,3.539345,3.96459,
2.128588,2.175356,3.116548,3.043119,3.539378,3.96737,
2.121248,2.17683,3.117493,3.043081,3.539407,3.970165,
2.114335,2.178542,3.118675,3.043199,3.539439,3.972835,
2.107886,2.180845,3.120227,3.043243,3.539484,3.975475,
2.101938,2.183718,3.122253,3.043319,3.539618,3.978374,
2.09658,2.187545,3.125316,3.043295,3.539657,3.981179,
2.091058,2.191186,3.128192,3.043326,3.539583,3.98392,
2.085876,2.195617,3.131768,3.04326,3.539522,3.986895,
2.080637,2.200113,3.135719,3.04322,3.539562,3.989921,
2.075549,2.204625,3.139701,3.04317,3.539504,3.992931,
2.070766,2.209837,3.14416,3.042951,3.539338,3.995872,
2.065921,2.215105,3.148828,3.043035,3.539355,3.999157,
2.061124,2.220531,3.153559,3.042878,3.539372,4.00278,
2.056635,2.226252,3.158725,3.042863,3.539356,4.00629,
2.051769,2.231564,3.163733,3.04301,3.539402,4.009573,
2.046502,2.237069,3.168041,3.043184,3.539428,4.015521,
2.041632,2.242388,3.174658,3.043219,3.539516,4.015918,
2.036568,2.247703,3.179944,3.042986,3.539501,4.019728,
2.031259,2.253098,3.185438,3.042943,3.539422,4.023461,
2.026062,2.258639,3.191084,3.042718,3.539249,4.026899,
2.020659,2.264353,3.196846,3.042727,3.53921,4.030831,
2.015227,2.270342,3.203031,3.04261,3.539,4.034775,
2.009831,2.276338,3.209227,3.042755,3.53899,4.038933,
2.004387,2.282301,3.215476,3.042976,3.538994,4.043189,
1.998932,2.288499,3.22195,3.042978,3.539212,4.04767,
1.993439,2.294734,3.228344,3.04307,3.539457,4.052799,
1.988176,2.300828,3.23465,3.043103,3.539491,4.057475,
1.98285,2.307222,3.241233,3.043137,3.539577,4.062197,
1.978431,2.313595,3.247591,3.043073,3.539546,4.067262,
1.973612,2.319772,3.253747,3.043183,3.539609,4.072546,
1.96858,2.326043,3.260084,3.0433,3.539658,4.077682,
1.963558,2.332079,3.265982,3.043214,3.539468,4.082901,
1.958764,2.338168,3.271903,3.043355,3.539478,4.088426,
1.953829,2.34428,3.277873,3.043475,3.539527,4.094151,
1.949172,2.350107,3.283391,3.043564,3.539673,4.100194,
1.944763,2.356001,3.288831,3.043396,3.53969,4.10597,
1.940535,2.36193,3.294221,3.043226,3.539603,4.111857,
1.936086,2.367474,3.299037,3.04333,3.539645,4.118022,
1.931918,2.373151,3.303876,3.043267,3.539641,4.123996,
1.927763,2.378656,3.308457,3.043237,3.539513,4.130083,
1.923823,2.383782,3.312269,3.043205,3.539359,4.136189,
1.92008,2.389115,3.316598,3.043161,3.539357,4.14224,
1.91648,2.394113,3.320295,3.043146,3.539337,4.148427,
1.912902,2.398574,3.323236,3.043276,3.539423,4.154695,
1.909657,2.403845,3.327231,3.043209,3.539356,4.160839,
1.906468,2.408369,3.330446,3.043294,3.539409,4.167003,
1.903,2.41243,3.333012,3.043331,3.539365,4.172799,
1.89994,2.416996,3.336387,3.043377,3.539339,4.178634,
1.897435,2.421589,3.339757,3.043296,3.539268,4.184391,
1.894383,2.425763,3.342947,3.043381,3.539305,4.190246,
1.891623,2.43046,3.346836,3.043244,3.53934,4.196087,
1.889209,2.434923,3.350285,3.043285,3.539343,4.201913,
1.886639,2.439188,3.353763,3.043173,3.539451,4.207711,
1.884053,2.443697,3.357463,3.042968,3.539441,4.213174,
1.881771,2.447916,3.36104,3.042965,3.5395,4.218161,
1.879781,2.45194,3.364216,3.042885,3.539393,4.22334,
1.87795,2.456396,3.367805,3.043022,3.539439,4.228201,
1.87674,2.460348,3.370869,3.042999,3.539419,4.23281,
1.874885,2.463892,3.373498,3.043045,3.539513,4.237496,
1.873661,2.467869,3.376511,3.042945,3.539358,4.241853,
1.872533,2.471124,3.379003,3.042955,3.539345,4.245859,
1.871201,2.473936,3.380976,3.042856,3.539175,4.249717,
1.870143,2.477362,3.383503,3.043015,3.539386,4.253749,
1.869756,2.480083,3.385234,3.042958,3.539334,4.257211,
1.869216,2.482691,3.38672,3.042982,3.539386,4.260981,
1.868824,2.485852,3.388787,3.043062,3.539366,4.264353,
1.86868,2.487837,3.389643,3.043311,3.5394,4.267603,
1.867932,2.489771,3.390475,3.043255,3.539404,4.270774,
1.867509,2.492317,3.39185,3.043285,3.539397,4.273882,
1.867563,2.494287,3.392361,3.043183,3.539368,4.2767,
1.866934,2.496134,3.392705,3.043254,3.539326,4.27937,
1.866991,2.498673,3.393573,3.043263,3.539328,4.282255,
1.867272,2.500611,3.393829,3.04317,3.539275,4.285018,
1.866951,2.50235,3.393772,3.043269,3.539485,4.288037,
1.866862,2.504501,3.394045,3.043275,3.539482,4.290905,
1.866762,2.50587,3.393586,3.043283,3.539481,4.293787,
1.8663,2.507014,3.392946,3.04313,3.539401,4.296478,
1.865958,2.508158,3.392202,3.043186,3.539414,4.299482,
1.865781,2.508812,3.391106,3.043235,3.539413,4.302488,
1.865023,2.509059,3.389678,3.043176,3.539425,4.30544,
1.864417,2.50949,3.388455,3.043224,3.53942,4.308548,
1.863859,2.509756,3.387174,3.043318,3.539435,4.311565,
1.863209,2.509731,3.385587,3.043303,3.539491,4.314865,
1.862819,2.510139,3.384572,3.04328,3.539494,4.318147,
1.862504,2.51028,3.383511,3.043272,3.539476,4.321411,
1.861992,2.510419,3.38247,3.043282,3.539513,4.324762,
1.861728,2.510382,3.381187,3.043222,3.539433,4.327984,
1.861339,2.510545,3.380358,3.043344,3.539492,4.331183,
1.860927,2.510433,3.379253,3.043386,3.539642,4.334646,
1.86059,2.509999,3.377906,3.043503,3.539674,4.337896,
1.860218,2.509734,3.376877,3.043402,3.539654,4.341313,
1.85984,2.509279,3.375486,3.043404,3.539744,4.344458,
1.859797,2.508417,3.373798,3.043321,3.539752,4.347592,
1.859611,2.508072,3.372662,3.043386,3.53979,4.350792,
1.85959,2.507556,3.371275,3.043437,3.539834,4.35397,
1.859752,2.507008,3.369795,3.043355,3.539827,4.357112,
1.859643,2.50708,3.369175,3.043234,3.539784,4.359881,
1.860015,2.50698,3.368149,3.043182,3.539588,4.362908,
1.860253,2.506674,3.366978,3.043197,3.539612,4.366029,
1.860044,2.506934,3.366535,3.04316,3.539555,4.369074,
1.85998,2.507187,3.365938,3.043143,3.539422,4.37202,
1.859743,2.507303,3.365115,3.043157,3.539407,4.375182,
1.859205,2.507939,3.365043,3.043041,3.539326,4.37821,
1.858914,2.508811,3.364748,3.043117,3.539334,4.381344,
1.858819,2.509642,3.36438,3.043055,3.539225,4.384424,
1.858405,2.510832,3.364447,3.043151,3.539222,4.387583,
1.858596,2.5121,3.364363,3.04313,3.539334,4.390834,
1.85833,2.513422,3.364233,3.043197,3.539361,4.394128,
1.857831,2.515249,3.364579,3.04314,3.539327,4.397399,
1.857589,2.516944,3.364601,3.043189,3.539415,4.400762,
1.85719,2.51848,3.364316,3.043264,3.539445,4.404148,
1.856542,2.520428,3.364552,3.043256,3.539402,4.407488,
1.856128,2.522403,3.364557,3.043367,3.539498,4.41107,
1.855558,2.52424,3.364385,3.043294,3.53943,4.414553,
1.85464,2.526167,3.364414,3.043222,3.539471,4.41817,
1.853879,2.527959,3.364238,3.043205,3.53931,4.421547,
1.853209,2.529715,3.363851,3.043145,3.539315,4.425149,
1.852516,2.53135,3.36342,3.043139,3.539324,4.428781,
1.851934,2.533023,3.362897,3.043204,3.539383,4.432571,
1.85138,2.535066,3.362775,3.042997,3.539407,4.436474,
1.850768,2.536556,3.362283,3.042892,3.539407,4.44062,
1.849793,2.538498,3.361878,3.042807,3.539516,4.444396,
1.849041,2.540475,3.361456,3.042989,3.539611,4.44842,
1.848646,2.542218,3.360664,3.042925,3.53964,4.452539,
1.848193,2.543815,3.359517,3.042879,3.539696,4.456794,
1.847693,2.54563,3.358521,3.042992,3.539752,4.461041,
1.847581,2.547226,3.357302,3.042963,3.539822,4.465118,
1.847361,2.548703,3.355664,3.042897,3.539566,4.469545,
1.84707,2.55033,3.354122,3.042914,3.539546,4.473987,
1.847172,2.551249,3.351728,3.042842,3.539497,4.478512,
1.847036,2.552114,3.349235,3.0429,3.539623,4.483212,
1.847143,2.553234,3.346727,3.042675,3.539509,4.487814,
1.847288,2.554071,3.34376,3.042719,3.539413,4.492378,
1.846967,2.55457,3.34054,3.04286,3.539423,4.497104,
1.846688,2.555754,3.337853,3.043111,3.539412,4.50197,
1.846848,2.556266,3.334433,3.042991,3.539346,4.506763,
1.846434,2.556424,3.330768,3.042973,3.539479,4.511793,
1.846358,2.557164,3.327213,3.042905,3.539492,4.516861,
1.846288,2.557338,3.323221,3.042733,3.539333,4.521594,
1.845752,2.557315,3.319191,3.042817,3.539312,4.526421,
1.845195,2.557673,3.315604,3.042988,3.539381,4.531102,
1.844791,2.5575,3.311602,3.042934,3.539337,4.535562,
1.844103,2.557118,3.307388,3.042858,3.53931,4.540013,
1.843613,2.55727,3.303636,3.04289,3.539244,4.544121,
1.843066,2.556922,3.299299,3.043082,3.539412,4.548203,
1.842468,2.556863,3.295362,3.043142,3.53941,4.552223,
1.841812,2.557089,3.291745,3.042914,3.539402,4.556106,
1.840962,2.556687,3.2874,3.04286,3.539392,4.560014,
1.840146,2.556279,3.283029,3.042937,3.539433,4.563971,
1.839219,2.556071,3.278739,3.043143,3.539485,4.567518,
1.838501,2.555488,3.274008,3.043235,3.539523,4.571016,
1.837903,2.5554,3.269834,3.043279,3.53951,4.574544,
1.837299,2.55538,3.265741,3.043303,3.539463,4.577654,
1.836551,2.554852,3.26129,3.043256,3.539501,4.581118,
1.835957,2.554337,3.256916,3.043288,3.539534,4.584343,
1.835193,2.553665,3.252672,3.043371,3.539628,4.587145,
1.834498,2.552485,3.248026,3.043432,3.539689,4.589921,
1.834389,2.551834,3.244076,3.043258,3.539738,4.592402,
1.833959,2.551394,3.240433,3.043335,3.539741,4.594939,
1.833229,2.550807,3.237134,3.043259,3.539625,4.596846,
1.832743,2.549972,3.233608,3.043241,3.53959,4.59862,
1.832266,2.548876,3.230065,3.04323,3.53947,4.600227,
1.831764,2.54806,3.226944,3.043302,3.539517,4.601894,
1.831262,2.546942,3.223962,3.043247,3.53945,4.602724,
1.830872,2.545635,3.220637,3.043183,3.539368,4.603948,
1.830284,2.544423,3.217655,3.043172,3.539338,4.604599,
1.829733,2.543033,3.214307,3.043197,3.539383,4.605157,
1.829298,2.541504,3.210797,3.043174,3.539329,4.60578,
1.828895,2.54017,3.20742,3.04339,3.539446,4.606591,
1.828508,2.538509,3.203748,3.043325,3.539453,4.607373,
1.828291,2.536646,3.199813,3.043308,3.539414,4.608459,
1.827997,2.53502,3.196107,3.04331,3.539428,4.609489,
1.827852,2.533191,3.192054,3.043323,3.539442,4.610669,
1.827886,2.531004,3.187467,3.043306,3.539402,4.611908,
1.827955,2.529075,3.183083,3.043197,3.539336,4.613216,
1.827986,2.526813,3.178335,3.04328,3.539344,4.614666,
1.827911,2.524165,3.17314,3.043372,3.539405,4.616275,
1.828547,2.51883,3.162546,3.043278,3.539482,4.619809,
1.828952,2.515446,3.156235,3.043275,3.539559,4.621697,
1.82953,2.512463,3.150508,3.04318,3.539525,4.623593,
1.829951,2.508787,3.143878,3.043283,3.539575,4.625689,
1.830634,2.504435,3.136376,3.04324,3.539582,4.627766,
1.831379,2.500839,3.129717,3.043255,3.539604,4.629794,
1.832262,2.496561,3.122375,3.04327,3.539628,4.631724,
1.833355,2.491674,3.114168,3.043358,3.539697,4.633661,
1.834395,2.487084,3.106307,3.04341,3.539564,4.635451,
1.836131,2.482303,3.098229,3.043144,3.539574,4.637338,
1.837734,2.477103,3.08963,3.043158,3.539564,4.639275,
1.839474,2.472226,3.081313,3.043352,3.539626,4.641398,
1.841346,2.466988,3.072679,3.043343,3.539667,4.643313,
1.843422,2.461036,3.063251,3.043468,3.539643,4.64515,
1.845687,2.455475,3.054097,3.043421,3.539775,4.647326,
1.848229,2.449482,3.044439,3.043372,3.53979,4.649173,
1.850824,2.442914,3.034104,3.043421,3.539803,4.651117,
1.853596,2.436478,3.023869,3.043394,3.539649,4.652888,
1.856269,2.429859,3.013625,3.043285,3.539636,4.65492,
1.859127,2.422516,3.002427,3.043249,3.539625,4.657221,
1.861861,2.415743,2.992135,3.043137,3.53951,4.659268,
1.864493,2.408677,2.98161,3.043171,3.539585,4.6618,
1.867288,2.401445,2.970873,3.042961,3.539554,4.664187,
1.870125,2.394783,2.960721,3.042769,3.539427,4.666796,
1.872881,2.388016,2.950453,3.042937,3.539417,4.669472,
1.875573,2.381217,2.940411,3.043126,3.539469,4.672546,
1.878155,2.374656,2.930627,3.04316,3.539398,4.675585,
1.881007,2.368241,2.921101,3.042815,3.539392,4.67888,
1.883412,2.361739,2.911521,3.042711,3.539319,4.682374,
1.885815,2.355511,2.902201,3.042866,3.539459,4.686017,
1.887821,2.34895,2.892784,3.043082,3.539461,4.689898,
1.889865,2.342453,2.88338,3.04319,3.539426,4.693685,
1.892161,2.336389,2.874253,3.043153,3.539421,4.697997,
1.894331,2.330353,2.865321,3.043165,3.539416,4.702368,
1.896452,2.324821,2.856843,3.043177,3.539385,4.70684,
1.898817,2.319718,2.848731,3.043054,3.539351,4.711415,
1.900932,2.31462,2.840858,3.043177,3.539372,4.71619,
1.902887,2.310248,2.833693,3.043223,3.53941,4.721109,
1.90524,2.306301,2.826832,3.043275,3.539563,4.726207,
1.907236,2.30254,2.820377,3.043315,3.539607,4.731343,
1.908993,2.29904,2.81416,3.04338,3.539651,4.736643,
1.911062,2.295748,2.808005,3.043259,3.539602,4.741795,
1.913175,2.293112,2.802542,3.043047,3.539583,4.747173,
1.915077,2.290267,2.796704,3.043089,3.539629,4.752717,
1.916804,2.287645,2.791071,3.043193,3.539639,4.758137,
1.918217,2.284991,2.785479,3.043271,3.539687,4.763635,
1.919569,2.282341,2.779843,3.043346,3.539653,4.768988,
1.92063,2.279777,2.774324,3.043333,3.539621,4.774446,
1.921392,2.277257,2.76916,3.04334,3.539577,4.779896,
1.922111,2.274949,2.763994,3.043295,3.539588,4.785324,
1.922624,2.272868,2.759267,3.043147,3.539403,4.790378,
1.923074,2.270951,2.75471,3.043183,3.53939,4.795727,
1.923534,2.269306,2.750466,3.043239,3.539342,4.801101,
1.923567,2.26777,2.746697,3.043152,3.539277,4.806485,
1.923471,2.266721,2.743874,3.043143,3.539258,4.811956,
1.923338,2.265592,2.740931,3.043226,3.53926,4.817487,
1.923307,2.264856,2.738445,3.04317,3.539449,4.823226,
1.922826,2.263864,2.736156,3.043229,3.539426,4.828709,
1.922185,2.2631,2.734104,3.043222,3.539414,4.834314,
1.921235,2.262183,2.731966,3.04338,3.539553,4.840122,
1.920454,2.261705,2.730518,3.043122,3.539501,4.84548,
1.919647,2.261018,2.728701,3.043185,3.539528,4.850844,
1.918293,2.260584,2.72721,3.043029,3.539456,4.856026,
1.916901,2.260124,2.725905,3.043117,3.539474,4.861047,
1.915686,2.259737,2.724459,3.043131,3.539518,4.865886,
1.914863,2.259835,2.723414,3.043069,3.539459,4.870699,
1.913877,2.260321,2.723035,3.043056,3.539456,4.875137,
1.913315,2.261188,2.722539,3.043127,3.539494,4.87946,
1.913131,2.262655,2.72257,3.04311,3.539469,4.883469,
1.912983,2.263941,2.722657,3.042949,3.539209,4.887267,
1.913051,2.26579,2.722864,3.042784,3.539133,4.890594,
1.913093,2.267706,2.723387,3.042797,3.539198,4.894453,
1.913024,2.269662,2.72405,3.042864,3.539175,4.897793,
1.913184,2.271868,2.724887,3.042768,3.539386,4.900817,
1.912683,2.273987,2.725834,3.04293,3.539454,4.903556,
1.912746,2.276286,2.726703,3.042814,3.539626,4.906451,
1.912724,2.278691,2.727528,3.042805,3.539633,4.908696,
1.912496,2.281282,2.728381,3.04296,3.539407,4.910476,
1.912277,2.283698,2.729296,3.043055,3.539443,4.912422,
1.912077,2.286242,2.729951,3.042985,3.539399,4.914102,
1.912025,2.288926,2.730685,3.043118,3.539512,4.915962,
1.911737,2.291402,2.731142,3.04315,3.539505,4.917399,
1.911484,2.293955,2.731422,3.043158,3.539483,4.918781,
1.910995,2.296536,2.731754,3.043164,3.539435,4.920017,
1.910534,2.299124,2.732271,3.043135,3.539424,4.921363,
1.910024,2.301574,2.732269,3.043321,3.539417,4.922642,
1.909337,2.303969,2.732431,3.043352,3.539613,4.924078,
1.908605,2.306067,2.732643,3.043331,3.539568,4.925227,
1.907593,2.308204,2.73265,3.043296,3.539533,4.926618,
1.906307,2.309993,2.732786,3.043408,3.539651,4.927835,
1.905062,2.311579,2.732575,3.043375,3.539592,4.929095,
1.903757,2.313323,2.732577,3.043367,3.539582,4.930243,
1.9023,2.315049,2.732701,3.04322,3.539463,4.931288,
1.900853,2.316677,2.733004,3.043247,3.539454,4.932475,
1.89924,2.318211,2.733238,3.04326,3.539441,4.933649,
1.897407,2.319519,2.73347,3.043196,3.539375,4.934674,
1.895593,2.320714,2.733903,3.042933,3.5393,4.935641,
1.893688,2.321842,2.734187,3.04294,3.539294,4.936661,
1.891728,2.323231,2.735011,3.04297,3.539356,4.937729,
1.890005,2.324998,2.735972,3.042981,3.53934,4.938752,
1.888627,2.327162,2.73719,3.042921,3.539304,4.939659,
1.887494,2.329964,2.739169,3.042901,3.53931,4.940528,
1.886494,2.332879,2.740999,3.042991,3.539363,4.941483,
1.885772,2.335634,2.742361,3.042997,3.53937,4.942488,
1.88446,2.338358,2.743748,3.042969,3.539644,4.943309,
1.883215,2.340552,2.744647,3.043031,3.539702,4.943919,
1.881562,2.342128,2.744487,3.043087,3.539752,4.944326,
1.880092,2.343535,2.744315,3.043062,3.539613,4.945002,
1.877982,2.344017,2.743191,3.042896,3.539556,4.945504,
1.87545,2.343708,2.741145,3.042891,3.539579,4.945865,
1.873161,2.343643,2.739526,3.042817,3.539534,4.946262,
1.870479,2.342326,2.736414,3.042942,3.539537,4.946841,
1.868032,2.341411,2.733309,3.042985,3.539573,4.947349,
1.865526,2.340497,2.73009,3.042846,3.539362,4.947382,
1.863361,2.33922,2.725962,3.042873,3.539328,4.947655,
1.861242,2.338399,2.722205,3.042955,3.539348,4.947938,
1.859213,2.33749,2.717933,3.042998,3.539386,4.948009,
1.857195,2.336513,2.713291,3.042957,3.539368,4.948023,
1.855093,2.335684,2.708488,3.042858,3.539289,4.947837,
1.852861,2.334692,2.703465,3.043052,3.539411,4.947795,
1.850525,2.333368,2.698118,3.043092,3.539429,4.947576,
1.848044,2.332082,2.692412,3.043138,3.539401,4.947197,
1.84534,2.330521,2.686762,3.043237,3.539466,4.94665,
1.842744,2.329034,2.680662,3.043316,3.539558,4.945995,
1.84027,2.327524,2.674227,3.043279,3.53954,4.945078,
1.83715,2.325723,2.667904,3.043241,3.539631,4.944057,
1.834336,2.323956,2.661316,3.043088,3.539652,4.942881,
1.83182,2.322007,2.654508,3.042943,3.539408,4.941606,
1.828784,2.319748,2.647713,3.043051,3.539584,4.940483,
1.825889,2.317415,2.640569,3.043152,3.539512,4.939044,
1.822994,2.315079,2.633374,3.043252,3.539517,4.93759,
1.819919,2.312515,2.626269,3.043296,3.539667,4.936431,
1.816823,2.309834,2.618912,3.043269,3.539659,4.934939,
1.813628,2.306748,2.611356,3.043235,3.539671,4.93328,
1.810435,2.303733,2.603652,3.043154,3.539598,4.931517,
1.807046,2.300313,2.59569,3.043144,3.539558,4.929879,
1.803573,2.296937,2.5876,3.043187,3.539649,4.928065,
1.799764,2.293492,2.579718,3.0431,3.539419,4.925962,
1.796023,2.289909,2.571629,3.043121,3.539396,4.924055,
1.792032,2.286124,2.563629,3.043117,3.539508,4.922394,
1.787831,2.282156,2.555535,3.043171,3.539431,4.920423,
1.783596,2.277959,2.547339,3.043172,3.539449,4.918488,
1.77918,2.273514,2.538913,3.043193,3.539552,4.916551,
1.77406,2.268642,2.530356,3.043288,3.539545,4.91427,
1.768948,2.263427,2.521633,3.043311,3.539602,4.912231,
1.763399,2.25806,2.512865,3.043423,3.539342,4.910005,
1.75786,2.252471,2.504412,3.043368,3.539646,4.908195,
1.751994,2.24656,2.495619,3.04339,3.539684,4.906314,
1.746067,2.240354,2.486475,3.043306,3.539429,4.904187,
1.740285,2.233704,2.477624,3.043204,3.539624,4.902516,
1.734099,2.227028,2.468969,3.043193,3.539618,4.900913,
1.727738,2.21955,2.460037,3.043187,3.539542,4.899364,
1.721472,2.212528,2.451734,3.043088,3.53953,4.897749,
1.715016,2.205348,2.443484,3.043122,3.539587,4.896305,
1.708737,2.19691,2.435287,3.043039,3.53964,4.894925,
1.702418,2.189351,2.427948,3.042997,3.539527,4.893571,
1.696339,2.18148,2.420176,3.042951,3.539474,4.892298,
1.690491,2.173234,2.412967,3.042994,3.539583,4.891251,
1.684767,2.165488,2.406413,3.042918,3.539592,4.890146,
1.679098,2.157562,2.400022,3.042965,3.539607,4.889084,
1.673529,2.149738,2.393715,3.042976,3.539531,4.887899,
1.668462,2.142077,2.387879,3.042988,3.539551,4.88672,
1.663738,2.134299,2.381887,3.042993,3.539523,4.885455,
1.658952,2.126641,2.376051,3.043058,3.539586,4.884074,
1.654733,2.119206,2.370032,3.042992,3.539582,4.882596,
1.650565,2.111642,2.363931,3.042956,3.539545,4.880906,
1.645467,2.102695,2.357414,3.043087,3.539724,4.879345,
1.641128,2.095625,2.351882,3.043127,3.539444,4.87735,
1.637096,2.088967,2.346676,3.043173,3.539456,4.875576,
1.633084,2.083173,2.342123,3.043327,3.539693,4.874041,
1.629408,2.076608,2.336619,3.043375,3.539703,4.872079,
1.625587,2.071034,2.332167,3.043402,3.539735,4.870033,
1.621792,2.066056,2.327678,3.043421,3.539649,4.867561,
1.618193,2.060166,2.322213,3.043454,3.539666,4.865131,
1.614404,2.05483,2.317492,3.043606,3.539765,4.862712,
1.611148,2.049952,2.312411,3.043338,3.53957,4.860025,
1.607905,2.043979,2.30629,3.043338,3.539608,4.857237,
1.604642,2.038719,2.301084,3.043329,3.539567,4.854572,
1.601675,2.033674,2.29566,3.043248,3.539481,4.8516,
1.598655,2.028323,2.290045,3.043216,3.539506,4.848804,
1.595482,2.023708,2.285272,3.04315,3.539501,4.845906,
1.592589,2.019416,2.280455,3.043111,3.539453,4.842944,
1.589801,2.014845,2.275543,3.043143,3.539475,4.840084,
1.587123,2.010641,2.270972,3.042999,3.539393,4.837077,
1.58477,2.006899,2.26682,3.043147,3.539453,4.834146,
1.582332,2.002799,2.262557,3.043265,3.539484,4.831087,
1.580102,1.999209,2.258372,3.043234,3.539463,4.828122,
1.57807,1.995286,2.254227,3.043226,3.53945,4.82502,
1.576124,1.991739,2.250337,3.043077,3.539447,4.822126,
1.574175,1.988149,2.246318,3.043067,3.53941,4.819275,
1.572326,1.984257,2.242198,3.043008,3.53932,4.816197,
1.570612,1.980947,2.238585,3.043025,3.539281,4.813388,
1.568986,1.977297,2.234938,3.042812,3.539258,4.810552,
1.567416,1.973608,2.230912,3.042729,3.539474,4.80754,
1.56587,1.970316,2.227488,3.042699,3.539453,4.805022,
1.564495,1.966889,2.223844,3.042916,3.539541,4.802135,
1.563374,1.963559,2.220208,3.042977,3.539535,4.799543,
1.561671,1.960391,2.217253,3.042974,3.539521,4.796731,
1.560257,1.95717,2.213851,3.043028,3.539507,4.794087,
1.55911,1.953998,2.210473,3.042858,3.539575,4.791539,
1.557854,1.951097,2.207311,3.042901,3.539445,4.788874,
1.556587,1.948105,2.203937,3.042963,3.539437,4.786351,
1.55551,1.945111,2.200549,3.043051,3.53958,4.784071,
1.554354,1.942568,2.197435,3.043078,3.539458,4.781672,
1.553089,1.939875,2.194188,3.042998,3.539409,4.77933,
1.552055,1.937141,2.190749,3.042986,3.539439,4.777219,
1.550804,1.934662,2.187656,3.043061,3.539427,4.774876,
1.549645,1.932188,2.184242,3.042963,3.539371,4.772663,
1.548146,1.929537,2.180835,3.043051,3.539473,4.770386,
1.546965,1.927349,2.177737,3.043142,3.539502,4.768284,
1.545654,1.925044,2.174391,3.04298,3.539289,4.766049,
1.544678,1.922785,2.17096,3.042774,3.539094,4.763877,
1.543504,1.920939,2.167595,3.042929,3.539056,4.761394,
1.54187,1.919362,2.164354,3.042933,3.539315,4.759083,
1.540444,1.917544,2.161079,3.04293,3.539326,4.756797,
1.539178,1.916309,2.158017,3.042812,3.539433,4.754345,
1.537766,1.91536,2.155455,3.043074,3.53947,4.751936,
1.535768,1.914283,2.152993,3.043,3.53951,4.749401,
1.534085,1.913707,2.150918,3.043193,3.539531,4.747217,
1.532421,1.913279,2.149184,3.043192,3.53959,4.74475,
1.529986,1.91282,2.147393,3.043094,3.539531,4.741983,
1.528249,1.912574,2.14552,3.043202,3.539536,4.739549,
1.526258,1.912699,2.144536,3.043235,3.539613,4.737229,
1.524473,1.912666,2.143319,3.043327,3.53963,4.735265,
1.522475,1.913024,2.142726,3.043374,3.539592,4.732936,
1.520399,1.913438,2.142174,3.043375,3.539566,4.730821,
1.517935,1.913556,2.142452,3.043459,3.539649,4.729355,
1.51523,1.913971,2.143011,3.043405,3.539639,4.727805,
1.51262,1.914206,2.143106,3.043456,3.539687,4.726284,
1.510085,1.914544,2.144182,3.043349,3.539567,4.725212,
1.507698,1.915111,2.144746,3.04322,3.539531,4.723632,
1.505026,1.915499,2.145678,3.043302,3.539583,4.722755,
1.502237,1.915567,2.14692,3.043409,3.539585,4.721944,
1.499589,1.916017,2.148235,3.043308,3.539575,4.720924,
1.497116,1.916213,2.149637,3.043232,3.539567,4.720107,
1.493964,1.916134,2.151373,3.043282,3.539573,4.719278,
1.49099,1.916038,2.153467,3.043123,3.53955,4.718982,
1.488063,1.915497,2.155207,3.04314,3.539541,4.718615,
1.48468,1.914842,2.157144,3.043182,3.539557,4.718197,
1.481684,1.914459,2.158902,3.043096,3.539529,4.717679,
1.47869,1.914014,2.160924,3.043228,3.539577,4.71752,
1.475795,1.913234,2.163348,3.043237,3.539587,4.717609,
1.472967,1.91224,2.165198,3.043446,3.539626,4.717146,
1.470585,1.910989,2.16699,3.043147,3.539565,4.71698,
1.468492,1.909706,2.16937,3.0431,3.539564,4.717093,
1.466532,1.90822,2.171435,3.043192,3.539652,4.717329,
1.464748,1.906588,2.173069,3.04314,3.539652,4.717289,
1.462769,1.904555,2.174734,3.043093,3.539525,4.71733,
1.460848,1.902319,2.17621,3.043175,3.539565,4.717555,
1.459006,1.899758,2.176969,3.043193,3.539561,4.717478,
1.457309,1.896756,2.177656,3.043113,3.53958,4.717638,
1.45569,1.893169,2.1775,3.043196,3.539604,4.717329,
1.454359,1.889439,2.176969,3.043246,3.539607,4.717164,
1.452493,1.885293,2.176125,3.043186,3.539432,4.716209,
1.450735,1.881299,2.175439,3.043092,3.539391,4.715574,
1.449095,1.877049,2.174152,3.043045,3.539375,4.714878,
1.447297,1.872496,2.172266,3.04309,3.53946,4.713369,
1.445562,1.867592,2.170058,3.043042,3.53947,4.711917,
1.443784,1.862896,2.16777,3.04311,3.539503,4.71032,
1.442345,1.857725,2.164527,3.043182,3.539637,4.707907,
1.440899,1.852226,2.162469,3.043083,3.53952,4.704409,
1.438115,1.840815,2.156171,3.043077,3.539451,4.702551,
1.436933,1.834542,2.152609,3.043015,3.539445,4.700208,
1.435717,1.827996,2.149956,3.043117,3.539487,4.698942,
1.434557,1.820969,2.146749,3.043048,3.539577,4.697496,
1.433487,1.813633,2.14263,3.043057,3.539556,4.695084,
1.432342,1.806009,2.139299,3.043036,3.539562,4.693552,
1.43117,1.797729,2.135675,3.042991,3.539596,4.69219,
1.430035,1.78932,2.131486,3.043108,3.539584,4.690226,
1.428747,1.780785,2.128066,3.043245,3.539645,4.689203,
1.427486,1.771812,2.124433,3.04322,3.539669,4.688139,
1.426049,1.762487,2.120342,3.043179,3.539603,4.686685,
1.424419,1.752999,2.116778,3.043158,3.539592,4.686037,
1.423081,1.743086,2.11277,3.043242,3.539566,4.685112,
1.421466,1.732753,2.107544,3.043269,3.539582,4.68302,
1.419729,1.722275,2.103466,3.043133,3.539515,4.682152,
1.417584,1.710976,2.098722,3.042973,3.539493,4.680976,
1.415312,1.699706,2.093565,3.04301,3.539494,4.679327,
1.412868,1.687966,2.089287,3.042949,3.539471,4.678584,
1.410382,1.675928,2.08571,3.043079,3.539464,4.678848,
1.407579,1.663272,2.080666,3.043038,3.539477,4.677509,
1.404818,1.650403,2.074963,3.043155,3.539527,4.675652,
1.401766,1.637016,2.069245,3.043005,3.539374,4.673469,
1.398968,1.623467,2.050397,3.043044,3.539374,4.658395,
1.396089,1.609361,2.044348,3.04299,3.539321,4.65624,
1.393581,1.594974,2.037872,3.042906,3.539324,4.654148,
1.390894,1.580583,2.03125,3.04297,3.539359,4.65176,
1.38766,1.566105,2.02506,3.042993,3.539346,4.649186,
1.385533,1.551285,2.018469,3.043029,3.539567,4.647269,
1.3834,1.536595,2.011762,3.043076,3.539608,4.644615,
1.381212,1.522153,2.005654,3.043174,3.539644,4.642098,
1.379736,1.507125,1.99902,3.043156,3.539673,4.639535,
1.378718,1.49186,1.99216,3.043329,3.539666,4.636651,
1.377556,1.476385,1.985526,3.043329,3.539662,4.633838,
1.376688,1.460745,1.978679,3.043355,3.5397,4.631027,
1.376246,1.44584,1.972155,3.043308,3.539661,4.628122,
1.375874,1.431686,1.966079,3.043442,3.539731,4.625391,
1.375775,1.417986,1.960684,3.043424,3.53965,4.622345,
1.375952,1.404734,1.955498,3.04337,3.539575,4.619207,
1.376123,1.391544,1.950462,3.043297,3.539422,4.61604,
1.377044,1.377964,1.945367,3.043127,3.539476,4.61297,
1.378218,1.364653,1.940012,3.04312,3.539421,4.609716,
1.379586,1.3517,1.935248,3.043018,3.539424,4.606415,
1.380967,1.338919,1.930694,3.042974,3.539443,4.603103,
1.382434,1.326778,1.926449,3.042975,3.539441,4.599614,
1.38427,1.314974,1.922318,3.042948,3.539477,4.596199,
1.385901,1.303813,1.918843,3.042661,3.539356,4.592569,
1.387572,1.292714,1.915128,3.042684,3.539376,4.589093,
1.389274,1.28214,1.911877,3.042762,3.539345,4.585709,
1.390764,1.272398,1.909376,3.042693,3.539431,4.582362,
1.392148,1.26295,1.907338,3.042635,3.539401,4.579434,
1.393448,1.253862,1.905453,3.042783,3.539497,4.576576,
1.394765,1.245019,1.904142,3.042952,3.539621,4.574321,
1.396062,1.236674,1.903133,3.042893,3.539616,4.57211,
1.397316,1.228498,1.902447,3.042881,3.539561,4.570141,
1.398271,1.220797,1.902511,3.042875,3.539515,4.56813,
1.399228,1.213193,1.902725,3.042813,3.539361,4.56617,
1.400051,1.206159,1.903488,3.042748,3.539326,4.564397,
1.400495,1.199617,1.904429,3.040765,3.539224,4.562377,
1.40135,1.19309,1.905036,3.040464,3.539314,4.560197,
1.402819,1.186423,1.905272,3.040268,3.539248,4.557952,
1.40417,1.180192,1.905775,3.041217,3.539189,4.555608,
1.405162,1.174238,1.906621,3.042397,3.539266,4.553358,
1.406058,1.168337,1.907593,3.042578,3.539361,4.551349,
1.407323,1.162392,1.908875,3.042939,3.539609,4.549639,
1.408764,1.156614,1.907962,3.043071,3.5396,4.545901,
1.410279,1.150905,1.908175,3.043126,3.539632,4.543804,
1.411987,1.145424,1.907647,3.043198,3.539664,4.541751,
1.413451,1.140154,1.907347,3.043193,3.539637,4.539449,
1.414877,1.134852,1.906699,3.04315,3.539567,4.537462,
1.416144,1.130024,1.905924,3.043178,3.539562,4.535791,
1.41753,1.125379,1.905365,3.043223,3.539549,4.533922,
1.419092,1.120897,1.904806,3.043343,3.539596,4.532509,
1.420525,1.116771,1.903694,3.04337,3.539705,4.531085,
1.422041,1.112847,1.902881,3.04326,3.539683,4.529426,
1.423517,1.109063,1.902081,3.043206,3.539702,4.527949,
1.42442,1.105757,1.901935,3.043324,3.539715,4.526499,
1.425472,1.102697,1.901623,3.043048,3.539651,4.525158,
1.426559,1.099521,1.901247,3.043008,3.539766,4.524052,
1.428292,1.096481,1.900816,3.042997,3.539512,4.522671,
1.429695,1.093601,1.900497,3.043214,3.539647,4.521504,
1.430844,1.090746,1.900088,3.04338,3.539752,4.520223,
1.431983,1.088181,1.899716,3.04337,3.539673,4.518452,
1.432668,1.086209,1.899936,3.043427,3.539748,4.516814,
1.433441,1.084258,1.899812,3.043476,3.539627,4.514819,
1.43437,1.08249,1.899861,3.043435,3.539607,4.512973,
1.435613,1.080461,1.899542,3.043344,3.53955,4.510752,
1.436894,1.078628,1.899594,3.043383,3.53968,4.508622,
1.437942,1.077414,1.900367,3.043419,3.539693,4.506674,
1.438845,1.076428,1.901293,3.043346,3.539679,4.504538,
1.439654,1.075776,1.902523,3.043162,3.539515,4.502299,
1.440602,1.075493,1.903735,3.043132,3.539505,4.499928,
1.441605,1.075367,1.905212,3.04298,3.539465,4.49755,
1.442565,1.075305,1.906755,3.042967,3.539521,4.495259,
1.443555,1.075362,1.90839,3.043068,3.539527,4.493022,
1.444331,1.075819,1.910383,3.043162,3.539524,4.490725,
1.445151,1.07645,1.912515,3.043215,3.539446,4.488299,
1.445483,1.077944,1.915111,3.042993,3.53938,4.485813,
1.445933,1.079196,1.917783,3.04277,3.539085,4.483452,
1.446599,1.080546,1.92044,3.042847,3.539129,4.481211,
1.447174,1.082163,1.923197,3.042842,3.539081,4.478814,
1.44765,1.084702,1.926519,3.043054,3.539323,4.47625,
1.447647,1.087574,1.930127,3.04303,3.539336,4.473685,
1.44791,1.090768,1.933994,3.043038,3.539303,4.471145,
1.448655,1.09417,1.937735,3.043067,3.539385,4.468386,
1.449126,1.098182,1.9418,3.043192,3.539396,4.465455,
1.449869,1.102303,1.94601,3.043246,3.539413,4.462574,
1.450573,1.10698,1.950422,3.043252,3.539414,4.459543,
1.45173,1.112128,1.954936,3.043309,3.539582,4.456641,
1.452898,1.11741,1.95935,3.043296,3.53961,4.453067,
1.454477,1.122762,1.963776,3.04332,3.539616,4.449666,
1.456283,1.128434,1.968099,3.043209,3.539498,4.445694,
1.458121,1.13432,1.972619,3.043305,3.539507,4.441801,
1.459904,1.140464,1.977362,3.043175,3.539508,4.437977,
1.461751,1.147225,1.982281,3.04333,3.539624,4.433962,
1.463313,1.154233,1.987143,3.043152,3.539679,4.429243,
1.464834,1.161727,1.992657,3.043119,3.53969,4.424942,
1.466745,1.169394,1.998002,3.043043,3.539563,4.420012,
1.468276,1.177564,2.003785,3.043216,3.539562,4.414989,
1.469621,1.186224,2.009937,3.04321,3.539522,4.409865,
1.470952,1.195247,2.016391,3.043213,3.539563,4.404521,
1.471975,1.204495,2.022902,3.042358,3.539576,4.398897,
1.472879,1.214292,2.030378,3.042326,3.539522,4.393811,
1.473765,1.224364,2.038147,3.042272,3.539574,4.388377,
1.474398,1.234719,2.045761,3.042174,3.539564,4.382096,
1.474749,1.245777,2.054597,3.042069,3.539568,4.376398,
1.47506,1.257244,2.064033,3.042019,3.539503,4.370396,
1.475407,1.268981,2.07363,3.041891,3.539531,4.364456,
1.475516,1.281077,2.084095,3.041863,3.539545,4.358732,
1.475824,1.29319,2.094496,3.041621,3.539484,4.352551,
1.475937,1.305477,2.105244,3.0416,3.539493,4.346556,
1.47554,1.318218,2.116591,3.041524,3.53947,4.340441,
1.475385,1.330997,2.127357,3.041613,3.53963,4.333956,
1.474939,1.344092,2.140008,3.041698,3.53964,4.329167,
1.474481,1.357519,2.151429,3.041602,3.539693,4.323073,
1.473928,1.371494,2.163057,3.04157,3.539628,4.316598,
1.473572,1.384767,2.174253,3.04149,3.539594,4.310518,
1.472939,1.398783,2.185975,3.041467,3.5396,4.304724,
1.472529,1.412694,2.197574,3.041413,3.539559,4.298853,
1.472018,1.426546,2.209304,3.041259,3.539573,4.292787,
1.47106,1.440548,2.221425,3.0412,3.539511,4.287129,
1.470459,1.454413,2.233545,3.041085,3.53953,4.281924,
1.470019,1.467992,2.245424,3.040965,3.539536,4.276055,
1.469573,1.481496,2.257198,3.040973,3.539564,4.270534,
1.469327,1.494949,2.269009,3.040841,3.539447,4.264686,
1.469044,1.507793,2.279998,3.040857,3.539511,4.259274,
1.468897,1.520694,2.291189,3.040788,3.539514,4.254071,
1.469538,1.532719,2.301391,3.040895,3.539728,4.249663,
1.47041,1.544321,2.311148,3.040746,3.539745,4.244613,
1.471309,1.555637,2.32092,3.040661,3.539713,4.239926,
1.472582,1.566417,2.330056,3.040588,3.539725,4.235228,
1.473866,1.576965,2.339036,3.040528,3.539484,4.230136,
1.475522,1.587157,2.347723,3.040468,3.539448,4.225389,
1.477005,1.597035,2.35601,3.040262,3.539341,4.220386,
1.478365,1.607359,2.364685,3.040372,3.539552,4.215786,
1.480003,1.617292,2.373184,3.040393,3.53952,4.211041,
1.482255,1.627127,2.381315,3.040518,3.539579,4.206802,
1.485038,1.636899,2.389174,3.040176,3.539579,4.201473,
1.487398,1.64684,2.397564,3.040277,3.539675,4.196806,
1.490018,1.656301,2.405514,3.040332,3.539646,4.192199,
1.492719,1.665538,2.41284,3.040144,3.539664,4.186886,
1.495836,1.674209,2.419999,3.040356,3.539722,4.182092,
1.498644,1.682771,2.427194,3.040183,3.539494,4.176944,
1.501477,1.690904,2.433864,3.040172,3.539468,4.171726,
1.504313,1.698792,2.440531,3.040355,3.539493,4.166787,
1.50737,1.706445,2.447086,3.040419,3.539649,4.162153,
1.510609,1.713213,2.452493,3.040195,3.539617,4.156481,
1.513754,1.71973,2.458126,3.040172,3.539548,4.151358,
1.517033,1.725684,2.463372,3.040074,3.539528,4.146396,
1.52045,1.731459,2.468143,3.039946,3.539518,4.140822,
1.524253,1.737303,2.473278,3.040031,3.539495,4.135763,
1.527545,1.742828,2.478627,3.039794,3.539227,4.129957,
1.530663,1.748339,2.483886,3.039997,3.539252,4.125138,
1.534276,1.753922,2.489228,3.040158,3.539199,4.119961,
1.538072,1.7592,2.49444,3.040224,3.539236,4.114958,
1.54133,1.764246,2.499538,3.040061,3.539376,4.109817,
1.544836,1.768986,2.504435,3.040307,3.539351,4.104668,
1.548126,1.773614,2.509534,3.0402,3.539732,4.100237,
1.550524,1.777815,2.514319,3.040077,3.539837,4.094998,
1.553074,1.781568,2.518776,3.039929,3.539835,4.090023,
1.556284,1.785442,2.523595,3.0399,3.539874,4.085516,
1.55875,1.788651,2.527369,3.042524,3.539815,4.079474,
1.560514,1.791226,2.531222,3.042604,3.539887,4.074354,
1.5621,1.793578,2.535271,3.04264,3.539594,4.069147,
1.56366,1.796061,2.538715,3.042781,3.539582,4.062782,
1.564853,1.798279,2.542838,3.042858,3.539594,4.057484,
1.56607,1.800448,2.546759,3.04311,3.539753,4.051765,
1.567342,1.802665,2.551307,3.043088,3.539785,4.04665,
1.568515,1.804569,2.555584,3.043135,3.539793,4.041298,
1.569605,1.806158,2.559199,3.04299,3.539558,4.03456,
1.570832,1.808187,2.564034,3.043007,3.539512,4.029177,
1.571867,1.809919,2.568805,3.043033,3.539502,4.023824,
,,,,

1.573356,1.811559,2.576167,3.043034,3.53952,4.011614,
1.576111,1.815359,2.583214,3.042893,3.53946,4.006387,
1.577903,1.817576,2.591555,3.043067,3.539626,3.994021,
1.581083,1.821587,2.598616,3.043065,3.539655,3.987518,
1.583967,1.825444,2.609272,3.043078,3.539495,3.97461,
1.585082,1.82715,2.614839,3.043016,3.539461,3.968404,
1.589786,1.83346,2.636338,3.043032,3.53956,3.943063,
1.591679,1.836014,2.646605,3.043234,3.53973,3.929187,
1.592393,1.83753,2.652227,3.043216,3.53971,3.922903,
1.596172,1.842987,2.667818,3.04306,3.539706,3.90131,
1.598653,1.847026,2.686743,3.043319,3.539702,3.876061,
1.603072,1.856006,2.702692,3.043091,3.539594,3.862226,
1.603175,1.856545,2.703092,3.043338,3.539614,3.86216,
1.604406,1.859001,2.712518,3.043106,3.539642,3.848873,
1.60675,1.864361,2.721263,3.043034,3.539637,3.842125,
1.607809,1.866896,2.729815,3.043,3.539598,3.829661,
1.610162,1.872671,2.738578,3.043087,3.539505,3.8236,
1.611293,1.875419,2.745767,3.043104,3.539537,3.81036,
1.613676,1.881336,2.753741,3.043203,3.539566,3.805095,
1.615835,1.887056,2.762662,3.043285,3.539613,3.792732,
1.61698,1.89028,2.766679,3.043202,3.539582,3.786282,
1.621682,1.902717,2.785529,3.043137,3.539563,3.766338,
1.624318,1.909284,2.793802,3.043029,3.539451,3.755308,
1.627216,1.916602,2.803198,3.043094,3.539411,3.744581,
1.628613,1.92066,2.808735,3.04329,3.539506,3.739646,
1.633623,1.932271,2.824336,3.043382,3.539657,3.723912,
1.633561,1.931991,2.824715,3.043173,3.53944,3.717846,
1.636129,1.937542,2.832032,3.042995,3.539411,3.712913,
1.636922,1.939924,2.835691,3.043085,3.539381,3.707704,
1.638462,1.943136,2.842899,3.04299,3.539586,3.691472,
1.63996,1.945668,2.846673,3.04307,3.539658,3.684999,
1.640948,1.947044,2.849544,3.042981,3.539522,3.679488,
1.645113,1.95136,2.859764,3.043066,3.539687,3.656955,
1.647209,1.952273,2.863642,3.043089,3.539779,3.644224,
1.648004,1.952722,2.866132,3.043072,3.539758,3.638686,
1.650661,1.955814,2.87363,3.043187,3.539666,3.617821,
1.652038,1.958285,2.879252,3.043441,3.539715,3.603438,
1.652215,1.960663,2.884954,3.043282,3.539402,3.588158,
1.651542,1.960599,2.884763,3.043205,3.539405,3.587515,
1.651284,1.96147,2.888742,3.043172,3.539507,3.572479,
1.650604,1.963102,2.892006,3.043146,3.539506,3.56462,
1.650063,1.963509,2.895736,3.043117,3.539561,3.549558,
1.649166,1.964221,2.897372,3.043138,3.539554,3.540318,
1.648239,1.964894,2.900686,3.043187,3.539527,3.523559,
1.647924,1.964796,2.901733,3.043119,3.539548,3.514991,
1.647044,1.964577,2.905911,3.042953,3.539619,3.479851,
1.647341,1.964114,2.906895,3.043057,3.539555,3.461084,
1.647461,1.964096,2.907591,3.04306,3.53962,3.451638,
1.647688,1.963851,2.908813,3.043211,3.53958,3.432916,
1.647586,1.963873,2.908591,3.043231,3.539566,3.432786,
1.647504,1.963922,2.908985,3.043272,3.539743,3.423799,
1.646772,1.963686,2.908845,3.043318,3.539671,3.404936,
1.645463,1.963483,2.908081,3.04345,3.539689,3.386964,
1.644655,1.963264,2.907547,3.043399,3.53965,3.378221,
1.640798,1.962557,2.905203,3.043204,3.539693,3.34403,
1.6378,1.962135,2.903316,3.043322,3.539694,3.327612,
1.63409,1.961443,2.90092,3.043246,3.539517,3.311525,
1.632003,1.96102,2.899209,3.043249,3.539455,3.304645,
1.626831,1.959641,2.895261,3.043216,3.539485,3.291659,
1.626131,1.959234,2.89411,3.043133,3.539473,3.29234,
1.623437,1.958461,2.89115,3.043261,3.539589,3.280474,
1.617659,1.956653,2.887257,3.043236,3.539576,3.274525,
1.614505,1.955498,2.884733,3.04324,3.539539,3.268773,
1.611378,1.954437,2.881658,3.043277,3.539474,3.262163,
1.607952,1.952939,2.877681,3.043333,3.539585,3.249906,
1.600972,1.949575,2.871381,3.043168,3.539547,3.243261,
1.597373,1.947662,2.867873,3.04313,3.53953,3.237115,
1.593632,1.945546,2.864203,3.04284,3.539408,3.230944,
1.58969,1.943021,2.85947,3.042896,3.539402,3.218157,
1.582215,1.93763,2.850934,3.042904,3.539403,3.204811,
1.574612,1.931295,2.841637,3.043045,3.539407,3.198315,
1.570682,1.927979,2.836664,3.043063,3.539549,3.192317,
1.562793,1.921638,2.82691,3.042946,3.539576,3.180083,
1.551691,1.908307,2.807878,3.04296,3.539577,3.16184,
1.541896,1.891729,2.784915,3.042848,3.53943,3.144038,
1.536667,1.879173,2.768084,3.043087,3.53957,3.132268,
1.531786,1.866629,2.751062,3.043186,3.539748,3.121131,
1.527964,1.85267,2.733065,3.04299,3.539435,3.109869,
1.529761,1.851064,2.731961,3.043036,3.539447,3.109904,
1.528426,1.844474,2.723258,3.043045,3.539602,3.104039,
1.527371,1.838169,2.715292,3.043078,3.539623,3.098259,
1.527124,1.831173,2.706816,3.043238,3.539627,3.092257,
1.526685,1.82474,2.698742,3.043281,3.539653,3.085771,
1.526586,1.818474,2.691426,3.043187,3.53963,3.079859,
1.526688,1.811782,2.683714,3.043266,3.539643,3.073593,
1.526561,1.805438,2.676076,3.043314,3.539664,3.067022,
1.52697,1.799425,2.669979,3.043237,3.539607,3.060987,
1.527351,1.792987,2.662972,3.043255,3.539629,3.054561,
1.527836,1.786477,2.656187,3.042946,3.539444,3.047686,
1.528206,1.780166,2.650099,3.0429,3.539343,3.041181,
1.528894,1.77419,2.644194,3.042916,3.539346,3.034134,
1.529613,1.768328,2.638314,3.042963,3.53931,3.027148,
1.530288,1.762542,2.633204,3.043055,3.539306,3.020221,
1.531083,1.757154,2.627954,3.042851,3.539229,3.013076,
1.531753,1.75178,2.623048,3.043077,3.539314,3.006379,
1.53237,1.746465,2.618526,3.042915,3.539421,2.999207,
1.532933,1.741396,2.613969,3.04303,3.539399,2.99178,
1.533598,1.736257,2.609678,3.04296,3.539393,2.983548,
1.533902,1.731149,2.605623,3.042969,3.539398,2.976239,
1.534179,1.726374,2.601882,3.042845,3.539395,2.968389,
1.534556,1.721412,2.59814,3.042992,3.539382,2.960794,
1.534748,1.716385,2.594644,3.043072,3.539532,2.95356,
1.535145,1.711502,2.591025,3.043273,3.539544,2.945572,
1.535468,1.706617,2.587143,3.04331,3.539702,2.937404,
1.535951,1.701541,2.583177,3.043278,3.539691,2.929641,
1.536507,1.696896,2.579292,3.043173,3.539721,2.921715,
1.537094,1.692115,2.575319,3.043086,3.539687,2.913068,
1.537425,1.687177,2.571275,3.043031,3.539522,2.90521,
1.53787,1.682327,2.567269,3.043029,3.53948,2.897428,
1.538589,1.677494,2.563315,3.043009,3.539479,2.889711,
1.53919,1.672509,2.559084,3.042978,3.539444,2.882443,
1.539981,1.667407,2.554975,3.043206,3.539469,2.874775,
1.540804,1.662544,2.550613,3.043138,3.539408,2.867055,
1.541988,1.657703,2.54641,3.043031,3.539522,2.859919,
1.543185,1.652718,2.542136,3.043088,3.539546,2.852447,
1.544195,1.648001,2.537607,3.043267,3.539524,2.844997,
1.545458,1.643083,2.53313,3.043285,3.539702,2.837815,
1.546504,1.638093,2.528713,3.043408,3.539677,2.830537,
1.547457,1.633326,2.524245,3.043375,3.539645,2.823134,
1.548315,1.628466,2.519813,3.043374,3.539615,2.816309,
1.549092,1.623743,2.51563,3.043462,3.539668,2.809247,
1.550277,1.619055,2.511268,3.043525,3.539675,2.802504,
1.550858,1.614673,2.507473,3.043281,3.539656,2.796844,
1.551749,1.61035,2.503277,3.043322,3.5397,2.790423,
1.552768,1.606203,2.498795,3.043354,3.539701,2.784734,
1.553838,1.602011,2.494331,3.043,3.539522,2.779182,
1.554597,1.597806,2.490062,3.042901,3.539446,2.773531,
1.555084,1.593788,2.485664,3.042933,3.539459,2.768078,
1.555712,1.589861,2.481342,3.042874,3.539536,2.763875,
1.55603,1.586262,2.47741,3.042805,3.539586,2.759234,
1.556547,1.582523,2.472829,3.042853,3.539627,2.754664,
1.556938,1.578947,2.468519,3.042764,3.53952,2.749834,
1.557476,1.575609,2.464494,3.042882,3.53952,2.745619,
1.557926,1.572624,2.460366,3.042784,3.539483,2.741237,
1.558649,1.569503,2.456119,3.042763,3.539544,2.736811,
1.55914,1.566303,2.451708,3.042988,3.539587,2.732073,
1.559388,1.563297,2.447268,3.042923,3.539589,2.726799,
1.559431,1.560305,2.443024,3.042667,3.539441,2.721524,
1.559271,1.557304,2.439024,3.042696,3.539523,2.716641,
1.55897,1.554478,2.434597,3.042651,3.539484,2.711105,
1.558488,1.55145,2.430037,3.0426,3.539581,2.705572,
1.557867,1.548503,2.42586,3.042501,3.539558,2.700503,
1.557093,1.545598,2.421212,3.042517,3.539557,2.694536,
1.556445,1.542506,2.416595,3.042588,3.539564,2.68896,
1.555822,1.539509,2.411952,3.042426,3.539533,2.683147,
1.554953,1.536463,2.406896,3.042532,3.53958,2.676919,
1.554047,1.533374,2.402074,3.042462,3.539543,2.671398,
1.553039,1.530484,2.39719,3.042412,3.539561,2.66537,
1.551978,1.527572,2.391994,3.042396,3.539572,2.659183,
1.550917,1.52465,2.386992,3.042427,3.539568,2.65373,
1.54987,1.52176,2.381958,3.042441,3.539698,2.647676,
1.548801,1.519145,2.377067,3.042287,3.539565,2.64134,
1.547639,1.516259,2.372112,3.042336,3.53962,2.63561,
1.546256,1.513742,2.367191,3.042364,3.539599,2.629318,
1.544948,1.511279,2.36206,3.042237,3.539531,2.622904,
1.543701,1.508905,2.3572,3.04225,3.53961,2.617008,
1.542406,1.506466,2.352174,3.042202,3.539583,2.610718,
1.541119,1.50407,2.347075,3.042197,3.539502,2.604152,
1.53965,1.501481,2.342146,3.042172,3.539555,2.598454,
1.537887,1.499204,2.337142,3.042171,3.539567,2.591976,
1.536043,1.497067,2.332221,3.04228,3.539662,2.585466,
1.534162,1.494922,2.327258,3.042223,3.539639,2.579024,
1.532144,1.492805,2.322037,3.042189,3.539633,2.572191,
1.530066,1.490842,2.316809,3.042176,3.539481,2.565098,
1.52783,1.488768,2.311309,3.042284,3.539521,2.5583,
1.525375,1.487014,2.305789,3.042251,3.539534,2.551043,
1.52315,1.485271,2.300116,3.042163,3.539288,2.54334,
1.52066,1.483579,2.294266,3.042149,3.539597,2.535786,
1.517754,1.482192,2.2891,3.042303,3.539665,2.529679,
1.51495,1.480778,2.283053,3.042365,3.539686,2.521855,
1.512148,1.479457,2.276787,3.042573,3.539717,2.51394,
1.509685,1.478264,2.270874,3.042322,3.539599,2.506023,
1.507092,1.477409,2.264605,3.042379,3.539608,2.497576,
1.504922,1.476702,2.258311,3.042426,3.53959,2.489408,
1.50303,1.475946,2.251931,3.042275,3.539582,2.481025,
1.501432,1.475383,2.245328,3.042244,3.539521,2.472456,
1.500229,1.474972,2.238538,3.042375,3.539582,2.464398,
1.4991,1.474525,2.231632,3.042298,3.539584,2.455679,
1.498273,1.474044,2.224549,3.04241,3.539672,2.446816,
1.497656,1.473546,2.217358,3.042384,3.539556,2.438015,
1.497211,1.473367,2.210234,3.042147,3.539573,2.429126,
1.497037,1.472704,2.20275,3.042133,3.539523,2.420281,
1.496453,1.471755,2.195284,3.041866,3.53946,2.411266,
1.495312,1.470764,2.188054,3.041897,3.53945,2.403704,
1.494368,1.469604,2.180468,3.042153,3.53944,2.395087,
1.493462,1.468438,2.173064,3.042177,3.539444,2.386767,
1.492649,1.46692,2.165542,3.041944,3.5392,2.378351,
1.491944,1.465599,2.158138,3.042021,3.539192,2.370181,
1.490827,1.464072,2.15066,3.040071,3.539304,2.362364,
1.491717,1.462941,2.143159,3.041595,3.539512,2.354265,
1.492217,1.461484,2.135667,3.041498,3.539326,2.346694,
1.492921,1.459846,2.128297,3.042173,3.539441,2.339388,
1.493563,1.457877,2.12083,3.042336,3.539271,2.331875,
1.494133,1.456177,2.113801,3.042429,3.539265,2.324579,
1.49501,1.454019,2.106804,3.042791,3.539149,2.317779,
1.495836,1.452352,2.099883,3.043143,3.539407,2.311012,
1.496825,1.450348,2.092821,3.042994,3.539281,2.303959,
1.497665,1.448238,2.086087,3.043128,3.539246,2.298012,
1.498682,1.446228,2.07916,3.043284,3.539351,2.291751,
1.499682,1.44398,2.072431,3.043474,3.539505,2.286508,
1.500702,1.441577,2.065704,3.043554,3.539435,2.28104,
1.501611,1.439145,2.05871,3.043329,3.53944,2.27543,
1.502463,1.43672,2.051758,3.043471,3.539567,2.270299,
1.503729,1.433802,2.044431,3.043441,3.539604,2.265034,
1.504772,1.430563,2.036937,3.043193,3.539352,2.259778,
1.506247,1.427192,2.028907,3.043095,3.539309,2.2545,
1.507644,1.42361,2.02099,3.043172,3.539298,2.249629,
1.509252,1.420154,2.012586,3.043243,3.539439,2.24426,
1.511001,1.416421,2.004009,3.043335,3.539694,2.239261,
1.51274,1.41248,1.995304,3.043372,3.539675,2.233958,
1.514469,1.408458,1.986517,3.043146,3.539588,2.228626,
1.51644,1.404073,1.977274,3.043205,3.539592,2.223444,
1.518335,1.399618,1.968024,3.043079,3.539542,2.21811,
1.520323,1.395108,1.958744,3.043074,3.539545,2.212728,
1.522393,1.39039,1.949282,3.043315,3.539757,2.207261,
1.524733,1.385637,1.93983,3.043311,3.539761,2.202028,
1.527376,1.380749,1.930107,3.043419,3.539809,2.19663,
1.530086,1.375842,1.920306,3.043365,3.539732,2.191067,
1.533466,1.370933,1.910364,3.043277,3.539755,2.185848,
1.536969,1.365788,1.900492,3.043059,3.53964,2.180785,
1.541323,1.360292,1.890108,3.043024,3.539701,2.175918,
1.545489,1.354903,1.879854,3.043035,3.539701,2.170854,
1.549993,1.349771,1.869638,3.043209,3.539683,2.165811,
1.55459,1.344707,1.859523,3.043294,3.539778,2.160916,
1.559661,1.339803,1.849489,3.043205,3.53976,2.155882,
1.564912,1.334737,1.839486,3.043195,3.539645,2.150914,
1.570721,1.329668,1.829586,3.043029,3.539454,2.145653,
1.576399,1.324951,1.819951,3.04295,3.539432,2.140602,
1.582496,1.320057,1.810225,3.042801,3.539231,2.135262,
1.589016,1.31535,1.800699,3.042783,3.539249,2.129838,
1.595877,1.311155,1.791433,3.042947,3.539221,2.124387,
1.603318,1.307317,1.782694,3.042848,3.539189,2.11873,
1.611219,1.30372,1.774095,3.042835,3.539153,2.112931,
1.619526,1.300291,1.765183,3.04295,3.53915,2.107013,
1.627278,1.296433,1.756385,3.042681,3.539007,2.101207,
1.635357,1.292891,1.748005,3.042452,3.538878,2.095016,
1.643336,1.289804,1.739896,3.042352,3.538876,2.089111,
1.651463,1.287012,1.731972,3.042513,3.539217,2.082961,
1.659314,1.283784,1.724105,3.042457,3.539116,2.076582,
1.66713,1.280444,1.716058,3.042679,3.539106,2.070582,
1.67457,1.277294,1.707918,3.042833,3.539271,2.064363,
1.681879,1.274224,1.700321,3.043006,3.539304,2.057733,
1.68918,1.271205,1.692988,3.042794,3.539325,2.051315,
1.696914,1.268175,1.68556,3.042807,3.539196,2.044811,
1.704539,1.265523,1.678452,3.042778,3.539239,2.038207,
1.712574,1.262766,1.671624,3.04294,3.53925,2.031628,
1.720468,1.260647,1.66506,3.042945,3.539426,2.024786,
1.73564,1.256453,1.652634,3.042835,3.539625,2.011121,
1.743132,1.254545,1.646533,3.043038,3.539737,2.004207,
1.750396,1.252838,1.641224,3.042944,3.539613,1.996912,
1.758007,1.250996,1.636043,3.043207,3.539656,1.989668,
1.76552,1.24966,1.630742,3.043391,3.539721,1.982374,
1.77318,1.248285,1.625807,3.043436,3.539805,1.97489,
1.780994,1.246755,1.620918,3.043376,3.539829,1.967444,
1.788929,1.245484,1.61613,3.043504,3.539831,1.959812,
1.79672,1.244192,1.611231,3.043529,3.539697,1.951992,
1.804253,1.242792,1.606483,3.043342,3.539735,1.944375,
1.812127,1.241663,1.601642,3.043368,3.539734,1.936651,
1.819644,1.24053,1.596981,3.043435,3.539722,1.929018,
1.827288,1.239135,1.592369,3.04338,3.539743,1.921009,
1.834893,1.237868,1.587224,3.043519,3.539766,1.913277,
1.842101,1.236583,1.582132,3.043575,3.539825,1.905449,
1.849427,1.235262,1.576868,3.043709,3.539862,1.897482,
1.856466,1.234218,1.571293,3.043652,3.539854,1.889697,
1.863479,1.232989,1.565649,3.043732,3.539868,1.882236,
1.870578,1.231765,1.559809,3.043644,3.539873,1.874959,
1.877453,1.230675,1.553745,3.043621,3.539907,1.868157,
1.884405,1.229375,1.547366,3.043703,3.540113,1.861116,
1.891121,1.228319,1.541301,3.043572,3.540137,1.854319,
1.897934,1.227295,1.534863,3.04349,3.540074,1.847958,
1.905322,1.226471,1.52847,3.043475,3.539876,1.841098,
1.912742,1.226283,1.521675,3.04328,3.539896,1.834784,
1.920413,1.225884,1.515024,3.043248,3.539708,1.828396,
1.927778,1.225569,1.508437,3.043341,3.539674,1.822407,
1.935188,1.225427,1.501792,3.043232,3.539678,1.816418,
1.943007,1.225219,1.495564,3.043273,3.539696,1.810524,
1.950654,1.225593,1.48909,3.043157,3.539646,1.804941,
1.95898,1.226158,1.482918,3.043166,3.539608,1.799031,
1.967553,1.227086,1.4767,3.043021,3.539561,1.793339,
1.976735,1.228058,1.470458,3.043072,3.539683,1.787982,
1.985837,1.22949,1.464318,3.04316,3.53966,1.782576,
1.995353,1.231147,1.458775,3.043234,3.539692,1.777419,
2.004794,1.232952,1.452865,3.043222,3.539815,1.77239,
2.014551,1.234857,1.446922,3.043193,3.53982,1.767646,
2.024884,1.23678,1.441637,3.043155,3.539786,1.763215,
2.035091,1.238834,1.435775,3.043187,3.539715,1.758505,
2.045277,1.24079,1.42943,3.043039,3.539685,1.753853,
2.055277,1.242174,1.423481,3.042929,3.539644,1.749472,
2.065059,1.244011,1.417477,3.042911,3.539639,1.745141,
2.074989,1.24598,1.411849,3.042861,3.539635,1.740867,
2.085576,1.248074,1.406401,3.042854,3.539641,1.736938,
2.095841,1.250141,1.400656,3.042954,3.5398,1.733034,
2.106468,1.251933,1.394974,3.043201,3.539829,1.729081,
2.116609,1.253905,1.389827,3.043159,3.539792,1.725458,
2.12621,1.25624,1.384961,3.043088,3.539814,1.721583,
2.136213,1.258211,1.380112,3.043245,3.539832,1.717847,
2.145984,1.260428,1.375194,3.043347,3.539876,1.714607,
2.155716,1.262514,1.370365,3.04345,3.540102,1.711158,
2.164888,1.264317,1.365469,3.043082,3.540124,1.707756,
2.174244,1.26626,1.360582,3.043057,3.540134,1.704691,
2.183628,1.268234,1.355604,3.043059,3.540162,1.701654,
2.193151,1.269936,1.350703,3.04311,3.540177,1.698674,
2.20278,1.271558,1.345633,3.043088,3.540164,1.696494,
2.212054,1.286423,1.34056,3.042968,3.569509,1.693865,
2.221805,1.288519,1.335107,3.042998,3.570684,1.691215,
2.231466,1.290389,1.329782,3.043051,3.571813,1.689271,
2.240999,1.280513,1.324197,3.043061,3.544681,1.687059,
2.250373,1.281011,1.318448,3.042899,3.543932,1.684916,
2.259929,1.282164,1.31278,3.042911,3.543802,1.682757,
2.26934,1.281774,1.307214,3.0431,3.539514,1.680587,
2.278836,1.282584,1.301514,3.043072,3.539109,1.678334,
2.288228,1.282232,1.29575,3.0429,3.537894,1.676338,
2.29752,1.282911,1.289999,3.042786,3.53764,1.674191,
2.307053,1.282841,1.284138,3.042965,3.53678,1.67219,
2.316219,1.283235,1.278131,3.043001,3.5363,1.670265,
2.325608,1.284005,1.272108,3.043039,3.537401,1.668466,
2.335011,1.284319,1.26611,3.042956,3.536939,1.666472,
2.34437,1.284822,1.260227,3.042992,3.536604,1.664827,
2.353977,1.285676,1.254408,3.04313,3.537671,1.662954,
2.363385,1.286357,1.248529,3.042905,3.537608,1.661191,
2.373352,1.286851,1.242736,3.042979,3.537403,1.659618,
2.383436,1.287617,1.237028,3.043083,3.538246,1.657979,
2.394003,1.288585,1.231488,3.043351,3.538344,1.656344,
2.404984,1.289315,1.226069,3.043191,3.538173,1.654943,
2.415782,1.290284,1.220805,3.044062,3.538756,1.653092,
2.42715,1.29177,1.215589,3.044046,3.538954,1.651643,
2.438433,1.292772,1.211004,3.043912,3.53884,1.650513,
2.450195,1.293912,1.206431,3.044038,3.539327,1.649509,
2.462017,1.295398,1.201737,3.043929,3.539349,1.648238,
2.473868,1.296677,1.198202,3.043702,3.539312,1.647171,
2.485977,1.298575,1.194843,3.043779,3.539678,1.646127,
2.498508,1.300917,1.191713,3.043633,3.539793,1.645177,
2.510997,1.302691,1.188457,3.043501,3.539792,1.644571,
2.522673,1.304575,1.185101,3.043525,3.539835,1.64374,
2.534331,1.306896,1.182031,3.043458,3.539895,1.642761,
2.54578,1.309106,1.179011,3.043398,3.539943,1.642217,
2.556425,1.310852,1.175955,3.043325,3.539916,1.641309,
2.56715,1.312861,1.172724,3.043329,3.539772,1.640766,
2.577664,1.314831,1.169939,3.043301,3.53978,1.640064,
2.588099,1.316909,1.167511,3.043258,3.539809,1.63954,
2.598275,1.319269,1.165353,3.0431,3.539855,1.638794,
2.608412,1.321283,1.163755,3.043007,3.539759,1.638292,
2.61824,1.323295,1.162562,3.042983,3.539604,1.637381,
2.628018,1.325477,1.161758,3.043363,3.539578,1.636428,
2.637576,1.327878,1.161735,3.043221,3.539549,1.635726,
2.646987,1.330306,1.16183,3.043225,3.539504,1.634859,
2.656289,1.332573,1.162392,3.043338,3.539483,1.633806,
2.665478,1.334693,1.16333,3.043418,3.539521,1.633151,
2.674301,1.33659,1.164703,3.04336,3.539485,1.632129,
2.683332,1.338707,1.165991,3.043456,3.539542,1.631178,
2.692147,1.340487,1.167844,3.043597,3.539611,1.630428,
2.700876,1.342136,1.169726,3.0436,3.539679,1.629767,
2.709251,1.343358,1.172008,3.043515,3.53961,1.628636,
2.71787,1.344689,1.174302,3.043572,3.53966,1.627758,
2.725978,1.345677,1.176475,3.043582,3.539576,1.626853,
2.733531,1.346523,1.178986,3.043154,3.539552,1.625975,
2.74141,1.3471,1.181668,3.043259,3.539606,1.625411,
2.748849,1.347343,1.184009,3.043403,3.539705,1.625164,
2.756539,1.347786,1.186528,3.043426,3.539691,1.624313,
2.764098,1.347736,1.188452,3.0434,3.539692,1.624544,
2.771316,1.347729,1.190192,3.043288,3.539587,1.624185,
2.778386,1.347426,1.191718,3.043252,3.539593,1.623894,
2.785465,1.346887,1.193071,3.043296,3.539574,1.624035,
2.792007,1.346381,1.193688,3.043084,3.539606,1.624264,
2.798537,1.34552,1.194353,3.043009,3.539534,1.624519,
2.805158,1.344638,1.194934,3.043167,3.539592,1.624939,
2.81151,1.344007,1.194656,3.043275,3.539503,1.625188,
2.817926,1.343094,1.194617,3.043254,3.539524,1.625465,
2.824745,1.341997,1.194723,3.043331,3.539529,1.626019,
2.831428,1.341095,1.19422,3.043396,3.539482,1.626551,
2.837995,1.339961,1.193553,3.043325,3.539459,1.627037,
2.844703,1.338651,1.192763,3.043451,3.539475,1.627701,
2.851784,1.337515,1.192327,3.043344,3.539571,1.628744,
2.858955,1.336303,1.192043,3.043273,3.539557,1.629488,
2.866342,1.33494,1.191908,3.043206,3.539527,1.630297,
2.874237,1.333429,1.192235,3.043246,3.539627,1.631127,
2.881992,1.331799,1.192544,3.043324,3.53976,1.632041,
2.889763,1.330081,1.193102,3.043261,3.539776,1.632919,
2.897797,1.328124,1.194008,3.042952,3.53959,1.63368,
2.905639,1.326023,1.19466,3.04296,3.539604,1.634725,
2.913556,1.323916,1.195392,3.042938,3.539567,1.635812,
2.921494,1.321567,1.19602,3.043078,3.539578,1.637231,
2.928962,1.31892,1.196764,3.042986,3.539535,1.638214,
2.936244,1.316375,1.197283,3.043084,3.539549,1.639541,
2.943313,1.313689,1.197724,3.043219,3.539505,1.640874,
2.950038,1.311023,1.198724,3.043245,3.539513,1.642152,
2.956784,1.308414,1.200397,3.043115,3.539237,1.64312,
2.963734,1.306005,1.202567,3.043168,3.539356,1.644258,
2.970897,1.303397,1.20523,3.043156,3.539361,1.645435,
2.97838,1.300774,1.208547,3.043023,3.539283,1.646415,
2.985149,1.298152,1.211576,3.042888,3.539294,1.647476,
2.991695,1.295441,1.214754,3.042606,3.539231,1.648398,
2.997777,1.292724,1.217852,3.042693,3.539335,1.649359,
3.003838,1.290241,1.220897,3.042827,3.539348,1.650267,
3.009808,1.287677,1.224409,3.042956,3.53936,1.650987,
3.015683,1.285166,1.228256,3.043033,3.53953,1.651632,
3.021179,1.282818,1.231794,3.042953,3.539529,1.65223,
3.026618,1.280664,1.235462,3.043079,3.539624,1.652733,
3.031951,1.278594,1.239527,3.043116,3.539655,1.652824,
3.037053,1.276877,1.243126,3.04313,3.539603,1.653041,
3.042074,1.274993,1.247168,3.043219,3.53962,1.653225,
3.047024,1.273373,1.251022,3.043123,3.539628,1.653762,
3.05166,1.272131,1.254159,3.043319,3.539553,1.654228,
3.056288,1.270808,1.257751,3.043136,3.539343,1.654833,
3.060328,1.269627,1.261193,3.043126,3.539343,1.655362,
3.064827,1.269122,1.264112,3.043209,3.539292,1.656132,
3.069363,1.268667,1.267664,3.043149,3.53939,1.656879,
3.073843,1.268465,1.271127,3.043042,3.539074,1.657322,
3.077603,1.268449,1.273672,3.042875,3.539137,1.6583,
3.081574,1.268541,1.276355,3.042989,3.539252,1.659602,
3.085001,1.26864,1.278543,3.04304,3.539274,1.66106,
3.088685,1.269311,1.280544,3.043064,3.539268,1.66263,
3.092139,1.269967,1.282555,3.043041,3.53925,1.664154,
3.095947,1.271122,1.284382,3.043257,3.539448,1.666127,
3.099478,1.272282,1.286164,3.043291,3.539431,1.667827,
3.102983,1.273753,1.287778,3.043405,3.539474,1.669605,
3.106151,1.275252,1.289365,3.043473,3.53959,1.671352,
3.109476,1.27711,1.290807,3.043439,3.539627,1.673144,
3.112819,1.279028,1.292425,3.043508,3.539684,1.674874,
3.116113,1.281065,1.293868,3.043524,3.539726,1.676722,
3.119292,1.283495,1.295047,3.04364,3.539773,1.678426,
3.122333,1.285774,1.29621,3.043552,3.539694,1.680251,
3.125155,1.288088,1.297734,3.043562,3.539701,1.681708,
3.127646,1.290683,1.298584,3.043565,3.539751,1.683299,
3.130054,1.292905,1.299763,3.043407,3.539629,1.684847,
3.132442,1.295286,1.301326,3.043448,3.539602,1.686109,
3.134464,1.297568,1.302506,3.043183,3.539605,1.687625,
3.136585,1.299911,1.304002,3.043164,3.539582,1.688831,
3.138328,1.302136,1.30459,3.043188,3.539535,1.690375,
3.140217,1.304399,1.305534,3.043227,3.539516,1.69192,
3.141736,1.306727,1.305833,3.043175,3.539521,1.693586,
3.143187,1.309092,1.306489,3.043169,3.539438,1.694769,
3.14456,1.311211,1.306662,3.043104,3.539406,1.69658,
3.146049,1.31366,1.306814,3.04308,3.539405,1.698285,
3.147294,1.315989,1.307252,3.043035,3.539507,1.69973,
3.14882,1.318441,1.29909,3.043144,3.539518,1.707327,
3.14999,1.320687,1.301551,3.043248,3.539611,1.707073,
3.150981,1.322764,1.301589,3.043151,3.539443,1.708301,
3.15182,1.324662,1.301486,3.04311,3.53943,1.709795,
3.152519,1.326394,1.301681,3.042841,3.539165,1.710741,
3.153196,1.328156,1.301897,3.042914,3.539235,1.711777,
3.153586,1.329213,1.302311,3.042767,3.539199,1.71266,
3.153864,1.330373,1.302372,3.042993,3.539472,1.713561,
3.153718,1.330992,1.302676,3.043021,3.539516,1.713972,
3.153615,1.33113,1.303469,3.042912,3.539521,1.714216,
3.153387,1.331185,1.304293,3.042835,3.539568,1.714285,
3.152606,1.330438,1.304838,3.042854,3.539635,1.714525,
3.152303,1.330008,1.305689,3.043055,3.539626,1.714393,
3.151472,1.329426,1.305566,3.043247,3.539693,1.714423,
3.150315,1.328541,1.305591,3.043243,3.539611,1.714177,
3.149345,1.327956,1.305549,3.043265,3.539578,1.713836,
3.147959,1.326817,1.305312,3.043305,3.5396,1.713495,
3.146666,1.325859,1.305045,3.043298,3.539454,1.712885,
3.14534,1.324382,1.305084,3.043346,3.539455,1.71237,
3.143669,1.322651,1.304548,3.043499,3.539502,1.71212,
3.141993,1.32069,1.304332,3.043528,3.539554,1.711691,
3.139522,1.317886,1.30397,3.043476,3.539667,1.710979,
3.136842,1.31474,1.30365,3.043379,3.539629,1.710204,
3.134059,1.311553,1.303294,3.043398,3.539678,1.709509,
3.131076,1.308063,1.302764,3.043434,3.539721,1.708766,
3.12817,1.30464,1.302537,3.043198,3.539671,1.707824,
3.125016,1.300785,1.302164,3.043242,3.539632,1.706975,
3.121604,1.296835,1.301862,3.043314,3.539656,1.705847,
3.118158,1.292647,1.301669,3.043293,3.53968,1.70478,
3.114306,1.28868,1.300957,3.043289,3.539618,1.703533,
3.110491,1.284528,1.300467,3.043323,3.53963,1.7023,
3.106842,1.280546,1.300091,3.043356,3.539712,1.700978,
3.103139,1.276014,1.300478,3.043097,3.539371,1.69921,
3.099469,1.2722,1.300177,3.043239,3.539629,1.69804,
3.095662,1.268239,1.300318,3.043337,3.53967,1.696182,
3.091798,1.263613,1.301239,3.043319,3.53962,1.694185,
3.088165,1.260203,1.301801,3.043272,3.539636,1.69198,
3.085027,1.257313,1.302348,3.043215,3.539539,1.689777,
3.082192,1.255277,1.302925,3.043314,3.53959,1.687421,
3.079115,1.252661,1.304184,3.043141,3.53956,1.684801,
3.076141,1.250231,1.305442,3.043243,3.539546,1.682255,
3.073458,1.248738,1.306861,3.043318,3.539616,1.679291,
3.070941,1.247142,1.308647,3.043374,3.539595,1.67631,
3.067659,1.252364,1.30264,3.04329,3.539553,1.673265,
3.065588,1.251502,1.304659,3.043221,3.539499,1.670112,
3.063921,1.251257,1.307017,3.043413,3.539474,1.666682,
3.06192,1.251279,1.309029,3.04322,3.539476,1.66319,
3.060274,1.250942,1.311813,3.043197,3.53943,1.659794,
3.058583,1.250739,1.314621,3.043146,3.539392,1.656318,
3.056791,1.251438,1.316728,3.043189,3.53941,1.652731,
3.055271,1.251805,1.31967,3.043266,3.539634,1.64936,
3.053955,1.252441,1.322746,3.043253,3.53962,1.645739,
3.053006,1.254107,1.325472,3.043339,3.539645,1.641941,
3.051819,1.255255,1.328765,3.043573,3.539663,1.638079,
3.050267,1.25664,1.331878,3.043191,3.539583,1.634025,
3.048735,1.257808,1.335283,3.043311,3.539619,1.630002,
3.047493,1.259281,1.339093,3.043305,3.539574,1.625715,
3.046465,1.261354,1.343189,3.043096,3.53952,1.621115,
3.045706,1.263258,1.347842,3.042989,3.539472,1.616462,
3.045051,1.265558,1.352297,3.04295,3.539487,1.612004,
3.04433,1.268022,1.356554,3.043293,3.539488,1.60741,
3.043413,1.270279,1.361513,3.043268,3.53957,1.602484,
3.041945,1.272855,1.365257,3.043338,3.539674,1.597794,
3.04075,1.275764,1.368988,3.043543,3.539796,1.593151,
3.039526,1.278324,1.373187,3.043523,3.53977,1.588336,
3.038392,1.281353,1.376876,3.04356,3.539717,1.583687,
3.036547,1.284404,1.380255,3.043188,3.539695,1.57892,
3.034861,1.287139,1.384041,3.04309,3.539678,1.574101,
3.032783,1.289933,1.387073,3.043055,3.539499,1.569236,
3.03043,1.292961,1.389595,3.043119,3.539497,1.564505,
3.028015,1.295748,1.392357,3.0431,3.539455,1.559722,
3.025082,1.298554,1.394478,3.043135,3.539608,1.555231,
3.022218,1.301551,1.396337,3.043316,3.539583,1.550509,
3.019173,1.304199,1.39862,3.043457,3.539626,1.545774,
3.01584,1.306978,1.400386,3.043637,3.539672,1.541134,
3.01232,1.309787,1.402191,3.043532,3.539679,1.536433,
3.008948,1.312161,1.404501,3.043414,3.539634,1.531835,
3.004973,1.3149,1.40565,3.043404,3.539483,1.527224,
3.000921,1.317626,1.406574,3.043468,3.539533,1.522901,
2.996733,1.320042,1.407769,3.043556,3.539546,1.518568,
2.992371,1.322678,1.413918,3.043576,3.539542,1.51082,
2.983154,1.327698,1.407875,3.04341,3.539446,1.507193,
2.978158,1.330515,1.406513,3.043378,3.539545,1.504029,
2.973074,1.333657,1.404947,3.043221,3.539524,1.500776,
2.968074,1.336542,1.403193,3.043282,3.539532,1.497962,
2.962895,1.339584,1.400791,3.043318,3.539713,1.49556,
2.957721,1.342673,1.398075,3.04342,3.539807,1.493248,
2.952795,1.345814,1.395549,3.043491,3.539858,1.490911,
2.947451,1.349034,1.392017,3.043298,3.539681,1.488761,
2.941852,1.352113,1.38805,3.043202,3.539618,1.487064,
2.936045,1.355207,1.383729,3.043192,3.539635,1.485504,
2.930516,1.358404,1.379139,3.043364,3.539815,1.484357,
2.92438,1.361429,1.374291,3.043,3.539751,1.482839,
2.918058,1.364407,1.368434,3.042993,3.539768,1.481976,
2.911722,1.367378,1.362723,3.043164,3.539736,1.480835,
2.905199,1.370371,1.35678,3.043227,3.539803,1.479901,
2.898439,1.373288,1.350728,3.043073,3.539729,1.478953,
2.891609,1.376189,1.344926,3.042802,3.539498,1.477726,
2.884562,1.37876,1.338901,3.042859,3.539548,1.476969,
2.87731,1.381385,1.332619,3.042882,3.539537,1.476162,
2.8699,1.383938,1.326698,3.042906,3.539573,1.475279,
2.86243,1.386386,1.320593,3.043036,3.539526,1.474347,
2.854883,1.388995,1.314389,3.043082,3.539555,1.473499,
2.84738,1.391497,1.308066,3.04313,3.539521,1.472989,
2.839782,1.393829,1.302238,3.04317,3.539532,1.47217,
2.831941,1.39617,1.296238,3.043127,3.539583,1.471281,
2.824285,1.398498,1.290402,3.043217,3.539555,1.470477,
2.816578,1.40083,1.28477,3.04323,3.539623,1.469625,
2.808887,1.403143,1.27918,3.043357,3.539694,1.468654,
2.8013,1.405363,1.273928,3.043129,3.539656,1.467593,
2.793591,1.407344,1.268764,3.043097,3.539606,1.46648,
2.786055,1.409471,1.26385,3.043014,3.539454,1.465239,
2.778702,1.411679,1.259563,3.043007,3.539597,1.463977,
2.771522,1.413625,1.255703,3.043001,3.539626,1.462698,
2.764766,1.415537,1.252337,3.043047,3.539673,1.461328,
2.757942,1.4174,1.24929,3.043044,3.539709,1.459814,
2.751228,1.418833,1.24644,3.043047,3.539719,1.458463,
2.744558,1.420175,1.243795,3.042908,3.539669,1.456955,
2.738372,1.421672,1.24148,3.042971,3.539658,1.455481,
2.731884,1.422734,1.239262,3.043156,3.539726,1.454031,
2.725543,1.423345,1.237622,3.043096,3.53949,1.452206,
2.719342,1.424366,1.235878,3.042875,3.539592,1.450655,
2.713086,1.424899,1.234749,3.042831,3.539604,1.448916,
2.706991,1.425054,1.233927,3.042838,3.539577,1.447114,
2.70126,1.425158,1.233825,3.043156,3.539757,1.445638,
2.694964,1.42461,1.233634,3.043133,3.53975,1.444046,
2.688648,1.424297,1.23338,3.043066,3.539768,1.442409,
2.682826,1.423558,1.233901,3.043073,3.539649,1.440919,
2.676586,1.422724,1.234289,3.04307,3.539634,1.439724,
2.670201,1.421744,1.234448,3.04319,3.539689,1.438686,
2.664291,1.420667,1.235154,3.04321,3.539703,1.437717,
2.65788,1.419062,1.235812,3.043051,3.539689,1.437189,
2.651467,1.417361,1.236203,3.043007,3.539496,1.436947,
2.645441,1.415629,1.236952,3.043081,3.539623,1.436842,
2.63916,1.413764,1.237328,3.043284,3.539662,1.437371,
2.63272,1.411791,1.237537,3.043347,3.539786,1.438126,
2.626329,1.409899,1.237691,3.043386,3.539833,1.439117,
2.619609,1.407331,1.237923,3.043078,3.539698,1.440315,
2.613059,1.405114,1.237886,3.042825,3.539681,1.441356,
2.606566,1.402615,1.238161,3.04283,3.539501,1.442749,
2.599891,1.399552,1.238301,3.042753,3.539256,1.444382,
2.592959,1.396531,1.238378,3.042763,3.539332,1.446397,
2.586141,1.39344,1.238767,3.044434,3.539484,1.449484,
2.579178,1.390504,1.239097,3.043819,3.539756,1.450432,
2.571991,1.387305,1.239173,3.043724,3.539649,1.452372,
2.564847,1.383962,1.239403,3.044108,3.53967,1.454775,
2.557347,1.380211,1.239784,3.043867,3.539679,1.45667,
2.550154,1.376598,1.239953,3.043763,3.539595,1.458704,
2.542855,1.372529,1.240271,3.044321,3.539561,1.461295,
2.535495,1.368632,1.240208,3.044593,3.53968,1.463807,
2.527927,1.364705,1.239576,3.044476,3.53976,1.466555,
2.520317,1.360688,1.239295,3.044419,3.539742,1.469528,
2.51252,1.356455,1.238799,3.04439,3.539722,1.472457,
2.50464,1.352339,1.238125,3.044408,3.539803,1.475419,
2.49679,1.348257,1.237599,3.04407,3.539746,1.478403,
2.488746,1.343726,1.237247,3.044121,3.539691,1.481668,
2.480715,1.339403,1.236896,3.044345,3.539854,1.484863,
2.472446,1.334662,1.236953,3.043934,3.53974,1.487881,
2.46422,1.329864,1.237074,3.044003,3.539766,1.491071,
2.456036,1.324979,1.237388,3.043843,3.539607,1.493955,
2.447732,1.319956,1.23789,3.043897,3.539577,1.496961,
2.439487,1.315045,1.238491,3.043943,3.539561,1.499938,
2.431294,1.310143,1.239411,3.044077,3.539553,1.502813,
2.422972,1.305507,1.240399,3.043742,3.539557,1.505516,
2.414776,1.300488,1.241652,3.043496,3.539289,1.50814,
2.406598,1.295781,1.242919,3.04351,3.539351,1.510866,
2.399004,1.291049,1.244413,3.043757,3.539348,1.513465,
2.391454,1.286895,1.245974,3.043881,3.539557,1.51595,
2.383894,1.282445,1.248039,3.043999,3.539662,1.518348,
2.376414,1.278027,1.25012,3.044124,3.539619,1.520677,
2.369167,1.273775,1.252377,3.044166,3.539687,1.522817,
2.362062,1.269548,1.254889,3.044303,3.539767,1.525,
2.355088,1.265128,1.257659,3.044368,3.539845,1.526957,
2.348444,1.261096,1.260674,3.044296,3.539799,1.528797,
2.341903,1.257074,1.264283,3.044394,3.539922,1.530571,
2.334572,1.252751,1.2673,3.044312,3.539938,1.532462,
2.327006,1.247893,1.270449,3.044329,3.53984,1.534172,
2.319637,1.243022,1.273946,3.044321,3.539571,1.535655,
2.312296,1.238141,1.277291,3.044421,3.539705,1.537421,
2.304941,1.233475,1.280728,3.044423,3.539689,1.539106,
2.297677,1.228927,1.284407,3.044468,3.539769,1.540832,
2.29044,1.224456,1.288101,3.04443,3.539766,1.542641,
2.283488,1.220228,1.291865,3.044436,3.539715,1.54441,
2.276612,1.216308,1.295497,3.0445,3.539824,1.546298,
2.270049,1.212343,1.299287,3.044363,3.539815,1.547744,
2.263382,1.208376,1.302773,3.044122,3.539645,1.549616,
2.257003,1.204355,1.306414,3.044113,3.539664,1.551505,
2.250607,1.200391,1.309589,3.044299,3.539649,1.553732,
2.244178,1.19662,1.312619,3.044222,3.539572,1.555812,
2.237998,1.192985,1.315966,3.044268,3.539723,1.558211,
2.231853,1.189571,1.319382,3.044179,3.539704,1.560701,
2.225575,1.186275,1.322875,3.044219,3.539741,1.563093,
2.219276,1.183087,1.326361,3.043873,3.539592,1.5652,
2.21285,1.179901,1.329927,3.043828,3.539547,1.567834,
2.206323,1.17666,1.333409,3.043968,3.539681,1.570471,
2.199453,1.173377,1.336464,3.044148,3.539803,1.573089,
2.192588,1.170075,1.339669,3.043743,3.539714,1.575548,
2.185492,1.166595,1.342528,3.043945,3.539737,1.578215,
2.178298,1.16293,1.345996,3.043796,3.539714,1.580811,
2.17106,1.159344,1.349165,3.043692,3.5397,1.583513,
2.163685,1.155834,1.352356,3.043713,3.539757,1.586214,
2.15596,1.152344,1.355458,3.043714,3.539643,1.588743,
2.14817,1.148932,1.358549,3.043512,3.53962,1.59123,
2.140015,1.145389,1.361542,3.043494,3.539632,1.593757,
2.132015,1.141839,1.364927,3.043621,3.539646,1.59627,
2.123549,1.138406,1.36816,3.043298,3.539599,1.598683,
2.114738,1.135189,1.371133,3.043034,3.539685,1.601019,
2.105933,1.1319,1.374579,3.042855,3.539687,1.603281,
2.097088,1.128737,1.377786,3.042945,3.539672,1.605906,
2.08824,1.125868,1.381106,3.043312,3.539863,1.608517,
2.078902,1.123425,1.384336,3.043263,3.540926,1.610816,
2.069717,1.120905,1.387599,3.043173,3.540981,1.61316,
2.060609,1.118618,1.390973,3.043293,3.54114,1.61557,
2.051295,1.116413,1.39422,3.043154,3.540159,1.617837,
2.041927,1.114573,1.397716,3.043147,3.540196,1.620177,
2.032843,1.113304,1.401355,3.043077,3.540188,1.622531,
2.023608,1.112426,1.405329,3.043029,3.539804,1.624619,
2.014629,1.112127,1.409245,3.043111,3.539783,1.627053,
2.005756,1.112108,1.413599,3.043262,3.53984,1.629293,
1.996709,1.112506,1.418109,3.043241,3.539948,1.631607,
1.987957,1.113043,1.422615,3.043417,3.539971,1.63418,
1.979467,1.113966,1.427427,3.043462,3.53999,1.636596,
1.97124,1.115777,1.432187,3.043463,3.539834,1.639174,
1.963494,1.118078,1.437568,3.04346,3.539806,1.641904,
1.955286,1.120163,1.442866,3.043576,3.539841,1.644757,
1.946641,1.1223,1.447476,3.043684,3.53984,1.647825,
1.938144,1.124694,1.452086,3.043619,3.539634,1.650758,
1.929729,1.126907,1.456881,3.043555,3.539595,1.653674,
1.920854,1.12896,1.461559,3.04356,3.539543,1.656114,
1.911684,1.131023,1.465657,3.043457,3.539482,1.659258,
1.902804,1.132944,1.46996,3.043488,3.539485,1.662802,
1.894015,1.134817,1.474066,3.043352,3.539577,1.666262,
1.885386,1.137003,1.47848,3.043204,3.539586,1.669597,
1.877152,1.13939,1.482999,3.043076,3.539648,1.673064,
1.869248,1.141972,1.487552,3.043034,3.539421,1.676503,
1.861513,1.144976,1.492345,3.043052,3.539389,1.679767,
1.854216,1.147799,1.497412,3.043022,3.539299,1.683156,
1.846598,1.150787,1.502049,3.043067,3.539392,1.686528,
1.839202,1.15358,1.506569,3.043245,3.539389,1.69035,
1.832192,1.156719,1.5112,3.043205,3.53942,1.693921,
1.825231,1.159999,1.515936,3.043212,3.539478,1.697577,
1.818628,1.163262,1.520898,3.043048,3.539486,1.701188,
1.811887,1.166758,1.525324,3.043176,3.539508,1.704871,
1.805393,1.17018,1.529625,3.042996,3.539268,1.708262,
1.798558,1.173547,1.53383,3.042823,3.539244,1.711516,
1.791572,1.176581,1.537793,3.042812,3.539019,1.714798,
1.784934,1.179776,1.541471,3.042815,3.539175,1.717846,
1.778218,1.182501,1.545558,3.043119,3.539071,1.720608,
1.771334,1.185913,1.549335,3.043059,3.539262,1.723054,
1.764248,1.188993,1.553395,3.043086,3.539258,1.725481,
1.757273,1.191923,1.557561,3.04312,3.539496,1.727881,
1.749914,1.195024,1.561309,3.04315,3.539503,1.730331,
1.74278,1.197791,1.565251,3.043072,3.539494,1.732824,
1.735475,1.200652,1.569337,3.043132,3.539502,1.735045,
1.727907,1.203462,1.572891,3.043019,3.539454,1.737382,
1.720486,1.206272,1.576815,3.043061,3.53949,1.739755,
1.713254,1.208867,1.580916,3.043218,3.539551,1.742366,
1.705797,1.211895,1.584678,3.04327,3.539578,1.744775,
1.698387,1.215056,1.588882,3.043284,3.539541,1.747178,
1.691206,1.218226,1.59296,3.043272,3.5395,1.750407,
1.684097,1.221753,1.59729,3.043319,3.539506,1.752915,
1.677117,1.225561,1.602139,3.043247,3.539468,1.755449,
1.670433,1.229602,1.606904,3.0431,3.53946,1.758234,
1.6637,1.233688,1.611711,3.043277,3.539396,1.761173,
1.657234,1.237909,1.616817,3.043445,3.539521,1.764237,
1.650895,1.242635,1.62208,3.043112,3.539491,1.767036,
1.6451,1.247146,1.627339,3.0432,3.539563,1.770012,
1.63947,1.252275,1.633109,3.043094,3.539409,1.772849,
1.634589,1.25744,1.638934,3.043252,3.539519,1.776175,
1.629487,1.263114,1.644585,3.043256,3.539519,1.77912,
1.62499,1.269057,1.650809,3.04326,3.539568,1.782175,
1.621269,1.275273,1.657213,3.043237,3.539544,1.785123,
1.617705,1.282071,1.66362,3.043205,3.539525,1.787971,
1.614737,1.289134,1.670561,3.04325,3.539521,1.790998,
1.611706,1.295875,1.677206,3.043216,3.539562,1.793879,
1.609098,1.303011,1.683814,3.043069,3.539492,1.796469,
1.607117,1.310731,1.690665,3.043042,3.539427,1.799103,
1.605748,1.318944,1.697975,3.043033,3.539424,1.801856,
1.603459,1.327238,1.705149,3.04311,3.539423,1.804484,
1.600844,1.335281,1.712373,3.043221,3.539581,1.807228,
1.598212,1.343255,1.719026,3.043178,3.53958,1.809737,
1.596043,1.351159,1.725396,3.043268,3.539756,1.812324,
1.593974,1.359255,1.732264,3.043386,3.539649,1.815018,
1.591908,1.367551,1.739033,3.04343,3.539651,1.817614,
1.589545,1.375738,1.7456,3.043239,3.539458,1.82006,
1.587356,1.383784,1.752013,3.043249,3.539493,1.822855,
1.585531,1.391682,1.7584,3.043269,3.539571,1.825652,
1.583348,1.399511,1.764182,3.043301,3.539526,1.828645,
1.581348,1.407292,1.769923,3.04321,3.539517,1.831739,
1.579477,1.415079,1.775578,3.043195,3.53951,1.835055,
1.577261,1.423052,1.78084,3.043176,3.539475,1.838386,
1.575347,1.430933,1.786076,3.043264,3.539492,1.842131,
1.573443,1.43898,1.791257,3.043199,3.539479,1.845887,
1.571352,1.446993,1.796136,3.043172,3.539532,1.849769,
1.569262,1.455146,1.800993,3.042867,3.539437,1.853911,
1.567272,1.463189,1.805713,3.042748,3.539466,1.858058,
1.565189,1.471465,1.810091,3.042751,3.539433,1.862424,
1.562959,1.479804,1.814055,3.042742,3.53954,1.867459,
1.560832,1.488223,1.817992,3.04269,3.539622,1.872465,
1.558569,1.496587,1.821805,3.042728,3.53964,1.877403,
1.556378,1.504963,1.825485,3.042646,3.539563,1.882743,
1.554151,1.513058,1.828909,3.042609,3.539569,1.888046,
1.551337,1.521195,1.831779,3.042716,3.539726,1.893822,
1.549082,1.529518,1.834953,3.042607,3.539615,1.899409,
1.546277,1.537345,1.837533,3.042431,3.539567,1.905479,
1.543326,1.54538,1.840053,3.042379,3.539538,1.911295,
1.540079,1.553243,1.842346,3.041531,3.539608,1.917453,
1.53712,1.561101,1.844498,3.04164,3.539647,1.923616,
1.533809,1.568985,1.846294,3.041598,3.539531,1.929623,
1.530662,1.576875,1.848134,3.041698,3.539469,1.936221,
1.527508,1.584967,1.849735,3.041638,3.539519,1.942763,
1.524427,1.593281,1.851201,3.041587,3.539476,1.949319,
1.521396,1.601594,1.852509,3.041572,3.539482,1.956273,
1.518216,1.610295,1.853578,3.041575,3.539436,1.96315,
1.515636,1.61908,1.854682,3.041479,3.539375,1.969824,
1.513268,1.62827,1.855743,3.041332,3.539481,1.976737,
1.510583,1.637578,1.856687,3.041329,3.539471,1.98351,
1.508296,1.646742,1.85745,3.041268,3.539474,1.990286,
1.505936,1.655905,1.857777,3.041308,3.539462,1.997552,
1.50392,1.665142,1.858025,3.041216,3.539454,2.004479,
1.502462,1.6748,1.858196,3.041424,3.53963,2.01153,
1.501681,1.684879,1.858931,3.041326,3.539541,2.018353,
1.501394,1.695489,1.859477,3.041203,3.53951,2.025152,
1.501256,1.706048,1.860289,3.041238,3.539594,2.031762,
1.501037,1.71648,1.860886,3.041238,3.539635,2.038241,
1.50139,1.726955,1.861923,3.041229,3.539638,2.044512,
1.50199,1.737486,1.86319,3.041125,3.539582,2.050521,
1.50266,1.74812,1.864555,3.041002,3.539474,2.056624,
1.503656,1.758723,1.866191,3.040992,3.539549,2.062643,
1.504931,1.769295,1.868226,3.040929,3.539492,2.068255,
1.506382,1.779689,1.870513,3.040931,3.539511,2.073827,
1.508151,1.7899,1.872916,3.040906,3.539525,2.079345,
1.509905,1.800097,1.875626,3.040798,3.539571,2.084217,
1.51161,1.809792,1.878392,3.040893,3.539602,2.088961,
1.513665,1.819082,1.881205,3.040927,3.539703,2.093845,
1.515911,1.828089,1.884276,3.040802,3.539736,2.098004,
1.518312,1.836823,1.887722,3.04076,3.539741,2.102024,
1.521227,1.845253,1.891386,3.042675,3.539701,2.106115,
1.52384,1.853396,1.895577,3.04265,3.539613,2.109615,
1.526342,1.861309,1.89957,3.043071,3.539598,2.113344,
1.528874,1.868498,1.903544,3.042989,3.53949,2.116886,
1.531471,1.875664,1.907437,3.043064,3.53954,2.120546,
1.534247,1.8824,1.911247,3.043297,3.539528,2.124299,
1.536995,1.888567,1.915301,3.043328,3.539552,2.127733,
1.539517,1.89439,1.919015,3.043402,3.539665,2.13122,
1.541707,1.89959,1.922176,3.043527,3.539665,2.13478,
1.543631,1.903777,1.925139,3.043473,3.539665,2.138379,
1.545283,1.908005,1.927795,3.0434,3.5395,2.141754,
1.546999,1.911908,1.930427,3.043401,3.539489,2.145317,
1.549066,1.915998,1.933317,3.043433,3.539449,2.148854,
1.551306,1.920628,1.935084,3.043448,3.539433,2.155753,
1.556837,1.930395,1.943675,3.043424,3.539463,2.159075,
1.559587,1.935255,1.947276,3.043446,3.539459,2.16231,
1.562122,1.939669,1.950501,3.04333,3.539433,2.16575,
1.564534,1.943594,1.953645,3.043329,3.539439,2.169042,
1.566854,1.947232,1.956704,3.043368,3.539648,2.172209,
1.56895,1.950168,1.959298,3.04344,3.539555,2.17552,
1.570936,1.952661,1.961905,3.043332,3.539559,2.178659,
1.572918,1.954962,1.964456,3.043155,3.539408,2.181533,
1.574975,1.957097,1.966947,3.043284,3.539421,2.184717,
1.577384,1.959146,1.9696,3.043452,3.539545,2.188002,
1.579731,1.961228,1.972239,3.043397,3.539493,2.191072,
1.582464,1.963318,1.975069,3.043348,3.539478,2.194089,
1.585467,1.964987,1.97815,3.043407,3.53949,2.197322,
1.588476,1.966511,1.981237,3.043321,3.539431,2.20039,
1.591642,1.967911,1.984374,3.043279,3.5394,2.203606,
1.59477,1.969157,1.987397,3.043329,3.539408,2.207091,
1.598104,1.970091,1.99049,3.043239,3.539442,2.210577,
1.601335,1.970759,1.993877,3.043348,3.539424,2.213894,
1.604751,1.971362,1.997265,3.043293,3.539406,2.21751,
1.6083,1.971711,2.001089,3.043485,3.539522,2.221191,
1.612211,1.972216,2.005078,3.043459,3.539505,2.224591,
1.616203,1.972615,2.009207,3.043565,3.539509,2.228685,
1.620153,1.972698,2.013281,3.043443,3.539564,2.233045,
1.624387,1.972728,2.018036,3.043421,3.539579,2.236759,
1.628723,1.972538,2.022489,3.043577,3.539643,2.240897,
1.63333,1.972115,2.02717,3.043526,3.539609,2.245272,
1.638053,1.971417,2.03243,3.043559,3.539635,2.24926,
1.642919,1.970565,2.037602,3.04355,3.539644,2.253497,
1.647944,1.969598,2.042844,3.0435,3.539622,2.257788,
1.652995,1.968511,2.048426,3.043583,3.539659,2.261951,
1.658343,1.967257,2.054253,3.043587,3.539623,2.266299,
1.663923,1.965935,2.060363,3.04347,3.539516,2.270484,
1.669818,1.964362,2.066963,3.04338,3.539565,2.274633,
1.675761,1.962937,2.073584,3.043392,3.539542,2.278948,
1.681818,1.961157,2.08042,3.043349,3.539484,2.283154,
1.688193,1.959499,2.087702,3.043224,3.539458,2.287113,
1.694662,1.957815,2.095166,3.043257,3.539406,2.291255,
1.701066,1.956086,2.102549,3.043263,3.539502,2.29548,
1.707065,1.95448,2.109703,3.043217,3.539495,2.299489,
1.713071,1.952764,2.117047,3.043221,3.539528,2.303772,
1.719215,1.950868,2.124421,3.043215,3.539605,2.308169,
1.725413,1.94921,2.132102,3.043205,3.539604,2.312567,
1.731595,1.947695,2.139815,3.043164,3.539545,2.316998,
1.738057,1.946133,2.147739,3.043132,3.539553,2.321718,
1.744409,1.9446,2.155585,3.043075,3.539557,2.326552,
1.750894,1.943101,2.163424,3.043018,3.539567,2.33166,
1.757195,1.941329,2.171103,3.042978,3.539541,2.336898,
1.763801,1.939514,2.179012,3.043209,3.539561,2.342398,
1.769975,1.937947,2.186363,3.043224,3.539601,2.3479,
1.777008,1.935407,2.194413,3.043234,3.539582,2.35358,
1.783718,1.933105,2.202036,3.043274,3.539568,2.359257,
1.791357,1.93067,2.210356,3.04333,3.539521,2.365211,
1.798443,1.927992,2.218322,3.0434,3.539529,2.371218,
1.805859,1.92513,2.226506,3.043472,3.53955,2.377321,
1.813189,1.922231,2.234815,3.043437,3.539279,2.383469,
1.818357,1.918872,2.242764,3.043994,3.539114,2.389593,
1.825319,1.915493,2.250982,3.043856,3.539056,2.395669,
1.832242,1.912282,2.259253,3.043769,3.539222,2.401663,
1.838969,1.908421,2.267348,3.044029,3.539369,2.407828,
1.845646,1.904716,2.275788,3.043949,3.539356,2.413753,
1.852155,1.901101,2.284065,3.044085,3.539484,2.419854,
1.858708,1.897504,2.29227,3.044092,3.539767,2.42574,
1.865325,1.894171,2.300701,3.04399,3.539875,2.431587,
1.871854,1.891145,2.308987,3.044025,3.53993,2.437448,
1.878515,1.888646,2.317368,3.044167,3.539796,2.443226,
1.884864,1.886356,2.325996,3.044113,3.539797,2.448362,
1.891192,1.883948,2.334462,3.044253,3.539799,2.454028,
1.897399,1.881888,2.342878,3.044316,3.539711,2.459284,
1.903266,1.880121,2.351207,3.044327,3.539722,2.46378,
1.909273,1.87824,2.359375,3.044238,3.539545,2.468578,
1.915578,1.876872,2.368032,3.044069,3.539623,2.473451,
1.921532,1.875778,2.376251,3.044076,3.539676,2.477692,
1.927577,1.874782,2.3843,3.044192,3.539697,2.482421,
1.933932,1.874104,2.392678,3.044233,3.539523,2.486693,
1.93978,1.873522,2.400481,3.044391,3.539523,2.490803,
1.946092,1.872929,2.408599,3.044475,3.539527,2.494949,
1.952489,1.872465,2.416958,3.04445,3.539377,2.498521,
1.958737,1.872209,2.425281,3.044442,3.539356,2.501832,
1.965166,1.871988,2.433711,3.044556,3.539407,2.50508,
1.971697,1.871856,2.44174,3.044651,3.539495,2.508415,
1.977636,1.872024,2.449522,3.044683,3.53953,2.511115,
1.983971,1.871948,2.457653,3.044695,3.539501,2.513954,
1.990185,1.871984,2.465199,3.044784,3.539598,2.516835,
1.996258,1.872076,2.472909,3.04494,3.539611,2.51975,
2.002341,1.872004,2.480326,3.044905,3.539543,2.522534,
2.008312,1.871791,2.488168,3.044923,3.539491,2.525177,
2.013927,1.871844,2.495613,3.044954,3.539489,2.527783,
2.019745,1.871861,2.503309,3.045072,3.539464,2.530647,
2.025474,1.871704,2.510725,3.044988,3.539435,2.533466,
2.030785,1.871871,2.518108,3.04523,3.539445,2.536134,
2.036593,1.871938,2.525679,3.045102,3.539434,2.538967,
2.042004,1.871683,2.533072,3.045304,3.539422,2.542186,
2.047697,1.872105,2.540762,3.045103,3.539412,2.545005,
2.053593,1.872407,2.548265,3.045088,3.539399,2.548268,
2.059153,1.872645,2.55584,3.045187,3.539434,2.55156,
2.064635,1.873331,2.563045,3.045173,3.539392,2.554994,
2.070212,1.873895,2.569865,3.045184,3.539368,2.558539,
2.085762,1.874568,2.577197,3.043366,3.53946,2.56212,
2.091477,1.875224,2.58444,3.04327,3.539433,2.565483,
2.097289,1.875911,2.591314,3.043314,3.53942,2.569173,
2.104088,1.87679,2.598719,3.043031,3.539623,2.572657,
2.109864,1.877959,2.60601,3.043031,3.539669,2.576363,
2.11608,1.879343,2.613215,3.043148,3.539758,2.580346,
2.122118,1.880756,2.620871,3.043175,3.539839,2.584203,
2.119064,1.88544,2.620341,3.043228,3.539841,2.587973,
2.132978,1.885185,2.634965,3.043036,3.539802,2.59162,
2.139348,1.886966,2.642483,3.043077,3.539506,2.595543,
2.146326,1.889168,2.650867,3.042991,3.539504,2.599285,
2.153582,1.890931,2.65884,3.042893,3.539487,2.603344,
2.159861,1.892556,2.666899,3.0428,3.539472,2.607049,
2.166635,1.894116,2.675093,3.042776,3.539428,2.611217,
2.17272,1.89596,2.681779,3.042777,3.539433,2.615631,
2.179169,1.897953,2.689059,3.042927,3.539667,2.620471,
2.185616,1.89928,2.696865,3.043203,3.539703,2.624926,
2.191534,1.901078,2.703192,3.043042,3.539667,2.629372,
2.197647,1.902737,2.710414,3.043116,3.539586,2.634056,
2.204619,1.904209,2.718311,3.043236,3.539619,2.639054,
2.210677,1.905986,2.72393,3.043126,3.539551,2.644226,
2.21742,1.90783,2.731292,3.043302,3.539588,2.64918,
2.224357,1.909021,2.73862,3.043289,3.539589,2.654566,
2.230585,1.910325,2.744242,3.043212,3.539521,2.660209,
2.23697,1.911478,2.751034,3.043279,3.539379,2.66569,
2.243638,1.912404,2.757498,3.043164,3.539436,2.671837,
2.249581,1.913355,2.76269,3.043134,3.539379,2.678151,
2.256002,1.914357,2.76907,3.043059,3.539435,2.68452,
2.262437,1.914901,2.775412,3.043193,3.539556,2.690975,
2.2683,1.915553,2.77941,3.043274,3.539583,2.6981,
2.274431,1.91613,2.784912,3.043246,3.539623,2.704835,
2.280459,1.916323,2.790446,3.043245,3.539598,2.712014,
2.286237,1.916432,2.794326,3.043167,3.53956,2.719383,
2.292239,1.916543,2.799126,3.043231,3.539548,2.726995,
2.298305,1.916354,2.804587,3.043179,3.539415,2.734625,
2.304143,1.916324,2.809391,3.043332,3.539445,2.742496,
2.309855,1.916035,2.81502,3.04332,3.539362,2.750485,
2.315899,1.915618,2.820705,3.043339,3.539429,2.758448,
2.321835,1.91515,2.824766,3.043253,3.539411,2.766805,
2.327981,1.914941,2.830292,3.043166,3.539435,2.774872,
2.33407,1.914289,2.836083,3.043248,3.539525,2.783361,
2.340289,1.913554,2.84001,3.043255,3.539557,2.792003,
2.346572,1.913031,2.845952,3.043092,3.539509,2.800372,
2.353065,1.912333,2.851948,3.043001,3.53949,2.808833,
2.359493,1.911394,2.856756,3.043075,3.539524,2.817487,
2.366351,1.91084,2.863172,3.04312,3.539603,2.825898,
2.373192,1.909894,2.869489,3.043059,3.539568,2.83414,
2.380028,1.908717,2.874825,3.04303,3.539592,2.842412,
2.38699,1.907737,2.881777,3.042946,3.539611,2.850271,
2.393863,1.906573,2.888445,3.043038,3.539666,2.858263,
2.400844,1.905077,2.894777,3.04323,3.539794,2.866257,
2.408194,1.903856,2.902157,3.043244,3.539629,2.87377,
2.415416,1.902368,2.909451,3.04315,3.539655,2.881443,
2.422737,1.900781,2.915758,3.043152,3.539622,2.889204,
2.429865,1.899354,2.922772,3.043232,3.53961,2.896757,
2.437041,1.897816,2.930162,3.043008,3.53957,2.90414,
2.444174,1.896078,2.936603,3.042789,3.539497,2.91137,
2.45072,1.894641,2.943228,3.042885,3.539501,2.918904,
2.457122,1.89307,2.94997,3.04281,3.539469,2.925853,
2.463394,1.891694,2.955897,3.042766,3.539474,2.933053,
2.468937,1.890094,2.962123,3.042808,3.539434,2.939447,
2.474495,1.888651,2.968009,3.042872,3.539425,2.945847,
2.480093,1.887422,2.971544,3.042865,3.539375,2.952176,
2.485172,1.885477,2.976809,3.04297,3.539439,2.958228,
2.490273,1.88402,2.982289,3.043074,3.539391,2.963789,
2.496006,1.882383,2.986309,3.043144,3.539342,2.969416,
2.501279,1.880021,2.991884,3.043403,3.539515,2.974919,
2.506314,1.877838,2.997551,3.043461,3.539572,2.979726,
2.511525,1.875942,3.001429,3.043347,3.539411,2.984769,
2.516359,1.873687,3.006529,3.043444,3.539478,2.989246,
2.520929,1.872395,3.01137,3.04343,3.539492,2.994071,
2.525842,1.870818,3.014907,3.043352,3.539406,2.998427,
2.530029,1.868996,3.019182,3.043319,3.539479,3.002676,
2.533473,1.867646,3.02295,3.043345,3.539492,3.007169,
2.537157,1.86623,3.025183,3.043318,3.539451,3.011511,
2.540549,1.864495,3.028974,3.043346,3.539397,3.015664,
2.543208,1.863517,3.032005,3.043388,3.539479,3.019885,
2.546366,1.862006,3.033977,3.043348,3.539429,3.024178,
2.549146,1.860802,3.037089,3.043465,3.539442,3.028407,
2.551219,1.859954,3.039493,3.043326,3.539466,3.032456,
2.552968,1.859121,3.041844,3.043332,3.539342,3.036532,
2.554664,1.857736,3.043768,3.043336,3.539576,3.040556,
2.556155,1.856984,3.045741,3.043386,3.53955,3.044641,
2.557718,1.856385,3.046728,3.04351,3.539759,3.048889,
2.559564,1.855721,3.048628,3.043371,3.539595,3.05305,
2.560976,1.855007,3.049188,3.043452,3.539649,3.057549,
2.562279,1.854258,3.050898,3.043413,3.539649,3.061869,
2.56383,1.853487,3.052629,3.043394,3.539666,3.066123,
2.565085,1.852638,3.054338,3.043415,3.539648,3.070756,
2.566581,1.851618,3.055117,3.043489,3.53962,3.075177,
2.567833,1.850788,3.057156,3.043189,3.53963,3.079671,
2.56851,1.849686,3.058536,3.043265,3.539601,3.084375,
2.568811,1.848307,3.05842,3.043189,3.539662,3.089069,
2.568712,1.846665,3.059669,3.043251,3.539656,3.094176,
2.568806,1.845058,3.060443,3.043081,3.539663,3.099056,
2.568871,1.843812,3.060862,3.043014,3.539615,3.104187,
2.568856,1.842455,3.061906,3.04312,3.539626,3.109453,
2.568733,1.841264,3.062519,3.043272,3.539645,3.115033,
2.568486,1.839926,3.061697,3.043401,3.539791,3.120604,
2.568331,1.838777,3.062543,3.04348,3.539817,3.126073,
2.568498,1.837651,3.06329,3.043491,3.539829,3.131733,
2.569206,1.836532,3.0632,3.043448,3.539861,3.137345,
2.570085,1.835992,3.064873,3.04335,3.53987,3.142939,
2.571221,1.835734,3.066262,3.043382,3.539908,3.148991,
2.572426,1.835885,3.066678,3.04335,3.539611,3.154867,
2.57334,1.835779,3.067727,3.043289,3.539604,3.160718,
2.574067,1.835609,3.068589,3.043335,3.539661,3.166725,
2.574725,1.835533,3.069118,3.043332,3.539558,3.172697,
2.575343,1.835617,3.070991,3.043066,3.539547,3.178415,
2.575878,1.835858,3.071359,3.043025,3.539469,3.184526,
2.576449,1.836533,3.07165,3.043203,3.539645,3.190836,
2.576664,1.837031,3.071033,3.043309,3.53964,3.197058,
2.577144,1.837658,3.071152,3.043246,3.539551,3.203171,
2.577499,1.838225,3.070359,3.043182,3.539539,3.209309,
2.577744,1.838894,3.070417,3.043238,3.539521,3.215463,
2.578065,1.839769,3.070134,3.043302,3.539487,3.221756,
2.57821,1.840777,3.068619,3.043243,3.539414,3.228001,
2.578413,1.841855,3.068394,3.043325,3.539391,3.234157,
2.578774,1.843105,3.067833,3.043321,3.53937,3.240564,
2.578996,1.844302,3.066162,3.043516,3.539483,3.24722,
2.57922,1.845785,3.065534,3.043438,3.539464,3.253658,
2.579865,1.847433,3.064983,3.043258,3.539382,3.260157,
2.580284,1.849162,3.064013,3.043296,3.539436,3.266766,
2.581007,1.8514,3.063288,3.043265,3.539422,3.273469,
2.581847,1.853693,3.062713,3.043304,3.539511,3.28025,
2.582402,1.855866,3.062313,3.043228,3.539426,3.287035,
2.583152,1.85824,3.062518,3.043186,3.539394,3.29367,
2.583949,1.860518,3.061873,3.043209,3.53946,3.300587,
2.584693,1.862643,3.059926,3.043234,3.539749,3.307665,
2.585202,1.864878,3.06005,3.043153,3.539592,3.314471,
2.586049,1.867063,3.059333,3.042772,3.539534,3.321497,
2.586583,1.869223,3.057772,3.042766,3.539373,3.328595,
2.587173,1.871072,3.057559,3.042694,3.539392,3.3357,
2.587625,1.872807,3.056618,3.042555,3.539262,3.343089,
2.587808,1.874012,3.055055,3.042551,3.539424,3.350536,
2.588027,1.875234,3.055042,3.04263,3.539312,3.357856,
2.587675,1.876078,3.053095,3.042953,3.539503,3.365555,
2.587306,1.876735,3.051861,3.042939,3.539556,3.373032,
2.586794,1.877315,3.051296,3.042934,3.539558,3.380303,
2.585873,1.87756,3.049672,3.04311,3.539626,3.387846,
2.584118,1.877213,3.018582,3.043168,3.539768,3.394287,
2.582957,1.877196,3.017522,3.043288,3.539745,3.401719,
2.5818,1.877011,3.015628,3.043228,3.539709,3.409096,
2.580755,1.876486,3.013628,3.043158,3.53958,3.416662,
2.580323,1.876116,3.013448,3.043199,3.539573,3.423824,
2.579661,1.8755,3.012273,3.042973,3.539472,3.430808,
2.578766,1.874317,2.986759,3.042958,3.539442,3.437192,
2.577941,1.873405,2.988134,3.042777,3.539423,3.44332,
2.576602,1.872221,2.986336,3.042891,3.539402,3.449906,
2.575235,1.870604,2.98423,3.043019,3.539529,3.456537,
2.574278,1.869065,2.984553,3.042996,3.539551,3.46257,
2.572844,1.867304,2.982942,3.042907,3.539508,3.468539,
2.571361,1.865315,2.962094,3.043115,3.539716,3.473624,
2.570689,1.863434,2.962584,3.043015,3.539742,3.478825,
2.542194,1.87152,2.93468,3.043051,3.539741,3.48413,
2.540318,1.869925,2.932051,3.043007,3.539665,3.489303,
2.539158,1.868483,2.932737,3.042946,3.539679,3.494019,
2.537222,1.866947,2.929977,3.043103,3.539595,3.502916,
2.534657,1.863596,2.931313,3.043222,3.539505,3.507227,
2.533438,1.862635,2.930712,3.043136,3.539579,3.515152,
2.531645,1.860528,2.932374,3.043238,3.539549,3.518557,
2.530483,1.859896,2.933733,3.043226,3.539485,3.521814,
2.530329,1.859159,2.934849,3.043272,3.539554,3.528178,
2.530014,1.859438,2.933882,3.043344,3.539637,3.530996,
2.530258,1.859546,2.936418,3.043324,3.53949,3.5337,
2.530734,1.860036,2.938301,3.043207,3.539456,3.541399,
2.530633,1.861188,2.939888,3.04342,3.539568,3.546047,
2.530597,1.861303,2.939346,3.043461,3.539604,3.545818,
2.530419,1.861324,2.94126,3.04361,3.539632,3.550307,
2.528939,1.86104,2.939017,3.043385,3.539544,3.552324,
2.527965,1.860336,2.938481,3.043395,3.539427,3.558413,
2.524189,1.85793,2.935782,3.043415,3.539455,3.56019,
2.52281,1.85693,2.932955,3.043251,3.539563,3.566118,
2.51956,1.8545,2.930694,3.043313,3.539612,3.56798,
2.518266,1.854264,2.93015,3.043409,3.539634,3.57021,
2.517955,1.853828,2.92823,3.043398,3.539604,3.572441,
2.517501,1.853667,2.927406,3.043347,3.539511,3.57913,
2.515673,1.853972,2.924165,3.043245,3.539517,3.5816,
2.516081,1.854781,2.923604,3.043403,3.539573,3.584608,
2.516429,1.855096,2.922697,3.043432,3.539729,3.592596,
2.516754,1.857578,2.921296,3.043448,3.539694,3.598739,
2.517095,1.858295,2.91884,3.043144,3.539378,3.601855,
2.517912,1.859722,2.916221,3.043067,3.539171,3.608496,
2.518575,1.861563,2.913878,3.042762,3.539289,3.615134,
2.520035,1.863188,2.910738,3.043366,3.539538,3.622843,
2.520269,1.863322,2.910274,3.043278,3.539496,3.623155,
2.521571,1.863971,2.909986,3.043249,3.539525,3.626979,
2.522084,1.864822,2.907058,3.043401,3.539474,3.63095,
2.521931,1.867014,2.902023,3.04339,3.539382,3.639001,
2.522154,1.869426,2.877201,3.043522,3.539345,3.646157,
2.523965,1.870414,2.874035,3.043647,3.539547,3.650585,
2.524582,1.872859,2.868018,3.043592,3.53954,3.658763,
2.526459,1.87528,2.842878,3.043539,3.539523,3.666265,
2.526732,1.879002,2.829133,3.043492,3.539486,3.675842,
2.529325,1.882529,2.820369,3.043514,3.539445,3.685513,
2.529306,1.882795,2.820281,3.04349,3.539415,3.685966,
2.531207,1.884288,2.815117,3.043513,3.539434,3.691025,
2.531463,1.88847,2.803424,3.043308,3.539471,3.701225,
2.533435,1.889972,2.799346,3.043206,3.539466,3.706213,
2.533149,1.89204,2.790879,3.043208,3.539522,3.711887,
2.533025,1.894053,2.782952,3.043331,3.539664,3.72322,
2.534719,1.897042,2.773247,3.04324,3.539641,3.728846,
2.534459,1.899079,2.767998,3.043099,3.539492,3.734231,
2.536263,1.902654,2.753808,3.043175,3.539482,3.744862,
2.535932,1.905087,2.746759,3.043271,3.539512,3.750275,
2.537844,1.90674,2.729914,3.043118,3.53963,3.7653,
2.539942,1.914432,2.711479,3.042954,3.539579,3.77436,
2.539531,1.916504,2.70155,3.042947,3.539598,3.778891,
2.540146,1.920218,2.668944,3.042904,3.539572,3.786266,
2.538347,1.923716,2.650188,3.042948,3.539571,3.794414,
2.539159,1.926001,2.63271,3.043356,3.539587,3.80195,
2.53877,1.925433,2.633806,3.043371,3.539595,3.801942,
2.541043,1.926093,2.621589,3.043247,3.539619,3.808689,
2.539685,1.929686,2.61091,3.043245,3.539593,3.812067,
2.541409,1.930733,2.597874,3.043242,3.539639,3.817934,
2.539126,1.93369,2.590568,3.043098,3.539551,3.82062,
2.539486,1.934386,2.583255,3.043186,3.539618,3.82302,
2.537874,1.935717,2.573196,3.04328,3.539607,3.824999,
2.536346,1.937388,2.563616,3.043275,3.53951,3.828932,
2.533409,1.940447,2.549814,3.043388,3.539577,3.830442,
2.531504,1.942163,2.546515,3.04336,3.53948,3.831885,
2.529866,1.943259,2.538011,3.043485,3.539741,3.833238,
2.52762,1.944873,2.528256,3.043565,3.539773,3.834113,
2.525205,1.946504,2.520693,3.043594,3.539657,3.834963,
2.524318,1.946989,2.514173,3.043431,3.539693,3.835407,
2.521575,1.948237,2.503186,3.043323,3.539621,3.836258,
2.51679,1.949249,2.489817,3.043251,3.539689,3.836428,
2.509303,1.949544,2.472212,3.043286,3.539686,3.836446,
2.507093,1.948763,2.464283,3.043298,3.5397,3.836277,
2.500494,1.949771,2.444769,3.043289,3.539664,3.835791,
2.512729,1.940261,2.446084,3.043252,3.539584,3.83433,
2.504188,1.938255,2.429158,3.04327,3.539572,3.833669,
2.498247,1.934894,2.414816,3.043338,3.539531,3.832929,
2.497983,1.933312,2.415162,3.043418,3.539569,3.83291,
2.4958,1.931399,2.407996,3.043394,3.539633,3.832516,
2.491559,1.929673,2.400358,3.043388,3.539625,3.832133,
2.488768,1.927638,2.388058,3.043331,3.539619,3.831539,
2.482414,1.923954,2.379294,3.043252,3.539558,3.83124,
2.47967,1.921948,2.372697,3.043314,3.539556,3.831149,
2.476971,1.91989,2.365328,3.043252,3.539567,3.830995,
2.472954,1.917971,2.354841,3.043217,3.539563,3.831019,
2.466632,1.913507,2.344367,3.043187,3.539563,3.831046,
2.462162,1.911635,2.337656,3.043178,3.53949,3.83111,
2.458962,1.909636,2.331532,3.043198,3.539485,3.831133,
2.455407,1.907978,2.320914,3.043202,3.539535,3.831681,
2.44717,1.90481,2.309959,3.043133,3.53953,3.83174,
2.442698,1.90343,2.30126,3.043126,3.539613,3.832074,
2.438036,1.901867,2.293858,3.043228,3.539688,3.832444,
2.434139,1.900333,2.283808,3.043221,3.539612,3.833002,
2.424989,1.898372,2.272275,3.043222,3.539502,3.833478,
2.420669,1.897407,2.265208,3.043397,3.539697,3.833822,
2.415901,1.896819,2.325863,3.043404,3.539662,3.835223,
2.406315,1.895735,2.314586,3.043225,3.53948,3.83558,
2.401345,1.895329,2.304928,3.043309,3.539533,3.835891,
2.396486,1.894946,2.295451,3.043347,3.539618,3.836347,
2.378884,1.894862,2.259086,3.042965,3.539484,3.837019,
2.370119,1.895638,2.24009,3.043111,3.539531,3.837593,
2.361359,1.896368,2.220783,3.043215,3.539498,3.838535,
2.356999,1.896835,2.211227,3.043205,3.539426,3.839035,
2.345014,1.899146,2.181021,3.043308,3.539624,3.841636,
2.345409,1.899805,2.175138,3.043317,3.539644,3.842664,
2.337864,1.902197,2.160067,3.043033,3.539556,3.843496,
2.334251,1.90328,2.149531,3.042919,3.539528,3.844516,
2.327234,1.906383,2.128144,3.043123,3.539518,3.846951,
2.324106,1.908267,2.117595,3.043144,3.539563,3.848221,
2.320847,1.910176,2.09979,3.043229,3.539618,3.851081,
2.30889,1.919184,2.062208,3.043152,3.539572,3.855348,
2.306225,1.921924,2.051148,3.042803,3.539274,3.856492,
2.298051,1.930799,2.017179,3.042956,3.539597,3.861473,
2.292496,1.93712,1.994109,3.043326,3.539676,3.865077,
2.287312,1.943633,1.971346,3.043419,3.539906,3.86865,
2.287419,1.943969,1.97128,3.043491,3.539905,3.868695,
2.28486,1.9475,1.959831,3.043501,3.539866,3.870492,
2.279948,1.954869,1.937125,3.043428,3.539627,3.873987,
2.27757,1.958594,1.925947,3.043406,3.539624,3.875849,
2.274879,1.962184,1.914689,3.043387,3.539567,3.877714,
2.267406,1.972908,1.881223,3.0431,3.53941,3.882913,
2.262536,1.97958,1.859889,3.043132,3.539182,3.886534,
2.262896,1.979323,1.854022,3.043265,3.539513,3.888179,
2.258317,1.98468,1.840073,3.043271,3.539526,3.889911,
2.256097,1.987054,1.830323,3.043404,3.539642,3.891339,
2.254098,1.989405,1.820865,3.043458,3.539696,3.892674,
2.25234,1.991852,1.806242,3.043156,3.539581,3.894343,
2.248494,1.996175,1.794828,3.043135,3.539483,3.894965,
2.246462,1.998338,1.781567,3.043124,3.539565,3.895643,
2.242538,2.001733,1.771935,3.043113,3.539483,3.895381,
2.24062,2.003511,1.761156,3.042961,3.539357,3.895323,
2.237227,2.006849,1.752752,3.043003,3.539472,3.89498,
2.233733,2.009377,1.74132,3.042896,3.539512,3.894278,
2.23178,2.01043,1.736229,3.042858,3.5395,3.893646,
2.22488,2.013862,1.715849,3.043072,3.539531,3.892281,
2.222068,2.01461,1.707621,3.043095,3.539549,3.8912,
2.220462,2.015334,1.701521,3.043064,3.539579,3.889716,
2.219957,2.01575,1.698727,3.043024,3.53953,3.888935,
2.218913,2.016668,1.690055,3.043107,3.539446,3.887391,
2.219601,2.016309,1.690532,3.043197,3.539603,3.887725,
2.219085,2.016359,1.677291,3.043547,3.539742,3.887289,
2.219815,2.015649,1.670812,3.043519,3.539736,3.887362,
2.220346,2.015377,1.667464,3.043444,3.539598,3.887296,
2.223609,2.013989,1.659883,3.043149,3.539497,3.886962,
2.226283,2.012709,1.655857,3.04339,3.539534,3.887143,
2.23023,2.011182,1.652835,3.043362,3.539451,3.887772,
2.231079,2.010938,1.6535,3.043393,3.539554,3.888027,
2.233422,2.010262,1.652298,3.043452,3.539584,3.88831,
2.238368,2.008107,1.650237,3.043216,3.539566,3.888848,
2.241118,2.006813,1.649433,3.043164,3.539594,3.889261,
2.247131,2.004122,1.649169,3.043334,3.53958,3.889607,
2.254605,2.001333,1.650875,3.04345,3.539677,3.889283,
2.258492,1.99993,1.651917,3.04342,3.539611,3.889017,
2.266139,1.997131,1.653782,3.043512,3.539531,3.888369,
2.280441,1.991624,1.659581,3.043481,3.539793,3.885215,
2.290847,1.98787,1.664372,3.043521,3.539836,3.881895,
2.301939,1.983459,1.670145,3.043506,3.539666,3.87799,
2.302639,1.982633,1.671179,3.043555,3.539669,3.877168,
2.308217,1.979697,1.674207,3.043542,3.539601,3.874873,
2.320221,1.973496,1.681137,3.043448,3.539533,3.869083,
2.326542,1.970098,1.684893,3.043386,3.53953,3.865861,
2.333015,1.966579,1.688744,3.043386,3.539595,3.862452,
2.339618,1.962711,1.688284,3.043404,3.539537,3.855141,
2.352939,1.954901,1.701205,3.043457,3.539584,3.851344,
2.359813,1.950637,1.701081,3.043434,3.539594,3.843129,
2.373307,1.940807,1.714664,3.043343,3.539624,3.838231,
2.38027,1.935438,1.719623,3.04323,3.539576,3.833483,
2.387321,1.930012,1.724412,3.043326,3.539671,3.829027,
2.394131,1.924532,1.723809,3.043386,3.539731,3.820107,
2.40825,1.912459,1.738461,3.043386,3.539697,3.815749,
2.414725,1.906539,1.737261,3.043442,3.539606,3.807744,
2.428573,1.892936,1.752023,3.043432,3.539636,3.803674,
2.435403,1.886345,1.757041,3.04346,3.539632,3.799619,
2.441936,1.879327,1.762263,3.043429,3.539534,3.795519,
2.447904,1.872108,1.762984,3.043399,3.539778,3.787265,
2.460156,1.85791,1.777466,3.043549,3.539812,3.783297,
2.465742,1.850395,1.782223,3.043413,3.539744,3.779148,
2.470837,1.843087,1.786747,3.043367,3.539739,3.775017,
2.475623,1.835413,1.791086,3.043267,3.539685,3.770961,
2.480218,1.828236,1.79493,3.043044,3.539564,3.767032,
2.484373,1.820722,1.798321,3.043012,3.539579,3.763168,
2.488344,1.813532,1.801533,3.043063,3.539563,3.759707,
2.492375,1.807107,1.804559,3.042947,3.539479,3.756164,
2.496086,1.800578,1.807475,3.042957,3.539434,3.752926,
2.500026,1.79444,1.810829,3.043035,3.539586,3.749819,
2.504057,1.789327,1.814212,3.043192,3.539533,3.746997,
2.508272,1.783948,1.818162,3.043006,3.539256,3.743898,
2.512463,1.778828,1.821822,3.042773,3.539154,3.740657,
2.516509,1.774593,1.825637,3.042984,3.539074,3.737978,
2.520595,1.770448,1.829388,3.043068,3.539282,3.735181,
2.524678,1.766605,1.833254,3.043072,3.539289,3.732191,
2.528792,1.762882,1.836994,3.043158,3.539595,3.729328,
2.532749,1.759628,1.840724,3.043335,3.539778,3.726341,
2.536757,1.756192,1.844963,3.043333,3.539826,3.723001,
2.540779,1.753927,1.848416,3.04322,3.539613,3.720133,
2.544672,1.750922,1.85209,3.043329,3.539693,3.717203,
2.548302,1.748412,1.855408,3.043441,3.539755,3.714271,
2.551865,1.746031,1.858591,3.043483,3.539777,3.711347,
2.555872,1.743797,1.862201,3.04352,3.53975,3.708277,
2.559938,1.741807,1.865754,3.043535,3.539745,3.705056,
2.563447,1.739729,1.868739,3.043561,3.539806,3.701865,
2.567633,1.737881,1.872213,3.043555,3.539782,3.698644,
2.571796,1.736036,1.875699,3.043427,3.539661,3.695306,
2.575225,1.734052,1.87835,3.043553,3.539821,3.69225,
2.579222,1.732382,1.881264,3.043519,3.539845,3.689018,
2.583161,1.730838,1.88397,3.043519,3.539796,3.685929,
2.585612,1.729244,1.885016,3.043586,3.539736,3.683025,
2.589292,1.727873,1.887224,3.04358,3.539758,3.679992,
2.592957,1.726673,1.8894,3.043482,3.539718,3.676878,
2.595554,1.725513,1.890541,3.043473,3.539657,3.673735,
2.599296,1.724626,1.892772,3.043191,3.539489,3.670418,
2.603007,1.723858,1.895065,3.043076,3.539442,3.66718,
2.606345,1.72311,1.897071,3.043107,3.539371,3.664174,
2.610181,1.722581,1.899627,3.043312,3.539533,3.660983,
2.614205,1.721986,1.902406,3.043495,3.539539,3.65777,
2.617283,1.721784,1.90413,3.043438,3.539524,3.654539,
2.621279,1.721652,1.906853,3.0435,3.53949,3.651186,
2.624713,1.721705,1.908789,3.043586,3.539647,3.648093,
2.628838,1.721919,1.911471,3.043526,3.539661,3.644844,
2.632986,1.722157,1.9142,3.043615,3.539743,3.641577,
2.637408,1.722754,1.917088,3.043559,3.539653,3.638229,
2.641075,1.723162,1.919281,3.043688,3.539719,3.635008,
2.642632,1.723566,1.919393,3.043591,3.539775,3.631456,
2.65451,1.72523,1.930014,3.043405,3.539592,3.627762,
2.658838,1.725906,1.932953,3.043333,3.539561,3.624256,
2.662935,1.726957,1.935612,3.043262,3.539486,3.620638,
2.66793,1.727821,1.9391,3.043279,3.53948,3.617178,
2.672354,1.729077,1.942057,3.043217,3.539451,3.613539,
2.676781,1.730331,1.945023,3.043175,3.539381,3.60994,
2.681715,1.731622,1.948267,3.043272,3.539484,3.606364,
2.686206,1.732612,1.950881,3.043051,3.53946,3.602811,
2.690807,1.733715,1.953481,3.043191,3.539541,3.599452,
2.695409,1.734933,1.956056,3.043276,3.539582,3.596077,
2.700373,1.736339,1.958701,3.043292,3.539603,3.592804,
2.705574,1.738064,1.961152,3.043292,3.53959,3.58959,
2.71096,1.74013,1.963773,3.043218,3.539596,3.586332,
2.717061,1.742566,1.966828,3.043168,3.539597,3.583221,
2.723222,1.744979,1.969585,3.043123,3.539568,3.580022,
2.729627,1.747634,1.972521,3.043181,3.539614,3.576892,
2.736095,1.750119,1.975242,3.043208,3.539623,3.573611,
2.743004,1.752643,1.978183,3.043224,3.539645,3.570172,
2.749017,1.755202,1.980261,3.043267,3.539669,3.566669,
2.755217,1.757661,1.98227,3.043332,3.539662,3.563336,
2.761644,1.760171,1.984628,3.043155,3.539571,3.559755,
2.76756,1.762709,1.986341,3.04309,3.539517,3.556415,
2.773479,1.764982,1.987975,3.04319,3.539533,3.553322,
2.77964,1.767215,1.989991,3.043276,3.539465,3.550067,
2.785298,1.769381,1.991505,3.043359,3.539591,3.546973,
2.791224,1.77164,1.993298,3.043467,3.539576,3.543876,
2.797494,1.774005,1.995368,3.043541,3.539601,3.540743,
2.803653,1.776398,1.997438,3.043433,3.539614,3.537543,
2.810214,1.778708,2,3.043512,3.539604,3.534634,
2.816802,1.780978,2.002624,3.043461,3.539638,3.531659,
2.823027,1.783244,2.004901,3.043552,3.5396,3.528911,
2.829305,1.78537,2.00729,3.043512,3.539597,3.526028,
2.835642,1.787464,2.009735,3.043536,3.539616,3.523405,
2.841667,1.789326,2.011817,3.043406,3.539504,3.520709,
2.847746,1.791053,2.014118,3.043385,3.539468,3.518142,
2.853808,1.792602,2.016547,3.043442,3.539513,3.515523,
2.859696,1.794124,2.018858,3.043562,3.539509,3.513029,
2.865614,1.795368,2.021421,3.043578,3.539614,3.510483,
2.871484,1.796552,2.024139,3.043595,3.539658,3.507785,
2.877178,1.79754,2.026707,3.043545,3.539587,3.505,
2.882974,1.798452,2.03003,3.043422,3.539599,3.502007,
2.888999,1.799341,2.033364,3.04322,3.539633,3.499132,
2.895105,1.800341,2.037089,3.043176,3.539617,3.49627,
2.901064,1.801172,2.040834,3.043135,3.539639,3.493528,
2.907086,1.802105,2.044856,3.04321,3.539653,3.490716,
2.913294,1.803257,2.049093,3.043159,3.5396,3.487782,
2.919266,1.804133,2.053488,3.043167,3.539606,3.485019,
2.925344,1.805138,2.058262,3.043188,3.53964,3.482037,
2.931001,1.806113,2.06306,3.043172,3.53964,3.478953,
2.936847,1.806978,2.06828,3.04327,3.539665,3.476048,
2.942342,1.807886,2.073184,3.043372,3.53964,3.473085,
2.948409,1.808807,2.079335,3.043419,3.539632,3.470095,
2.954471,1.809733,2.085177,3.043369,3.539621,3.467309,
2.960369,1.810637,2.091032,3.043385,3.539648,3.464455,
2.966132,1.811275,2.097126,3.043251,3.539522,3.461629,
2.972335,1.812227,2.10368,3.043005,3.539477,3.459048,
2.978661,1.813152,2.110446,3.043097,3.539536,3.456579,
2.984228,1.813534,2.116541,3.043361,3.539645,3.454411,
2.990118,1.813993,2.123177,3.043232,3.539643,3.452358,
2.995546,1.814085,2.129157,3.04332,3.539686,3.450226,
3.000535,1.813977,2.134887,3.043319,3.539646,3.448236,
3.005296,1.813449,2.140784,3.043411,3.539667,3.446297,
3.009885,1.812887,2.146722,3.043365,3.539661,3.443887,
3.014087,1.812209,2.152631,3.043398,3.539778,3.441447,
3.0181,1.811267,2.158349,3.043412,3.539804,3.439058,
3.021824,1.810267,2.164338,3.043415,3.539789,3.436145,
3.025512,1.809193,2.170405,3.043421,3.539703,3.43312,
3.029385,1.808234,2.176853,3.043286,3.539697,3.429928,
3.033116,1.807332,2.18319,3.043253,3.539598,3.426764,
3.036691,1.806419,2.189614,3.043583,3.539808,3.423897,
3.040247,1.805603,2.19632,3.04334,3.539822,3.420564,
3.043705,1.804758,2.202767,3.043358,3.539826,3.417322,
3.04659,1.803607,2.208783,3.043182,3.539599,3.413944,
3.049548,1.802539,2.214981,3.043198,3.539618,3.410488,
3.05272,1.801523,2.221405,3.043311,3.539704,3.407014,
3.055242,1.800677,2.227379,3.043076,3.539612,3.403156,
3.057757,1.799926,2.233194,3.043058,3.539572,3.399581,
3.06001,1.799345,2.239059,3.04321,3.539549,3.395793,
3.062119,1.798555,2.244782,3.0433,3.539722,3.392118,
3.064277,1.797913,2.250383,3.043285,3.53969,3.388481,
3.066688,1.797432,2.256331,3.043285,3.539693,3.38465,
3.069086,1.797043,2.262262,3.043198,3.539616,3.380867,
3.071598,1.796756,2.268273,3.043271,3.53957,3.377226,
3.074355,1.796687,2.274492,3.043193,3.539544,3.373374,
3.077041,1.796664,2.280583,3.043142,3.539559,3.369544,
3.063707,1.796539,2.274107,3.04335,3.539577,3.365652,
3.081478,1.79934,2.291945,3.043282,3.539625,3.361566,
3.08305,1.797416,2.296845,3.043361,3.539619,3.357574,
3.085905,1.798271,2.303063,3.043352,3.539657,3.353542,
3.087708,1.798838,2.308213,3.043421,3.539665,3.349278,
3.089325,1.798862,2.313129,3.043578,3.5397,3.34508,
3.091459,1.799879,2.318453,3.043446,3.539698,3.340474,
3.093312,1.800892,2.323536,3.043299,3.539601,3.33575,
3.094826,1.801567,2.328046,3.043303,3.539697,3.331065,
3.096878,1.802817,2.333175,3.043235,3.53966,3.326318,
3.098501,1.80403,2.337792,3.04327,3.539636,3.321284,
3.099939,1.804976,2.342489,3.043381,3.53968,3.316026,
3.101428,1.806258,2.347149,3.043211,3.539638,3.310326,
3.102766,1.807578,2.351637,3.043139,3.539622,3.304772,
3.103518,1.808632,2.355798,3.043242,3.539603,3.298872,
3.104759,1.810032,2.360266,3.043256,3.539689,3.29293,
3.105457,1.811309,2.364304,3.043282,3.539679,3.286785,
3.106065,1.812548,2.368218,3.043314,3.539884,3.280651,
3.106632,1.814011,2.372198,3.043267,3.539896,3.274108,
3.107054,1.815688,2.376221,3.043154,3.539875,3.267252,
3.107925,1.81792,2.380575,3.043011,3.539796,3.260321,
3.108484,1.819944,2.384745,3.043001,3.539795,3.253377,
3.108965,1.821782,2.388851,3.043072,3.539828,3.246387,
3.10944,1.824095,2.393207,3.043094,3.539769,3.238966,
3.109999,1.826488,2.397486,3.043001,3.539687,3.23145,
3.110407,1.829077,2.401825,3.042827,3.53969,3.223845,
3.111022,1.831768,2.406763,3.042826,3.539645,3.215882,
3.111395,1.834652,2.411227,3.042809,3.539643,3.208174,
3.111719,1.837462,2.416005,3.042755,3.539651,3.200239,
3.112265,1.840116,2.42065,3.042813,3.539505,3.192327,
3.112314,1.843076,2.425302,3.042957,3.539398,3.184561,
3.112507,1.845764,2.429964,3.042878,3.539384,3.176645,
3.113087,1.848727,2.434954,3.04287,3.53954,3.168811,
3.113173,1.851347,2.439691,3.042869,3.539616,3.160835,
3.113371,1.854206,2.444874,3.042854,3.539576,3.15264,
3.113454,1.856787,2.449848,3.043013,3.539717,3.144635,
3.113546,1.859709,2.455095,3.042901,3.539433,3.136222,
3.113431,1.862287,2.459812,3.042675,3.53928,3.128133,
3.113355,1.864631,2.464867,3.042535,3.539432,3.119807,
3.112718,1.866995,2.469412,3.042697,3.539676,3.111934,
3.11246,1.869675,2.474409,3.043007,3.539775,3.104242,
3.112231,1.872492,2.47949,3.043172,3.539759,3.096424,
3.112071,1.875066,2.48397,3.042932,3.539855,3.088758,
3.111557,1.877797,2.488575,3.042979,3.53986,3.080957,
3.110916,1.880443,2.492897,3.042873,3.539855,3.07327,
3.110518,1.88308,2.497189,3.042681,3.539904,3.065652,
3.109674,1.885683,2.501317,3.042658,3.539868,3.058154,
3.108664,1.888142,2.505241,3.042601,3.539936,3.050472,
3.107432,1.890747,2.508809,3.042691,3.539985,3.043579,
3.1063,1.893294,2.512379,3.042661,3.539958,3.036754,
3.104965,1.895753,2.515251,3.042585,3.540081,3.030473,
3.103467,1.898246,2.517901,3.042593,3.540003,3.024443,
3.102049,1.900628,2.520688,3.042766,3.540049,3.018387,
3.100204,1.903068,2.522974,3.042873,3.539781,3.012514,
3.099225,1.905367,2.525034,3.042536,3.539806,3.007183,
3.097676,1.907727,2.527186,3.042653,3.539834,3.001833,
3.096667,1.91003,2.529099,3.041071,3.539889,2.996306,
3.094368,1.912194,2.530715,3.04165,3.539877,2.990905,
3.092376,1.913839,2.532004,3.04152,3.539745,2.985635,
3.089434,1.915438,2.532966,3.042111,3.539726,2.98014,
3.086442,1.916768,2.533634,3.042689,3.539666,2.974956,
3.08367,1.918041,2.534159,3.042825,3.539699,2.969892,
3.080412,1.918973,2.534469,3.042937,3.53967,2.964507,
3.077279,1.919894,2.534735,3.043231,3.53969,2.959358,
3.074092,1.920758,2.534945,3.043263,3.539649,2.953981,
3.070424,1.921137,2.534717,3.043485,3.539713,2.948521,
3.067118,1.921663,2.534751,3.043548,3.539688,2.943072,
3.06373,1.922017,2.534674,3.043606,3.539672,2.93757,
3.060123,1.922207,2.534487,3.043726,3.539687,2.932064,
3.056704,1.922352,2.534297,3.043792,3.539722,2.926637,
3.053305,1.922601,2.534164,3.043836,3.539689,2.921147,
3.049679,1.922755,2.533852,3.043823,3.539567,2.915429,
3.046011,1.922984,2.533422,3.043799,3.539597,2.909967,
3.042197,1.923255,2.532998,3.043867,3.539512,2.904481,
3.038712,1.923376,2.532737,3.04383,3.539616,2.898957,
3.035164,1.923581,2.5324,3.043524,3.539394,2.893373,
3.031385,1.923537,2.531919,3.043475,3.539433,2.887956,
3.027528,1.923445,2.531371,3.043499,3.539404,2.882491,
3.023622,1.923187,2.530481,3.043401,3.539583,2.877316,
3.019431,1.922889,2.529592,3.04332,3.539531,2.871921,
3.014976,1.922623,2.528634,3.043301,3.539628,2.866435,
3.010509,1.922242,2.527556,3.043469,3.53972,2.861169,
3.005767,1.92182,2.526493,3.043658,3.539785,2.855772,
3.001097,1.921176,2.52544,3.043614,3.539748,2.850032,
2.996202,1.920377,2.524182,3.043605,3.539733,2.844341,
2.991587,1.919549,2.52317,3.043744,3.539788,2.838843,
2.986803,1.918513,2.522233,3.043693,3.539779,2.832659,
2.981773,1.917787,2.520989,3.043699,3.539762,2.826927,
2.976766,1.91705,2.519903,3.043731,3.539793,2.821146,
2.972234,1.916348,2.519335,3.043371,3.539797,2.814776,
2.966931,1.915584,2.518102,3.043244,3.539735,2.808685,
2.961537,1.914647,2.516742,3.043112,3.539649,2.802442,
2.956793,1.913314,2.515752,3.043004,3.539681,2.796098,
2.951193,1.91214,2.514296,3.042729,3.539622,2.789455,
2.944951,1.910588,2.512353,3.042818,3.539639,2.782996,
2.939639,1.90868,2.511096,3.043102,3.539724,2.776231,
2.955031,1.907555,2.52385,3.043255,3.539759,2.769268,
2.940568,1.904855,2.516458,3.043072,3.539621,2.762016,
2.934005,1.902577,2.514729,3.043234,3.53962,2.754287,
2.930852,1.900245,2.515123,3.043368,3.539653,2.746947,
2.922421,1.897873,2.512284,3.043433,3.539751,2.739224,
2.916305,1.89565,2.510947,3.04354,3.539777,2.731367,
2.911637,1.893615,2.510976,3.04361,3.539796,2.72318,
2.904398,1.891628,2.509538,3.043534,3.539671,2.714638,
2.898901,1.890066,2.509378,3.043429,3.539651,2.706198,
2.894396,1.888643,2.510376,3.043534,3.539703,2.697361,
2.888215,1.887589,2.510391,3.043654,3.539754,2.688696,
2.883168,1.88684,2.51175,3.043587,3.539753,2.679217,
2.878904,1.886249,2.513505,3.043255,3.53968,2.669952,
2.873425,1.885985,2.514448,3.043304,3.539684,2.661173,
2.868677,1.885617,2.515985,3.043381,3.539681,2.652063,
2.86412,1.885255,2.517723,3.043479,3.539678,2.643052,
2.858711,1.884616,2.518781,3.04341,3.539709,2.634028,
2.853723,1.884168,2.520378,3.043483,3.539662,2.624989,
2.848902,1.883571,2.522147,3.043519,3.53969,2.61601,
2.843315,1.882853,2.523337,3.043582,3.539419,2.607101,
2.838106,1.881824,2.52482,3.043581,3.539564,2.598165,
2.833029,1.880841,2.526112,3.043637,3.539531,2.589712,
2.827713,1.879671,2.526573,3.043545,3.539351,2.581529,
2.822076,1.878072,2.52764,3.043421,3.539697,2.57296,
2.816783,1.876741,2.528274,3.043413,3.539693,2.564997,
2.811995,1.8757,2.529303,3.043579,3.539895,2.557265,
2.807031,1.874365,2.530349,3.043649,3.539929,2.549347,
2.802214,1.87325,2.531656,3.043632,3.539913,2.541449,
2.797593,1.872261,2.532993,3.043615,3.539807,2.533809,
2.793277,1.871698,2.534683,3.04357,3.539814,2.526331,
2.788959,1.871269,2.536471,3.043574,3.539802,2.519003,
2.784961,1.870949,2.538386,3.043543,3.539769,2.511952,
2.780975,1.870671,2.54043,3.043606,3.539785,2.504884,
2.776986,1.870436,2.54241,3.043483,3.539677,2.497915,
2.773107,1.870166,2.544244,3.043528,3.539678,2.491522,
2.769478,1.870113,2.546162,3.043554,3.539689,2.485378,
2.765824,1.870345,2.548194,3.043504,3.539702,2.479174,
2.762533,1.870415,2.550024,3.043296,3.539714,2.47335,
2.759071,1.870745,2.551841,3.043399,3.539702,2.467657,
2.755661,1.87116,2.553449,3.043409,3.539691,2.462443,
2.75262,1.87161,2.5552,3.04346,3.539706,2.457327,
2.749522,1.87229,2.556884,3.04334,3.539688,2.452341,
2.746561,1.873114,2.558786,3.043367,3.539661,2.447347,
2.743344,1.873804,2.560217,3.043416,3.539688,2.442632,
2.740393,1.87465,2.562101,3.043468,3.539705,2.437735,
2.737615,1.875492,2.563849,3.043416,3.539699,2.433077,
2.73432,1.875802,2.565194,3.043274,3.539639,2.428164,
2.73134,1.876621,2.567004,3.043048,3.539598,2.423313,
2.728273,1.877256,2.572796,3.043242,3.539656,2.413629,
2.722152,1.879056,2.573184,3.043376,3.539667,2.408592,
2.719593,1.880431,2.575968,3.043483,3.53966,2.403501,
2.716983,1.881977,2.578967,3.04329,3.539585,2.398273,
2.714266,1.883637,2.582363,3.043441,3.539708,2.392867,
2.711827,1.885468,2.585934,3.043417,3.53967,2.387357,
2.709299,1.887375,2.589854,3.0435,3.539746,2.381719,
2.706653,1.889331,2.593743,3.043447,3.539747,2.375947,
2.704361,1.891325,2.598083,3.04337,3.539732,2.36994,
2.70172,1.893209,2.602386,3.043468,3.539756,2.363922,
2.699101,1.895297,2.606934,3.043518,3.539756,2.357681,
2.696816,1.897413,2.611793,3.043519,3.539799,2.35137,
2.694359,1.899546,2.616502,3.043505,3.539718,2.345017,
2.691968,1.901848,2.621531,3.043573,3.539722,2.338587,
2.690222,1.904227,2.626969,3.043484,3.539711,2.332119,
2.687799,1.906521,2.63198,3.043389,3.539575,2.325506,
2.685574,1.908994,2.637319,3.043446,3.539572,2.318999,
2.683562,1.911723,2.642705,3.043456,3.539588,2.312622,
2.681412,1.914365,2.648131,3.043517,3.539646,2.306199,
2.679321,1.916981,2.653845,3.043479,3.539662,2.299553,
2.67739,1.919746,2.659507,3.043485,3.539686,2.293165,
2.674983,1.922152,2.665069,3.043396,3.539613,2.286456,
2.672724,1.924561,2.670854,3.043578,3.539605,2.279848,
2.67068,1.926995,2.676696,3.043571,3.539585,2.273279,
2.668455,1.929187,2.68249,3.043611,3.539668,2.266602,
2.666479,1.93158,2.68863,3.04336,3.539637,2.259651,
2.664616,1.933951,2.694839,3.043387,3.539644,2.25282,
2.662802,1.936407,2.701161,3.043306,3.539836,2.245963,
2.661126,1.939044,2.707641,3.043332,3.539855,2.239042,
2.659636,1.941887,2.714419,3.043491,3.539855,2.232116,
2.658283,1.944698,2.721396,3.043528,3.539914,2.225052,
2.656996,1.947831,2.728519,3.043375,3.539931,2.217824,
2.656128,1.951471,2.73623,3.043299,3.53966,2.210593,
2.65522,1.955165,2.74405,3.043332,3.539429,2.203159,
2.65461,1.959337,2.752369,3.043165,3.539401,2.195666,
2.65422,1.963759,2.761068,3.043114,3.539473,2.187965,
2.653505,1.967941,2.769668,3.043084,3.539445,2.180049,
2.652824,1.972381,2.778518,3.04321,3.539425,2.172089,
2.652095,1.976825,2.78755,3.04341,3.539645,2.16396,
2.651496,1.9813,2.797615,3.04336,3.539674,2.154744,
2.65053,1.985579,2.807537,3.04348,3.539691,2.145636,
2.649688,1.989796,2.817618,3.0436,3.539784,2.136583,
2.648489,1.993595,2.828022,3.043693,3.53985,2.126903,
2.647542,1.997292,2.838615,3.043737,3.539896,2.117329,
2.646533,2.000562,2.849455,3.043762,3.539947,2.107234,
2.645352,2.003704,2.860153,3.043777,3.539892,2.097118,
2.644464,2.006756,2.870993,3.043745,3.539892,2.087073,
2.643526,2.009407,2.881529,3.043758,3.539926,2.077147,
2.642216,2.011569,2.891582,3.043694,3.539812,2.067106,
2.641233,2.013859,2.901589,3.043607,3.539803,2.057383,
2.640511,2.016338,2.911521,3.043674,3.539746,2.048012,
2.639539,2.018655,2.921086,3.043676,3.539725,2.038711,
2.638858,2.02129,2.930536,3.043547,3.539684,2.029793,
2.638141,2.024097,2.939927,3.043452,3.539597,2.020921,
2.637559,2.026891,2.949063,3.043471,3.539725,2.012627,
2.636707,2.029409,2.957619,3.043504,3.539719,2.004548,
2.636036,2.031393,2.965468,3.043621,3.539759,1.997108,
2.635301,2.033295,2.973654,3.043514,3.539862,1.989119,
2.634308,2.034752,2.981058,3.043566,3.539875,1.981666,
2.633673,2.035761,2.988421,3.043626,3.539877,1.974353,
2.632457,2.036252,2.994995,3.043633,3.539901,1.967305,
2.631744,2.036796,3.001677,3.043417,3.539889,1.960368,
2.630983,2.036947,3.008091,3.043444,3.539896,1.953589,
2.630426,2.036841,3.014263,3.04325,3.539743,1.946857,
2.629717,2.036616,3.020175,3.043274,3.539815,1.940529,
2.629219,2.035989,3.025966,3.043346,3.539845,1.934277,
2.629025,2.035592,3.032103,3.04331,3.539898,1.927921,
2.62898,2.034965,3.03819,3.04338,3.5399,1.921641,
2.628931,2.034356,3.044054,3.043393,3.539898,1.915592,
2.629203,2.033554,3.049877,3.043467,3.539906,1.909765,
2.629474,2.032475,3.055671,3.04347,3.539823,1.903639,
2.629898,2.031223,3.061149,3.043209,3.539786,1.897869,
2.630288,2.029581,3.06657,3.043126,3.539654,1.891983,
2.631161,2.027813,3.071981,3.043287,3.539663,1.886404,
2.631836,2.026238,3.077221,3.043149,3.539587,1.88084,
2.633162,2.024812,3.082895,3.043171,3.539689,1.875364,
2.634487,2.023293,3.088521,3.043242,3.539675,1.869887,
2.635772,2.021667,3.094128,3.043354,3.539741,1.864444,
2.637179,2.020215,3.100052,3.043428,3.53985,1.858898,
2.63871,2.018512,3.105753,3.043464,3.539891,1.853336,
2.639975,2.016699,3.111454,3.043355,3.539858,1.847709,
2.64148,2.014831,3.117315,3.043319,3.539598,1.841936,
2.64322,2.012541,3.123237,3.043267,3.53957,1.836255,
2.644546,2.01019,3.129075,3.043175,3.539437,1.830369,
2.646012,2.007685,3.135002,3.043355,3.5394,1.824597,
2.647635,2.004905,3.141585,3.043426,3.539432,1.818074,
2.648987,2.002165,3.147394,3.043386,3.539366,1.812185,
2.650688,1.999366,3.153631,3.043459,3.539688,1.806184,
2.652457,1.996436,3.159738,3.043223,3.53959,1.799973,
2.653763,1.993563,3.165646,3.043329,3.539655,1.793996,
2.655477,1.991112,3.171845,3.043367,3.539614,1.787891,
2.657348,1.988588,3.178235,3.043544,3.539635,1.781711,
2.658841,1.986261,3.184326,3.043583,3.539711,1.775597,
2.660415,1.984003,3.19057,3.043642,3.539735,1.769289,
2.66234,1.981709,3.196996,3.04367,3.539789,1.762984,
2.66364,1.979419,3.203261,3.043672,3.539783,1.756533,
2.664881,1.976881,3.209662,3.043586,3.53969,1.749697,
2.666566,1.974053,3.215986,3.043482,3.539692,1.743157,
2.66767,1.971126,3.222279,3.043422,3.539623,1.736212,
2.669432,1.968627,3.229177,3.043509,3.539824,1.729433,
2.671323,1.965888,3.236438,3.043511,3.539806,1.722167,
2.672862,1.963397,3.243543,3.043497,3.539689,1.714913,
2.674834,1.961191,3.251524,3.043584,3.539706,1.70728,
2.677125,1.958718,3.25947,3.043597,3.539804,1.699796,
2.678939,1.956469,3.267336,3.043578,3.539924,1.692285,
2.681109,1.954404,3.275538,3.043496,3.539803,1.684487,
2.683687,1.952263,3.284444,3.043499,3.539819,1.676377,
2.685868,1.950313,3.293064,3.043512,3.539829,1.668494,
2.68844,1.948315,3.302557,3.043584,3.5398,1.659927,
2.691468,1.94638,3.312256,3.043605,3.539852,1.651477,
2.694452,1.944492,3.322009,3.043533,3.539839,1.642929,
2.697867,1.942592,3.332511,3.043391,3.539785,1.633869,
2.701496,1.940795,3.343259,3.043477,3.539788,1.6249,
2.704899,1.938963,3.353759,3.043573,3.539821,1.616014,
2.70858,1.936866,3.364367,3.043439,3.539862,1.606978,
2.712356,1.934752,3.37505,3.043473,3.539804,1.597951,
2.715942,1.932416,3.385347,3.043583,3.539839,1.589042,
2.719394,1.930172,3.395307,3.043535,3.53996,1.58033,
2.722717,1.927783,3.405434,3.043468,3.539909,1.571216,
2.726024,1.925456,3.414991,3.043453,3.539859,1.56256,
2.729165,1.923438,3.424419,3.043371,3.539839,1.554151,
2.731757,1.921808,3.433896,3.043315,3.53978,1.545476,
2.735117,1.92018,3.442869,3.043392,3.539998,1.537863,
2.73825,1.919405,3.452204,3.043406,3.539795,1.529919,
2.741375,1.918798,3.461346,3.043383,3.539825,1.522269,
2.74451,1.918376,3.47052,3.043359,3.539869,1.514793,
2.747589,1.918403,3.479151,3.043324,3.539886,1.508051,
2.750594,1.918418,3.487543,3.043393,3.539937,1.501541,
2.753551,1.918401,3.495689,3.043516,3.540027,1.495247,
2.756223,1.918772,3.503777,3.043594,3.540051,1.488987,
2.758883,1.918831,3.511961,3.043596,3.540042,1.482459,
2.7614,1.918952,3.519475,3.043308,3.53974,1.476266,
2.76383,1.919185,3.52713,3.043368,3.53974,1.470232,
2.766087,1.919324,3.534334,3.043427,3.539745,1.464494,
2.76829,1.919544,3.541039,3.04335,3.539624,1.459134,
2.770441,1.920011,3.547014,3.043406,3.539628,1.454737,
2.772778,1.920689,3.553711,3.043419,3.539614,1.449782,
2.775272,1.921696,3.5596,3.043472,3.53961,1.445936,
2.77786,1.922966,3.56571,3.043553,3.53967,1.442147,
2.780671,1.924368,3.57239,3.043625,3.539704,1.43798,
2.783594,1.926139,3.578363,3.043728,3.539751,1.434747,
2.786307,1.927611,3.584943,3.043747,3.539758,1.430603,
2.789122,1.929346,3.591414,3.043672,3.539666,1.426686,
2.791652,1.930861,3.597546,3.043704,3.539648,1.422852,
2.793914,1.932483,3.603823,3.043687,3.539637,1.418764,
2.796419,1.934196,3.610549,3.043454,3.539467,1.414307,
2.798558,1.935756,3.616662,3.043199,3.539249,1.410099,
2.80078,1.937543,3.623437,3.043159,3.539241,1.405649,
2.803003,1.939507,3.630211,3.043176,3.539275,1.401332,
2.805133,1.941617,3.636918,3.043182,3.53939,1.397227,
2.807352,1.943773,3.644258,3.043207,3.539367,1.392496,
2.809628,1.946063,3.651598,3.043362,3.539511,1.387945,
2.811824,1.948641,3.659302,3.0433,3.539518,1.383108,
2.814184,1.951153,3.665556,3.0435,3.539623,1.379716,
2.81665,1.953952,3.673276,3.043624,3.539736,1.375234,
2.819243,1.956669,3.6813,3.043624,3.539679,1.370379,
2.821515,1.959496,3.689315,3.043586,3.539698,1.365532,
2.823982,1.962418,3.697587,3.043588,3.53975,1.360542,
2.826286,1.965336,3.705838,3.043564,3.539867,1.355641,
2.828833,1.968287,3.714334,3.043581,3.539905,1.350651,
2.831147,1.971159,3.722635,3.043791,3.540064,1.345823,
2.833474,1.974247,3.731132,3.043819,3.540045,1.340774,
2.835974,1.97734,3.739793,3.043886,3.540085,1.335823,
2.838714,1.980637,3.748691,3.043869,3.540035,1.330812,
2.841587,1.984079,3.75779,3.043815,3.539983,1.32576,
2.843976,1.98765,3.766867,3.043732,3.54002,1.320694,
2.847168,1.991594,3.776719,3.043392,3.539631,1.315288,
2.85,1.995532,3.786495,3.043451,3.539628,1.310055,
2.853449,1.999713,3.796659,3.043222,3.539609,1.30479,
2.856788,2.004069,3.807246,3.043215,3.539721,1.29926,
2.859942,2.008556,3.817864,3.04329,3.539544,1.293651,
2.863279,2.013033,3.82872,3.043331,3.539668,1.288068,
2.866982,2.017897,3.840161,3.043617,3.539821,1.282372,
2.870546,2.022938,3.85181,3.043747,3.539943,1.276523,
2.87456,2.028421,3.864201,3.043694,3.539962,1.270324,
2.878702,2.033914,3.876682,3.043483,3.53979,1.26401,
,,,,

2.883035,2.039942,3.896531,3.04356,3.539866,1.251119,
2.892019,2.05263,3.923994,3.043695,3.539985,1.238273,
2.901855,2.066286,3.953061,3.043664,3.540073,1.225176,
2.911612,2.080279,3.982905,3.043861,3.540179,1.211767,
2.926269,2.101315,4.028411,3.043676,3.540013,1.19089,
2.935398,2.116314,4.060136,3.043831,3.539997,1.176495,
2.94496,2.131935,4.093367,3.043803,3.539937,1.161179,
2.954771,2.148347,4.136234,3.043363,3.539744,1.137059,
2.969678,2.173417,4.181295,3.043425,3.539811,1.119994,
2.988101,2.205718,4.246338,3.043391,3.539752,1.092117,
2.992148,2.212604,4.274843,3.043423,3.539777,1.072654,
3.00117,2.231519,4.316304,3.04352,3.539822,1.054309,
3.003816,2.237337,4.340837,3.043558,3.539765,1.037765,
3.010648,2.253977,4.376727,3.04329,3.539778,1.022367,
3.013643,2.264994,4.404571,3.043453,3.540026,1.007741,
3.016186,2.275344,4.429476,3.043266,3.539786,0.9945868,
3.018139,2.284461,4.450988,3.043185,3.539761,0.9837668,
3.015783,2.287253,4.458984,3.043218,3.539722,0.9784538,
3.015654,2.2911,4.468604,3.04314,3.53966,0.9730764,
3.015365,2.294945,4.482398,3.043252,3.539746,0.9638948,
3.015418,2.309691,4.513179,3.043578,3.53984,0.9499224,
3.014474,2.316653,4.528645,3.043565,3.539791,0.9426541,
3.012302,2.322585,4.542644,3.043674,3.539773,0.9357978,
3.009697,2.327481,4.554713,3.043485,3.53961,0.9301172,
3.009012,2.326359,4.556483,3.043447,3.539704,0.9280459,
3.006035,2.33065,4.567132,3.043496,3.539648,0.9231823,
3.003428,2.335454,4.58023,3.043534,3.539789,0.9168218,
2.998219,2.346364,4.595109,3.043532,3.539746,0.9133591,
2.99622,2.35153,4.604009,3.043438,3.539888,0.9109417,
2.993862,2.35605,4.612508,3.043441,3.53995,0.9082961,
2.992065,2.359991,4.620797,3.043368,3.540032,0.9055876,
2.992209,2.359809,4.620534,3.043327,3.539963,0.9056702,
2.990234,2.363946,4.631158,3.04338,3.539745,0.9003584,
2.988863,2.368435,4.637436,3.043396,3.539731,0.8986624,
2.987754,2.37288,4.648058,3.043361,3.539716,0.8930005,
2.98775,2.377449,4.656673,3.043423,3.539749,0.8888456,
2.988193,2.381758,4.664909,3.043227,3.539723,0.8845487,
2.989937,2.388072,4.675068,3.043464,3.53989,0.8808829,
2.990998,2.39229,4.683216,3.043297,3.539865,0.8761746,
2.991448,2.396411,4.691038,3.043453,3.539797,0.8710534,
2.991387,2.399049,4.700099,3.04357,3.539744,0.8631979,
2.990971,2.399952,4.704675,3.043502,3.539701,0.8586575,
2.990815,2.401024,4.71441,3.043715,3.539876,0.8490905,
2.990719,2.403289,4.727564,3.04356,3.539832,0.8363305,
2.991416,2.408293,4.750034,3.04334,3.539531,0.8155906,
2.992205,2.410676,4.767921,3.04352,3.539615,0.7981138,
2.993185,2.413194,4.785837,3.043754,3.539831,0.7807345,
2.993043,2.414722,4.802567,3.043676,3.539905,0.7632463,
2.992746,2.414194,4.801643,3.043519,3.539777,0.7633398,
2.992094,2.414017,4.81293,3.04347,3.539753,0.7498898,
2.990651,2.413946,4.823886,3.043388,3.539729,0.7354793,
2.988644,2.413951,4.834556,3.043709,3.539857,0.7212777,
2.988044,2.414417,4.846186,3.043521,3.539929,0.7064981,
2.98511,2.414978,4.861418,3.043336,3.539943,0.6851617,
2.98307,2.413906,4.870069,3.043659,3.539993,0.6713135,
2.981069,2.41271,4.877577,3.043705,3.539915,0.6591517,
2.979964,2.412318,4.880079,3.043706,3.539899,0.6542822,
2.976321,2.410278,4.88484,3.043934,3.539924,0.6420603,
2.976582,2.410145,4.883113,3.043806,3.539924,0.643611,
2.974891,2.409236,4.88496,3.043665,3.539854,0.6367142,
2.974349,2.409007,4.886272,3.043615,3.53984,0.6330671,
2.973929,2.40911,4.888953,3.043551,3.539827,0.6262203,
2.97324,2.410604,4.890733,3.043416,3.539998,0.6201289,
2.973732,2.411508,4.89132,3.043259,3.540011,0.6188757,
2.977076,2.41507,4.894486,3.043414,3.540077,0.6161299,
2.980062,2.418726,4.898695,3.043723,3.539875,0.6131675,
2.983801,2.422684,4.902276,3.043962,3.540089,0.6115057,
2.98483,2.422719,4.90202,3.043942,3.53999,0.6121826,
2.986588,2.424455,4.902907,3.044032,3.540036,0.611168,
2.989913,2.427395,4.906497,3.04385,3.539796,0.6096225,
2.993135,2.429943,4.915809,3.043812,3.539815,0.6031631,
2.998096,2.43603,4.934006,3.04359,3.539895,0.5914884,
3.000347,2.439325,4.954653,3.043703,3.540409,0.5751365,
3.002374,2.442617,4.974912,3.043343,3.539951,0.5585084,
3.002702,2.443954,5.00075,3.043289,3.539694,0.5355974,
3.002334,2.445321,5.015548,3.043426,3.539781,0.5226748,
3.001081,2.444996,5.040635,3.043603,3.539769,0.4994035,
2.999144,2.446203,5.07973,3.043794,3.539807,0.4646525,
2.996633,2.44531,5.101799,3.043695,3.539783,0.4436743,
2.9937,2.443754,5.120509,3.043654,3.539801,0.4258121,
2.990319,2.441875,5.136144,3.043649,3.539822,0.4101968,
2.989757,2.441157,5.141345,3.043575,3.539783,0.4031166,
2.985938,2.438509,5.154364,3.04359,3.539901,0.3882397,
2.981421,2.435839,5.15912,3.043684,3.539933,0.3811035,
2.974893,2.431892,5.177082,3.043869,3.540054,0.3614142,
2.972639,2.430452,5.181349,3.043723,3.539855,0.3562566,
2.965524,2.425161,5.186683,3.043501,3.539791,0.3476448,
2.960072,2.420359,5.189054,3.043491,3.539741,0.3426672,
2.954052,2.415449,5.189041,3.043681,3.539895,0.3396958,
2.951021,2.413035,5.189467,3.043856,3.539972,0.3374825,
2.947967,2.411219,5.19001,3.043854,3.539971,0.3354808,
2.944755,2.409049,5.190063,3.043936,3.539973,0.3335539,
2.941518,2.407017,5.189082,3.043845,3.539811,0.3326539,
2.938742,2.404855,5.189365,3.043751,3.539734,0.3313498,
2.933293,2.400773,5.184737,3.043638,3.539703,0.3310922,
2.930457,2.398897,5.182873,3.043908,3.539739,0.3310931,
2.925071,2.394559,5.179466,3.043643,3.539678,0.3298768,
2.922473,2.392202,5.177662,3.043964,3.539884,0.3296942,
2.919758,2.389784,5.175384,3.043944,3.539912,0.3291637,
2.917266,2.387392,5.172956,3.044123,3.540024,0.3291175,
2.911888,2.382781,5.166951,3.043998,3.539974,0.3289466,
2.909283,2.380003,5.163735,3.043996,3.539891,0.3289795,
2.903937,2.374655,5.157018,3.043763,3.53955,0.3289191,
2.901534,2.371856,5.153622,3.043804,3.539683,0.3291938,
2.899198,2.36916,5.151329,3.043869,3.539651,0.3292166,
2.896614,2.366447,5.14882,3.043951,3.539773,0.3276676,
2.893935,2.363822,5.145109,3.044013,3.539848,0.3294432,
2.891314,2.361563,5.142479,3.043981,3.539866,0.3287645,
2.888502,2.358881,5.139282,3.04425,3.539969,0.329005,
2.885705,2.355864,5.135873,3.04425,3.540009,0.3291024,
2.883023,2.353394,5.132545,3.044069,3.539966,0.3290569,
2.880553,2.350608,5.129464,3.044222,3.539996,0.3291443,
2.878114,2.347804,5.126436,3.044187,3.539958,0.3289571,
2.875341,2.345304,5.123064,3.044261,3.539946,0.3290533,
2.872734,2.342216,5.119964,3.0443,3.540005,0.3288791,
2.869739,2.338461,5.116896,3.04445,3.540186,0.328136,
2.867203,2.335162,5.113717,3.043997,3.540194,0.3274017,
2.86474,2.332042,5.110036,3.043953,3.540237,0.3271066,
2.862745,2.329043,5.10709,3.043955,3.540052,0.3263164,
2.86028,2.326344,5.103056,3.043999,3.540052,0.3262413,
2.858193,2.323577,5.098941,3.043932,3.54001,0.3264154,
2.85628,2.320492,5.094649,3.044113,3.539982,0.3267719,
2.853222,2.318347,5.090583,3.044099,3.539955,0.3266879,
2.850997,2.315315,5.086188,3.044145,3.539923,0.3269757,
2.849457,2.311915,5.081965,3.044332,3.540109,0.327347,
2.847328,2.309378,5.078464,3.044181,3.540097,0.3275253,
2.84547,2.306503,5.074653,3.044425,3.540116,0.3281082,
2.843705,2.303708,5.070679,3.044267,3.53992,0.3285173,
2.841512,2.300817,5.066625,3.044168,3.540148,0.3287381,
2.839547,2.297663,5.06274,3.044019,3.540035,0.3288631,
2.837477,2.29411,5.058726,3.044017,3.540029,0.3284785,
2.835222,2.290989,5.054269,3.043994,3.540033,0.3272728,
2.833381,2.287651,5.049788,3.043957,3.53998,0.3260893,
2.831764,2.284124,5.044421,3.043949,3.539907,0.3270947,
2.829777,2.280609,5.039718,3.043999,3.539926,0.3278235,
2.835568,2.272403,5.035477,3.043951,3.539871,0.3296635,
2.833591,2.268686,5.031563,3.044231,3.539884,0.3287895,
2.831883,2.264972,5.026583,3.044065,3.539954,0.329731,
2.830444,2.2612,5.021628,3.043955,3.539849,0.3296519,
2.828968,2.257513,5.017454,3.043966,3.539901,0.3284405,
2.82749,2.253744,5.012598,3.043976,3.53994,0.3285068,
2.826191,2.250026,5.008008,3.043697,3.539847,0.3283978,
2.824524,2.245968,5.003509,3.043816,3.540001,0.3276999,
2.823292,2.242655,4.998618,3.043901,3.53994,0.3282821,
2.822104,2.238755,4.994042,3.043792,3.539919,0.3282145,
2.820707,2.234969,4.989522,3.043756,3.53983,0.3277607,
2.819376,2.231271,4.984555,3.044224,3.539877,0.3282547,
2.818226,2.227246,4.980056,3.043984,3.539787,0.3280447,
2.816267,2.223156,4.975406,3.044035,3.539913,0.3276297,
2.814574,2.219395,4.970384,3.044318,3.539914,0.3280349,
2.812706,2.215446,4.965554,3.044213,3.539865,0.328033,
2.81092,2.211709,4.961126,3.044206,3.539871,0.3278257,
2.80904,2.207869,4.955973,3.044251,3.539847,0.3278173,
2.807604,2.20411,4.951675,3.044214,3.539855,0.3278184,
2.806228,2.200887,4.947282,3.044214,3.539917,0.3275915,
2.804999,2.198338,4.943383,3.044616,3.539871,0.327878,
2.803991,2.195806,4.939967,3.044557,3.539781,0.3277612,
2.802525,2.193061,4.93588,3.044615,3.539847,0.3277727,
2.801249,2.190752,4.932156,3.044522,3.539898,0.3277088,
2.800194,2.188502,4.928917,3.044502,3.539897,0.3276434,
2.798923,2.18603,4.92502,3.044549,3.540074,0.3276946,
2.797945,2.183847,4.921776,3.044256,3.540102,0.3276192,
2.797142,2.182097,4.918644,3.044138,3.539978,0.3275931,
2.795573,2.179744,4.915117,3.044131,3.539989,0.3275647,
2.794168,2.177789,4.912123,3.044183,3.539979,0.3275231,
2.792263,2.176139,4.908992,3.044232,3.54005,0.3275657,
2.790323,2.173853,4.90526,3.044253,3.540093,0.3276186,
2.788676,2.171979,4.901975,3.04422,3.540118,0.3276078,
2.787133,2.170067,4.89914,3.044018,3.540036,0.3273976,
2.785368,2.168129,4.895755,3.044147,3.539995,0.3275697,
2.783932,2.16662,4.892986,3.044099,3.53994,0.3275507,
2.78211,2.164934,4.890218,3.044242,3.540014,0.327753,
2.780131,2.163028,4.887111,3.044235,3.540075,0.3275668,
2.778176,2.161345,4.884227,3.044241,3.540046,0.3275069,
2.77577,2.159627,4.88103,3.044271,3.540041,0.3276081,
2.773408,2.157746,4.878073,3.044213,3.539963,0.3275847,
2.770998,2.155861,4.87505,3.044164,3.539965,0.3275441,
2.76834,2.154037,4.872101,3.044095,3.539947,0.3275124,
2.765986,2.152421,4.868923,3.044125,3.540026,0.327625,
2.76323,2.150499,4.865961,3.044108,3.540064,0.327583,
2.760162,2.148469,4.862411,3.044153,3.540053,0.3276863,
2.756935,2.146645,4.859252,3.044151,3.540053,0.3276771,
2.752673,2.145158,4.855586,3.044408,3.540222,0.3277251,
2.750969,2.143422,4.852879,3.044399,3.54021,0.327741,
2.747068,2.141338,4.849189,3.044431,3.540227,0.3277505,
2.74327,2.139711,4.845674,3.044568,3.540303,0.327748,
2.739763,2.138095,4.842355,3.044518,3.540268,0.327605,
2.7359,2.13654,4.838464,3.044455,3.540138,0.3277327,
2.732185,2.135424,4.835007,3.044413,3.540129,0.3277177,
2.728756,2.134702,4.831632,3.044458,3.540113,0.3277979,
2.724928,2.134012,4.828431,3.044426,3.539982,0.3277488,
2.721373,2.133705,4.825105,3.044511,3.53996,0.3277967,
2.71795,2.133419,4.821916,3.044478,3.539952,0.3277814,
2.714122,2.133202,4.818731,3.044514,3.539933,0.3277743,
2.710475,2.133237,4.815259,3.044415,3.539911,0.3278105,
2.706697,2.132823,4.811831,3.044406,3.539883,0.327843,
2.702293,2.131998,4.808145,3.044316,3.539923,0.3278231,
2.697895,2.130959,4.803925,3.044127,3.53988,0.3278552,
2.693658,2.129548,4.800018,3.044265,3.53975,0.3279296,
2.689105,2.128477,4.795952,3.044287,3.539773,0.3279569,
2.684675,2.127067,4.792162,3.044383,3.540087,0.3279368,
2.680494,2.126126,4.788505,3.044495,3.540165,0.3280649,
2.675973,2.125354,4.784795,3.044603,3.540367,0.3281329,
2.671858,2.12492,4.781175,3.044762,3.540485,0.3281705,
2.667849,2.124815,4.777875,3.044673,3.540493,0.3280506,
2.66393,2.124861,4.774622,3.044654,3.54047,0.3280937,
2.660125,2.124807,4.771302,3.044681,3.540409,0.3281168,
2.656404,2.124636,4.768107,3.044874,3.540513,0.3282208,
2.652646,2.124776,4.764887,3.044592,3.540383,0.3282641,
2.649095,2.124652,4.761561,3.044555,3.540202,0.3283353,
2.645669,2.124767,4.758575,3.044464,3.540188,0.3282556,
2.642298,2.125353,4.755981,3.044726,3.540179,0.3282999,
2.639261,2.125978,4.753168,3.044637,3.540148,0.3283709,
2.636528,2.126918,4.750974,3.044681,3.540178,0.328393,
2.633888,2.128011,4.749011,3.044675,3.540221,0.3284003,
2.631345,2.12913,4.747014,3.044829,3.54023,0.3284506,
2.628999,2.130404,4.745266,3.044844,3.540212,0.3284847,
2.626529,2.131879,4.743611,3.044867,3.540095,0.3285326,
2.623934,2.133281,4.741829,3.045027,3.540061,0.3285809,
2.621639,2.134804,4.740324,3.044938,3.540009,0.3285497,
2.619481,2.136195,4.738945,3.044938,3.539971,0.3285747,
2.617288,2.137808,4.737489,3.044933,3.539978,0.3286577,
2.615444,2.139285,4.736421,3.044749,3.539878,0.3284597,
2.613258,2.140532,4.735163,3.044737,3.539924,0.328506,
2.611107,2.142031,4.733959,3.044719,3.539939,0.328551,
2.609341,2.143445,4.733157,3.044712,3.539909,0.3285429,
2.607341,2.144696,4.732164,3.044823,3.540155,0.3286327,
2.605665,2.146074,4.731396,3.044751,3.540169,0.3286969,
2.604336,2.147408,4.731014,3.044819,3.540268,0.3287421,
2.602758,2.148533,4.730478,3.044935,3.5403,0.3287728,
2.601248,2.149753,4.729918,3.044907,3.540353,0.3288509,
2.600019,2.150735,4.729615,3.044805,3.540232,0.3287188,
2.598736,2.151605,4.729013,3.044749,3.54017,0.3287458,
2.596192,2.152931,4.728039,3.044929,3.540179,0.3287889,
2.594966,2.153013,4.727173,3.044983,3.540203,0.3288694,
2.593579,2.153527,4.726382,3.045101,3.540223,0.3289352,
2.592669,2.15396,4.72587,3.044925,3.539809,0.3288265,
2.591039,2.154024,4.724921,3.04511,3.540043,0.3288527,
2.589828,2.154583,4.723652,3.044981,3.539991,0.3290065,
2.588694,2.154903,4.722868,3.045049,3.540055,0.3290781,
2.587187,2.154568,4.72126,3.045006,3.540062,0.3291988,
2.585781,2.154362,4.719913,3.045092,3.540104,0.3292287,
2.584226,2.153753,4.718432,3.045017,3.540078,0.3290766,
2.582366,2.152789,4.716436,3.04516,3.54036,0.3292055,
2.580879,2.151779,4.714661,3.045253,3.540402,0.3292409,
2.579279,2.151245,4.713091,3.045383,3.540432,0.3291641,
2.578076,2.150301,4.711423,3.045069,3.540483,0.3291678,
2.576628,2.149161,4.709623,3.045038,3.540463,0.3292103,
2.574883,2.14794,4.707804,3.045011,3.540532,0.3291282,
2.573396,2.146735,4.705791,3.04494,3.540345,0.3291515,
2.572015,2.14519,4.703939,3.044918,3.540429,0.3291791,
2.570524,2.143727,4.702252,3.044869,3.540367,0.3290907,
2.56932,2.142372,4.700625,3.04496,3.540324,0.3291093,
2.56798,2.140715,4.698792,3.044854,3.540288,0.3291134,
2.566557,2.138824,4.697098,3.044872,3.540329,0.3290444,
2.565351,2.137043,4.695255,3.044988,3.540299,0.3291439,
2.563992,2.135235,4.693397,3.045084,3.540284,0.3291758,
2.562752,2.133319,4.691759,3.044911,3.540151,0.3290501,
2.561381,2.131329,4.689848,3.045127,3.540159,0.3291055,
2.559975,2.129403,4.687922,3.045136,3.540136,0.3290986,
2.559031,2.127161,4.686273,3.045048,3.540096,0.3290369,
2.557633,2.125036,4.684258,3.044966,3.540343,0.3291302,
2.55638,2.122949,4.682384,3.044975,3.540341,0.3291682,
2.55502,2.121092,4.680763,3.045034,3.540407,0.3291549,
2.553538,2.119139,4.678406,3.044727,3.540227,0.3292015,
2.552222,2.117023,4.676466,3.044732,3.54025,0.3292539,
2.55074,2.114715,4.674626,3.044692,3.540255,0.3291151,
2.549075,2.112306,4.672301,3.045017,3.540248,0.3292155,
2.5478,2.10958,4.670143,3.044798,3.540293,0.3292246,
2.546125,2.106757,4.6679,3.044746,3.539863,0.3290747,
2.544763,2.104334,4.665404,3.044375,3.539815,0.3291334,
2.543499,2.101749,4.663166,3.044427,3.539947,0.329153,
2.542037,2.099665,4.661274,3.04438,3.539882,0.3290798,
2.540566,2.097214,4.659046,3.044664,3.539882,0.3291398,
2.539405,2.094585,4.656835,3.044763,3.54005,0.3291221,
2.53768,2.092161,4.654543,3.044804,3.540063,0.3290794,
2.536471,2.08977,4.652319,3.044941,3.540094,0.3290929,
2.53536,2.086862,4.649954,3.044984,3.540132,0.3291398,
2.534124,2.084471,4.647787,3.044956,3.540216,0.3291183,
2.532763,2.081833,4.645426,3.045163,3.540237,0.329127,
2.531833,2.079031,4.64317,3.045126,3.540182,0.329143,
2.530205,2.076469,4.640799,3.04524,3.54028,0.3291933,
2.529552,2.073981,4.638757,3.04509,3.540271,0.3292132,
2.528766,2.07072,4.636449,3.045012,3.540159,0.3291684,
2.527311,2.067672,4.634142,3.045034,3.540166,0.3291248,
2.52628,2.064166,4.631446,3.044866,3.540202,0.3292095,
2.525618,2.060209,4.628894,3.044624,3.540141,0.3292182,
2.524497,2.056606,4.626648,3.04454,3.5401,0.3291369,
2.523384,2.05282,4.623847,3.04479,3.540121,0.3292218,
2.522674,2.048674,4.621305,3.044973,3.540121,0.3292356,
2.521332,2.044461,4.618739,3.044833,3.540042,0.3290022,
2.520384,2.040551,4.615778,3.044562,3.539981,0.3290667,
2.51967,2.036057,4.613116,3.04454,3.539945,0.3290618,
2.518804,2.031744,4.610611,3.044731,3.540077,0.3291984,
2.517962,2.027043,4.607736,3.044952,3.540091,0.3292319,
2.517547,2.022308,4.605052,3.044761,3.539782,0.3292475,
2.516813,2.017227,4.602263,3.044677,3.539747,0.3291673,
2.51623,2.012457,4.599366,3.044575,3.539658,0.3292225,
2.515526,2.007113,4.596332,3.04491,3.54,0.329439,
2.514659,2.001539,4.593504,3.044953,3.540076,0.3292378,
2.513837,1.995711,4.590136,3.044986,3.540086,0.3292897,
2.513022,1.989322,4.586654,3.044968,3.540133,0.3292952,
2.511749,1.982435,4.582937,3.044872,3.540148,0.3291767,
2.510578,1.975369,4.578946,3.044883,3.540166,0.3292587,
2.509306,1.967854,4.57483,3.04492,3.540226,0.3292063,
2.50798,1.959907,4.570563,3.044951,3.540282,0.329231,
2.506345,1.951454,4.565889,3.045053,3.540334,0.3292415,
2.504667,1.942736,4.560953,3.045144,3.540373,0.3292902,
2.502939,1.933437,4.555771,3.045158,3.540336,0.3292023,
2.501192,1.924184,4.550487,3.045196,3.540369,0.329229,
2.499779,1.914801,4.545186,3.044961,3.540228,0.3290859,
2.497594,1.904819,4.53956,3.045111,3.540389,0.3290991,
2.495285,1.894691,4.533188,3.045385,3.540442,0.3291515,
2.493549,1.884729,4.527236,3.045309,3.540443,0.3290402,
2.491,1.874266,4.520525,3.04531,3.540243,0.3290454,
2.488712,1.864149,4.513994,3.045212,3.540268,0.3290948,
2.486484,1.854009,4.507456,3.045048,3.540216,0.328919,
2.484499,1.843906,4.501105,3.045162,3.540234,0.3289822,
2.482576,1.833813,4.494406,3.044874,3.54022,0.3289726,
2.480507,1.823533,4.487648,3.04492,3.540184,0.3290887,
2.478694,1.813617,4.481363,3.045017,3.540282,0.3290382,
2.476799,1.803485,4.474483,3.044952,3.540288,0.329058,
2.475186,1.793734,4.467926,3.044948,3.540245,0.3290786,
2.47406,1.784747,4.462167,3.04513,3.540315,0.3292072,
2.472975,1.775684,4.456004,3.045151,3.540336,0.3292878,
2.4721,1.766977,4.45012,3.045118,3.540206,0.3291338,
2.471344,1.758661,4.444746,3.044861,3.540302,0.3289796,
2.474339,1.589154,4.339764,3.044911,3.540394,0.328952,
2.475287,1.584723,4.337809,3.044942,3.54042,0.3289255,
2.477198,1.581036,4.336581,3.044945,3.540381,0.3289761,
2.479378,1.577117,4.335399,3.044923,3.540367,0.3289752,
2.484624,1.565629,4.331693,3.044985,3.540274,0.3290172,
2.488906,1.55841,4.330157,3.044706,3.540241,0.3288402,
2.489482,1.559232,4.330912,3.044672,3.540174,0.3289015,
2.491935,1.555766,4.330363,3.044673,3.540154,0.3288842,
2.493813,1.552295,4.329704,3.044833,3.540161,0.3289391,
2.496235,1.549254,4.329411,3.044877,3.540138,0.3289966,
2.4986,1.545915,4.328932,3.04479,3.540139,0.3289903,
2.500861,1.542586,4.328676,3.044659,3.540064,0.328802,
2.503101,1.539433,4.328402,3.044754,3.540215,0.3288767,
2.505307,1.536292,4.328031,3.044585,3.540206,0.3288578,
2.507559,1.532975,4.327857,3.044546,3.540116,0.3287615,
2.509902,1.530131,4.331112,3.044583,3.54011,0.3232341,
2.512461,1.527218,4.331133,3.044498,3.540073,0.3231232,
2.514936,1.524503,4.331367,3.044642,3.540121,0.3233612,
2.51765,1.522421,4.332001,3.044653,3.539987,0.3233767,
2.520568,1.520139,4.333089,3.044786,3.54,0.3225828,
2.523932,1.517844,4.333796,3.044746,3.539984,0.3226786,
2.526737,1.515412,4.334449,3.044914,3.540252,0.3227602,
2.529831,1.513046,4.335241,3.045052,3.540315,0.3227473,
2.532532,1.511035,4.335941,3.044974,3.540302,0.3227219,
2.53572,1.509533,4.336951,3.044923,3.540184,0.3228834,
2.538606,1.507828,4.338065,3.045014,3.540262,0.3229077,
2.541432,1.506121,4.339036,3.044911,3.540227,0.3227971,
2.544128,1.504695,4.339995,3.044965,3.54028,0.3230151,
2.546685,1.503158,4.340905,3.045028,3.540304,0.3230229,
2.549196,1.501765,4.34205,3.04496,3.540279,0.3228562,
2.552002,1.500691,4.343387,3.044943,3.540173,0.3228821,
2.554927,1.499533,4.344764,3.044491,3.54016,0.3229058,
2.557531,1.498289,4.345907,3.04453,3.540204,0.3229359,
2.560484,1.497311,4.347474,3.044561,3.540218,0.3230036,
2.563374,1.496235,4.349029,3.044832,3.540293,0.3231525,
2.566463,1.495198,4.350791,3.044807,3.540305,0.3230844,
2.569507,1.494357,4.352486,3.044882,3.540257,0.3232096,
2.572784,1.493549,4.354292,3.04493,3.540233,0.3231894,
2.576103,1.492963,4.356358,3.044808,3.540064,0.3231222,
2.579124,1.492142,4.358169,3.044999,3.540316,0.3232912,
2.582525,1.491731,4.360343,3.044991,3.540298,0.3232925,
2.586081,1.491395,4.36273,3.044834,3.540254,0.3230967,
2.589817,1.491284,4.365434,3.044756,3.540369,0.3230775,
2.593541,1.491009,4.367923,3.044744,3.540381,0.3230516,
2.597162,1.490952,4.370595,3.044772,3.540398,0.323124,
2.601092,1.491089,4.37327,3.044786,3.540199,0.323135,
2.605219,1.491271,4.37623,3.044801,3.540201,0.3231379,
2.609248,1.491584,4.379209,3.044847,3.54012,0.3232558,
2.613448,1.491944,4.382392,3.044969,3.540082,0.3230544,
2.617778,1.492221,4.38563,3.045036,3.54012,0.3230723,
2.622241,1.492656,4.38881,3.045007,3.540089,0.3230919,
2.626691,1.493185,4.392365,3.045041,3.540083,0.3225738,
2.631288,1.493708,4.395835,3.045086,3.540127,0.3225501,
2.636068,1.494465,4.399437,3.045083,3.540145,0.3226829,
2.640579,1.495017,4.402954,3.045148,3.540285,0.3227052,
2.64541,1.495789,4.406757,3.045188,3.540323,0.3227178,
2.650296,1.496638,4.410549,3.045097,3.540284,0.3227137,
2.655327,1.497591,4.414493,3.045162,3.54022,0.3227514,
2.660581,1.498536,4.41856,3.045061,3.540144,0.3227696,
2.665954,1.499459,4.422757,3.044998,3.5401,0.3226748,
2.671198,1.500566,4.426868,3.044752,3.540041,0.3226907,
2.676534,1.501781,4.431134,3.044725,3.539968,0.3226842,
2.681799,1.503013,4.435421,3.04477,3.539979,0.3226921,
2.686898,1.504386,4.439497,3.044915,3.540027,0.3227834,
2.692147,1.505792,4.443831,3.044854,3.540012,0.3228111,
2.697712,1.507262,4.448411,3.044772,3.539862,0.3227319,
2.703033,1.508687,4.452806,3.044805,3.539957,0.3227674,
2.708648,1.510254,4.457474,3.044868,3.540006,0.322755,
3.015683,1.285166,1.228256,3.043033,3.53953,1.651632,
3.021179,1.282818,1.231794,3.042953,3.539529,1.65223,
3.026618,1.280664,1.235462,3.043079,3.539624,1.652733,
3.031951,1.278594,1.239527,3.043116,3.539655,1.652824,
3.037053,1.276877,1.243126,3.04313,3.539603,1.653041,
3.042074,1.274993,1.247168,3.043219,3.53962,1.653225,
3.047024,1.273373,1.251022,3.043123,3.539628,1.653762,
3.05166,1.272131,1.254159,3.043319,3.539553,1.654228,
3.056288,1.270808,1.257751,3.043136,3.539343,1.654833,
3.060328,1.269627,1.261193,3.043126,3.539343,1.655362,
3.064827,1.269122,1.264112,3.043209,3.539292,1.656132,
3.069363,1.268667,1.267664,3.043149,3.53939,1.656879,
3.073843,1.268465,1.271127,3.043042,3.539074,1.657322,
3.077603,1.268449,1.273672,3.042875,3.539137,1.6583,
3.081574,1.268541,1.276355,3.042989,3.539252,1.659602,
3.085001,1.26864,1.278543,3.04304,3.539274,1.66106,
3.088685,1.269311,1.280544,3.043064,3.539268,1.66263,
3.092139,1.269967,1.282555,3.043041,3.53925,1.664154,
3.095947,1.271122,1.284382,3.043257,3.539448,1.666127,
3.099478,1.272282,1.286164,3.043291,3.539431,1.667827,
3.102983,1.273753,1.287778,3.043405,3.539474,1.669605,
3.106151,1.275252,1.289365,3.043473,3.53959,1.671352,
3.109476,1.27711,1.290807,3.043439,3.539627,1.673144,
3.112819,1.279028,1.292425,3.043508,3.539684,1.674874,
3.116113,1.281065,1.293868,3.043524,3.539726,1.676722,
3.119292,1.283495,1.295047,3.04364,3.539773,1.678426,
3.122333,1.285774,1.29621,3.043552,3.539694,1.680251,
3.125155,1.288088,1.297734,3.043562,3.539701,1.681708,
3.127646,1.290683,1.298584,3.043565,3.539751,1.683299,
3.130054,1.292905,1.299763,3.043407,3.539629,1.684847,
3.132442,1.295286,1.301326,3.043448,3.539602,1.686109,
3.134464,1.297568,1.302506,3.043183,3.539605,1.687625,
3.136585,1.299911,1.304002,3.043164,3.539582,1.688831,
3.138328,1.302136,1.30459,3.043188,3.539535,1.690375,
3.140217,1.304399,1.305534,3.043227,3.539516,1.69192,
3.141736,1.306727,1.305833,3.043175,3.539521,1.693586,
3.143187,1.309092,1.306489,3.043169,3.539438,1.694769,
3.14456,1.311211,1.306662,3.043104,3.539406,1.69658,
3.146049,1.31366,1.306814,3.04308,3.539405,1.698285,
3.147294,1.315989,1.307252,3.043035,3.539507,1.69973,
3.14882,1.318441,1.29909,3.043144,3.539518,1.707327,
3.14999,1.320687,1.301551,3.043248,3.539611,1.707073,
3.150981,1.322764,1.301589,3.043151,3.539443,1.708301,
3.15182,1.324662,1.301486,3.04311,3.53943,1.709795,
3.152519,1.326394,1.301681,3.042841,3.539165,1.710741,
3.153196,1.328156,1.301897,3.042914,3.539235,1.711777,
3.153586,1.329213,1.302311,3.042767,3.539199,1.71266,
3.153864,1.330373,1.302372,3.042993,3.539472,1.713561,
3.153718,1.330992,1.302676,3.043021,3.539516,1.713972,
3.153615,1.33113,1.303469,3.042912,3.539521,1.714216,
3.153387,1.331185,1.304293,3.042835,3.539568,1.714285,
3.152606,1.330438,1.304838,3.042854,3.539635,1.714525,
3.152303,1.330008,1.305689,3.043055,3.539626,1.714393,
3.151472,1.329426,1.305566,3.043247,3.539693,1.714423,
3.150315,1.328541,1.305591,3.043243,3.539611,1.714177,
3.149345,1.327956,1.305549,3.043265,3.539578,1.713836,
3.147959,1.326817,1.305312,3.043305,3.5396,1.713495,
3.146666,1.325859,1.305045,3.043298,3.539454,1.712885,
3.14534,1.324382,1.305084,3.043346,3.539455,1.71237,
3.143669,1.322651,1.304548,3.043499,3.539502,1.71212,
3.141993,1.32069,1.304332,3.043528,3.539554,1.711691,
3.139522,1.317886,1.30397,3.043476,3.539667,1.710979,
3.136842,1.31474,1.30365,3.043379,3.539629,1.710204,
3.134059,1.311553,1.303294,3.043398,3.539678,1.709509,
3.131076,1.308063,1.302764,3.043434,3.539721,1.708766,
3.12817,1.30464,1.302537,3.043198,3.539671,1.707824,
3.125016,1.300785,1.302164,3.043242,3.539632,1.706975,
3.121604,1.296835,1.301862,3.043314,3.539656,1.705847,
3.118158,1.292647,1.301669,3.043293,3.53968,1.70478,
3.114306,1.28868,1.300957,3.043289,3.539618,1.703533,
3.110491,1.284528,1.300467,3.043323,3.53963,1.7023,
3.106842,1.280546,1.300091,3.043356,3.539712,1.700978,
3.103139,1.276014,1.300478,3.043097,3.539371,1.69921,
3.099469,1.2722,1.300177,3.043239,3.539629,1.69804,
3.095662,1.268239,1.300318,3.043337,3.53967,1.696182,
3.091798,1.263613,1.301239,3.043319,3.53962,1.694185,
3.088165,1.260203,1.301801,3.043272,3.539636,1.69198,
3.085027,1.257313,1.302348,3.043215,3.539539,1.689777,
3.082192,1.255277,1.302925,3.043314,3.53959,1.687421,
3.079115,1.252661,1.304184,3.043141,3.53956,1.684801,
3.076141,1.250231,1.305442,3.043243,3.539546,1.682255,
3.073458,1.248738,1.306861,3.043318,3.539616,1.679291,
3.070941,1.247142,1.308647,3.043374,3.539595,1.67631,
3.067659,1.252364,1.30264,3.04329,3.539553,1.673265,
3.065588,1.251502,1.304659,3.043221,3.539499,1.670112,
3.063921,1.251257,1.307017,3.043413,3.539474,1.666682,
3.06192,1.251279,1.309029,3.04322,3.539476,1.66319,
3.060274,1.250942,1.311813,3.043197,3.53943,1.659794,
3.058583,1.250739,1.314621,3.043146,3.539392,1.656318,
3.056791,1.251438,1.316728,3.043189,3.53941,1.652731,
3.055271,1.251805,1.31967,3.043266,3.539634,1.64936,
3.053955,1.252441,1.322746,3.043253,3.53962,1.645739,
3.053006,1.254107,1.325472,3.043339,3.539645,1.641941,
3.051819,1.255255,1.328765,3.043573,3.539663,1.638079,
3.050267,1.25664,1.331878,3.043191,3.539583,1.634025,
3.048735,1.257808,1.335283,3.043311,3.539619,1.630002,
3.047493,1.259281,1.339093,3.043305,3.539574,1.625715,
3.046465,1.261354,1.343189,3.043096,3.53952,1.621115,
3.045706,1.263258,1.347842,3.042989,3.539472,1.616462,
3.045051,1.265558,1.352297,3.04295,3.539487,1.612004,
3.04433,1.268022,1.356554,3.043293,3.539488,1.60741,
3.043413,1.270279,1.361513,3.043268,3.53957,1.602484,
3.041945,1.272855,1.365257,3.043338,3.539674,1.597794,
3.04075,1.275764,1.368988,3.043543,3.539796,1.593151,
3.039526,1.278324,1.373187,3.043523,3.53977,1.588336,
3.038392,1.281353,1.376876,3.04356,3.539717,1.583687,
3.036547,1.284404,1.380255,3.043188,3.539695,1.57892,
3.034861,1.287139,1.384041,3.04309,3.539678,1.574101,
3.032783,1.289933,1.387073,3.043055,3.539499,1.569236,
3.03043,1.292961,1.389595,3.043119,3.539497,1.564505,
3.028015,1.295748,1.392357,3.0431,3.539455,1.559722,
3.025082,1.298554,1.394478,3.043135,3.539608,1.555231,
3.022218,1.301551,1.396337,3.043316,3.539583,1.550509,
3.019173,1.304199,1.39862,3.043457,3.539626,1.545774,
3.01584,1.306978,1.400386,3.043637,3.539672,1.541134,
3.01232,1.309787,1.402191,3.043532,3.539679,1.536433,
3.008948,1.312161,1.404501,3.043414,3.539634,1.531835,
3.004973,1.3149,1.40565,3.043404,3.539483,1.527224,
3.000921,1.317626,1.406574,3.043468,3.539533,1.522901,
2.996733,1.320042,1.407769,3.043556,3.539546,1.518568,
2.992371,1.322678,1.413918,3.043576,3.539542,1.51082,
2.983154,1.327698,1.407875,3.04341,3.539446,1.507193,
2.978158,1.330515,1.406513,3.043378,3.539545,1.504029,
2.973074,1.333657,1.404947,3.043221,3.539524,1.500776,
2.968074,1.336542,1.403193,3.043282,3.539532,1.497962,
2.962895,1.339584,1.400791,3.043318,3.539713,1.49556,
2.957721,1.342673,1.398075,3.04342,3.539807,1.493248,
2.952795,1.345814,1.395549,3.043491,3.539858,1.490911,
2.947451,1.349034,1.392017,3.043298,3.539681,1.488761,
2.941852,1.352113,1.38805,3.043202,3.539618,1.487064,
2.936045,1.355207,1.383729,3.043192,3.539635,1.485504,
2.930516,1.358404,1.379139,3.043364,3.539815,1.484357,
2.92438,1.361429,1.374291,3.043,3.539751,1.482839,
2.918058,1.364407,1.368434,3.042993,3.539768,1.481976,
2.911722,1.367378,1.362723,3.043164,3.539736,1.480835,
2.905199,1.370371,1.35678,3.043227,3.539803,1.479901,
2.898439,1.373288,1.350728,3.043073,3.539729,1.478953,
2.891609,1.376189,1.344926,3.042802,3.539498,1.477726,
2.884562,1.37876,1.338901,3.042859,3.539548,1.476969,
2.87731,1.381385,1.332619,3.042882,3.539537,1.476162,
2.8699,1.383938,1.326698,3.042906,3.539573,1.475279,
2.86243,1.386386,1.320593,3.043036,3.539526,1.474347,
2.854883,1.388995,1.314389,3.043082,3.539555,1.473499,
2.84738,1.391497,1.308066,3.04313,3.539521,1.472989,
2.839782,1.393829,1.302238,3.04317,3.539532,1.47217,
2.831941,1.39617,1.296238,3.043127,3.539583,1.471281,
2.824285,1.398498,1.290402,3.043217,3.539555,1.470477,
2.816578,1.40083,1.28477,3.04323,3.539623,1.469625,
2.808887,1.403143,1.27918,3.043357,3.539694,1.468654,
2.8013,1.405363,1.273928,3.043129,3.539656,1.467593,
2.793591,1.407344,1.268764,3.043097,3.539606,1.46648,
2.786055,1.409471,1.26385,3.043014,3.539454,1.465239,
2.778702,1.411679,1.259563,3.043007,3.539597,1.463977,
2.771522,1.413625,1.255703,3.043001,3.539626,1.462698,
2.764766,1.415537,1.252337,3.043047,3.539673,1.461328,
2.757942,1.4174,1.24929,3.043044,3.539709,1.459814,
2.751228,1.418833,1.24644,3.043047,3.539719,1.458463,
2.744558,1.420175,1.243795,3.042908,3.539669,1.456955,
2.738372,1.421672,1.24148,3.042971,3.539658,1.455481,
2.731884,1.422734,1.239262,3.043156,3.539726,1.454031,
2.725543,1.423345,1.237622,3.043096,3.53949,1.452206,
2.719342,1.424366,1.235878,3.042875,3.539592,1.450655,
2.713086,1.424899,1.234749,3.042831,3.539604,1.448916,
2.706991,1.425054,1.233927,3.042838,3.539577,1.447114,
2.70126,1.425158,1.233825,3.043156,3.539757,1.445638,
2.694964,1.42461,1.233634,3.043133,3.53975,1.444046,
2.688648,1.424297,1.23338,3.043066,3.539768,1.442409,
2.682826,1.423558,1.233901,3.043073,3.539649,1.440919,
2.676586,1.422724,1.234289,3.04307,3.539634,1.439724,
2.670201,1.421744,1.234448,3.04319,3.539689,1.438686,
2.664291,1.420667,1.235154,3.04321,3.539703,1.437717,
2.65788,1.419062,1.235812,3.043051,3.539689,1.437189,
2.651467,1.417361,1.236203,3.043007,3.539496,1.436947,
2.645441,1.415629,1.236952,3.043081,3.539623,1.436842,
2.63916,1.413764,1.237328,3.043284,3.539662,1.437371,
2.63272,1.411791,1.237537,3.043347,3.539786,1.438126,
2.626329,1.409899,1.237691,3.043386,3.539833,1.439117,
2.619609,1.407331,1.237923,3.043078,3.539698,1.440315,
2.613059,1.405114,1.237886,3.042825,3.539681,1.441356,
2.606566,1.402615,1.238161,3.04283,3.539501,1.442749,
2.599891,1.399552,1.238301,3.042753,3.539256,1.444382,
2.592959,1.396531,1.238378,3.042763,3.539332,1.446397,
2.586141,1.39344,1.238767,3.044434,3.539484,1.449484,
2.579178,1.390504,1.239097,3.043819,3.539756,1.450432,
2.571991,1.387305,1.239173,3.043724,3.539649,1.452372,
2.564847,1.383962,1.239403,3.044108,3.53967,1.454775,
2.557347,1.380211,1.239784,3.043867,3.539679,1.45667,
2.550154,1.376598,1.239953,3.043763,3.539595,1.458704,
2.542855,1.372529,1.240271,3.044321,3.539561,1.461295,
2.535495,1.368632,1.240208,3.044593,3.53968,1.463807,
2.527927,1.364705,1.239576,3.044476,3.53976,1.466555,
2.520317,1.360688,1.239295,3.044419,3.539742,1.469528,
2.51252,1.356455,1.238799,3.04439,3.539722,1.472457,
2.50464,1.352339,1.238125,3.044408,3.539803,1.475419,
2.49679,1.348257,1.237599,3.04407,3.539746,1.478403,
2.488746,1.343726,1.237247,3.044121,3.539691,1.481668,
2.480715,1.339403,1.236896,3.044345,3.539854,1.484863,
2.472446,1.334662,1.236953,3.043934,3.53974,1.487881,
2.46422,1.329864,1.237074,3.044003,3.539766,1.491071,
2.456036,1.324979,1.237388,3.043843,3.539607,1.493955,
2.447732,1.319956,1.23789,3.043897,3.539577,1.496961,
2.439487,1.315045,1.238491,3.043943,3.539561,1.499938,
2.431294,1.310143,1.239411,3.044077,3.539553,1.502813,
2.422972,1.305507,1.240399,3.043742,3.539557,1.505516,
2.414776,1.300488,1.241652,3.043496,3.539289,1.50814,
2.406598,1.295781,1.242919,3.04351,3.539351,1.510866,
2.399004,1.291049,1.244413,3.043757,3.539348,1.513465,
2.391454,1.286895,1.245974,3.043881,3.539557,1.51595,
2.383894,1.282445,1.248039,3.043999,3.539662,1.518348,
2.376414,1.278027,1.25012,3.044124,3.539619,1.520677,
2.369167,1.273775,1.252377,3.044166,3.539687,1.522817,
2.362062,1.269548,1.254889,3.044303,3.539767,1.525,
2.355088,1.265128,1.257659,3.044368,3.539845,1.526957,
2.348444,1.261096,1.260674,3.044296,3.539799,1.528797,
2.341903,1.257074,1.264283,3.044394,3.539922,1.530571,
2.334572,1.252751,1.2673,3.044312,3.539938,1.532462,
2.327006,1.247893,1.270449,3.044329,3.53984,1.534172,
2.319637,1.243022,1.273946,3.044321,3.539571,1.535655,
2.312296,1.238141,1.277291,3.044421,3.539705,1.537421,
2.304941,1.233475,1.280728,3.044423,3.539689,1.539106,
2.297677,1.228927,1.284407,3.044468,3.539769,1.540832,
2.29044,1.224456,1.288101,3.04443,3.539766,1.542641,
2.283488,1.220228,1.291865,3.044436,3.539715,1.54441,
2.276612,1.216308,1.295497,3.0445,3.539824,1.546298,
2.270049,1.212343,1.299287,3.044363,3.539815,1.547744,
2.263382,1.208376,1.302773,3.044122,3.539645,1.549616,
2.257003,1.204355,1.306414,3.044113,3.539664,1.551505,
2.250607,1.200391,1.309589,3.044299,3.539649,1.553732,
2.244178,1.19662,1.312619,3.044222,3.539572,1.555812,
2.237998,1.192985,1.315966,3.044268,3.539723,1.558211,
2.231853,1.189571,1.319382,3.044179,3.539704,1.560701,
2.225575,1.186275,1.322875,3.044219,3.539741,1.563093,
2.219276,1.183087,1.326361,3.043873,3.539592,1.5652,
2.21285,1.179901,1.329927,3.043828,3.539547,1.567834,
2.206323,1.17666,1.333409,3.043968,3.539681,1.570471,
2.199453,1.173377,1.336464,3.044148,3.539803,1.573089,
2.192588,1.170075,1.339669,3.043743,3.539714,1.575548,
2.185492,1.166595,1.342528,3.043945,3.539737,1.578215,
2.178298,1.16293,1.345996,3.043796,3.539714,1.580811,
2.17106,1.159344,1.349165,3.043692,3.5397,1.583513,
2.163685,1.155834,1.352356,3.043713,3.539757,1.586214,
2.15596,1.152344,1.355458,3.043714,3.539643,1.588743,
2.14817,1.148932,1.358549,3.043512,3.53962,1.59123,
2.140015,1.145389,1.361542,3.043494,3.539632,1.593757,
2.132015,1.141839,1.364927,3.043621,3.539646,1.59627,
2.123549,1.138406,1.36816,3.043298,3.539599,1.598683,
2.114738,1.135189,1.371133,3.043034,3.539685,1.601019,
2.105933,1.1319,1.374579,3.042855,3.539687,1.603281,
2.097088,1.128737,1.377786,3.042945,3.539672,1.605906,
2.08824,1.125868,1.381106,3.043312,3.539863,1.608517,
2.078902,1.123425,1.384336,3.043263,3.540926,1.610816,
2.069717,1.120905,1.387599,3.043173,3.540981,1.61316,
2.060609,1.118618,1.390973,3.043293,3.54114,1.61557,
2.051295,1.116413,1.39422,3.043154,3.540159,1.617837,
2.041927,1.114573,1.397716,3.043147,3.540196,1.620177,
2.032843,1.113304,1.401355,3.043077,3.540188,1.622531,
2.023608,1.112426,1.405329,3.043029,3.539804,1.624619,
2.014629,1.112127,1.409245,3.043111,3.539783,1.627053,
2.005756,1.112108,1.413599,3.043262,3.53984,1.629293,
1.996709,1.112506,1.418109,3.043241,3.539948,1.631607,
1.987957,1.113043,1.422615,3.043417,3.539971,1.63418,
1.979467,1.113966,1.427427,3.043462,3.53999,1.636596,
1.97124,1.115777,1.432187,3.043463,3.539834,1.639174,
1.963494,1.118078,1.437568,3.04346,3.539806,1.641904,
1.955286,1.120163,1.442866,3.043576,3.539841,1.644757,
1.946641,1.1223,1.447476,3.043684,3.53984,1.647825,
1.938144,1.124694,1.452086,3.043619,3.539634,1.650758,
1.929729,1.126907,1.456881,3.043555,3.539595,1.653674,
1.920854,1.12896,1.461559,3.04356,3.539543,1.656114,
1.911684,1.131023,1.465657,3.043457,3.539482,1.659258,
1.902804,1.132944,1.46996,3.043488,3.539485,1.662802,
1.894015,1.134817,1.474066,3.043352,3.539577,1.666262,
1.885386,1.137003,1.47848,3.043204,3.539586,1.669597,
1.877152,1.13939,1.482999,3.043076,3.539648,1.673064,
1.869248,1.141972,1.487552,3.043034,3.539421,1.676503,
1.861513,1.144976,1.492345,3.043052,3.539389,1.679767,
1.854216,1.147799,1.497412,3.043022,3.539299,1.683156,
1.846598,1.150787,1.502049,3.043067,3.539392,1.686528,
1.839202,1.15358,1.506569,3.043245,3.539389,1.69035,
1.832192,1.156719,1.5112,3.043205,3.53942,1.693921,
1.825231,1.159999,1.515936,3.043212,3.539478,1.697577,
1.818628,1.163262,1.520898,3.043048,3.539486,1.701188,
1.811887,1.166758,1.525324,3.043176,3.539508,1.704871,
1.805393,1.17018,1.529625,3.042996,3.539268,1.708262,
1.798558,1.173547,1.53383,3.042823,3.539244,1.711516,
1.791572,1.176581,1.537793,3.042812,3.539019,1.714798,
1.784934,1.179776,1.541471,3.042815,3.539175,1.717846,
1.778218,1.182501,1.545558,3.043119,3.539071,1.720608,
1.771334,1.185913,1.549335,3.043059,3.539262,1.723054,
1.764248,1.188993,1.553395,3.043086,3.539258,1.725481,
1.757273,1.191923,1.557561,3.04312,3.539496,1.727881,
1.749914,1.195024,1.561309,3.04315,3.539503,1.730331,
1.74278,1.197791,1.565251,3.043072,3.539494,1.732824,
1.735475,1.200652,1.569337,3.043132,3.539502,1.735045,
1.727907,1.203462,1.572891,3.043019,3.539454,1.737382,
1.720486,1.206272,1.576815,3.043061,3.53949,1.739755,
1.713254,1.208867,1.580916,3.043218,3.539551,1.742366,
1.705797,1.211895,1.584678,3.04327,3.539578,1.744775,
1.698387,1.215056,1.588882,3.043284,3.539541,1.747178,
1.691206,1.218226,1.59296,3.043272,3.5395,1.750407,
1.684097,1.221753,1.59729,3.043319,3.539506,1.752915,
1.677117,1.225561,1.602139,3.043247,3.539468,1.755449,
1.670433,1.229602,1.606904,3.0431,3.53946,1.758234,
1.6637,1.233688,1.611711,3.043277,3.539396,1.761173,
1.657234,1.237909,1.616817,3.043445,3.539521,1.764237,
1.650895,1.242635,1.62208,3.043112,3.539491,1.767036,
1.6451,1.247146,1.627339,3.0432,3.539563,1.770012,
1.63947,1.252275,1.633109,3.043094,3.539409,1.772849,
1.634589,1.25744,1.638934,3.043252,3.539519,1.776175,
1.629487,1.263114,1.644585,3.043256,3.539519,1.77912,
1.62499,1.269057,1.650809,3.04326,3.539568,1.782175,
1.621269,1.275273,1.657213,3.043237,3.539544,1.785123,
1.617705,1.282071,1.66362,3.043205,3.539525,1.787971,
1.614737,1.289134,1.670561,3.04325,3.539521,1.790998,
1.611706,1.295875,1.677206,3.043216,3.539562,1.793879,
1.609098,1.303011,1.683814,3.043069,3.539492,1.796469,
1.607117,1.310731,1.690665,3.043042,3.539427,1.799103,
1.605748,1.318944,1.697975,3.043033,3.539424,1.801856,
1.603459,1.327238,1.705149,3.04311,3.539423,1.804484,
1.600844,1.335281,1.712373,3.043221,3.539581,1.807228,
1.598212,1.343255,1.719026,3.043178,3.53958,1.809737,
1.596043,1.351159,1.725396,3.043268,3.539756,1.812324,
1.593974,1.359255,1.732264,3.043386,3.539649,1.815018,
1.591908,1.367551,1.739033,3.04343,3.539651,1.817614,
1.589545,1.375738,1.7456,3.043239,3.539458,1.82006,
1.587356,1.383784,1.752013,3.043249,3.539493,1.822855,
1.585531,1.391682,1.7584,3.043269,3.539571,1.825652,
1.583348,1.399511,1.764182,3.043301,3.539526,1.828645,
1.581348,1.407292,1.769923,3.04321,3.539517,1.831739,
1.579477,1.415079,1.775578,3.043195,3.53951,1.835055,
1.577261,1.423052,1.78084,3.043176,3.539475,1.838386,
1.575347,1.430933,1.786076,3.043264,3.539492,1.842131,
1.573443,1.43898,1.791257,3.043199,3.539479,1.845887,
1.571352,1.446993,1.796136,3.043172,3.539532,1.849769,
1.569262,1.455146,1.800993,3.042867,3.539437,1.853911,
1.567272,1.463189,1.805713,3.042748,3.539466,1.858058,
1.565189,1.471465,1.810091,3.042751,3.539433,1.862424,
1.562959,1.479804,1.814055,3.042742,3.53954,1.867459,
1.560832,1.488223,1.817992,3.04269,3.539622,1.872465,
1.558569,1.496587,1.821805,3.042728,3.53964,1.877403,
1.556378,1.504963,1.825485,3.042646,3.539563,1.882743,
1.554151,1.513058,1.828909,3.042609,3.539569,1.888046,
1.551337,1.521195,1.831779,3.042716,3.539726,1.893822,
1.549082,1.529518,1.834953,3.042607,3.539615,1.899409,
1.546277,1.537345,1.837533,3.042431,3.539567,1.905479,
1.543326,1.54538,1.840053,3.042379,3.539538,1.911295,
1.540079,1.553243,1.842346,3.041531,3.539608,1.917453,
1.53712,1.561101,1.844498,3.04164,3.539647,1.923616,
1.533809,1.568985,1.846294,3.041598,3.539531,1.929623,
1.530662,1.576875,1.848134,3.041698,3.539469,1.936221,
1.527508,1.584967,1.849735,3.041638,3.539519,1.942763,
1.524427,1.593281,1.851201,3.041587,3.539476,1.949319,
1.521396,1.601594,1.852509,3.041572,3.539482,1.956273,
1.518216,1.610295,1.853578,3.041575,3.539436,1.96315,
1.515636,1.61908,1.854682,3.041479,3.539375,1.969824,
1.513268,1.62827,1.855743,3.041332,3.539481,1.976737,
1.510583,1.637578,1.856687,3.041329,3.539471,1.98351,
1.508296,1.646742,1.85745,3.041268,3.539474,1.990286,
1.505936,1.655905,1.857777,3.041308,3.539462,1.997552,
1.50392,1.665142,1.858025,3.041216,3.539454,2.004479,
1.502462,1.6748,1.858196,3.041424,3.53963,2.01153,
1.501681,1.684879,1.858931,3.041326,3.539541,2.018353,
1.501394,1.695489,1.859477,3.041203,3.53951,2.025152,
1.501256,1.706048,1.860289,3.041238,3.539594,2.031762,
1.501037,1.71648,1.860886,3.041238,3.539635,2.038241,
1.50139,1.726955,1.861923,3.041229,3.539638,2.044512,
1.50199,1.737486,1.86319,3.041125,3.539582,2.050521,
1.50266,1.74812,1.864555,3.041002,3.539474,2.056624,
1.503656,1.758723,1.866191,3.040992,3.539549,2.062643,
1.504931,1.769295,1.868226,3.040929,3.539492,2.068255,
1.506382,1.779689,1.870513,3.040931,3.539511,2.073827,
1.508151,1.7899,1.872916,3.040906,3.539525,2.079345,
1.509905,1.800097,1.875626,3.040798,3.539571,2.084217,
1.51161,1.809792,1.878392,3.040893,3.539602,2.088961,
1.513665,1.819082,1.881205,3.040927,3.539703,2.093845,
1.515911,1.828089,1.884276,3.040802,3.539736,2.098004,
1.518312,1.836823,1.887722,3.04076,3.539741,2.102024,
1.521227,1.845253,1.891386,3.042675,3.539701,2.106115,
1.52384,1.853396,1.895577,3.04265,3.539613,2.109615,
1.526342,1.861309,1.89957,3.043071,3.539598,2.113344,
1.528874,1.868498,1.903544,3.042989,3.53949,2.116886,
1.531471,1.875664,1.907437,3.043064,3.53954,2.120546,
1.534247,1.8824,1.911247,3.043297,3.539528,2.124299,
1.536995,1.888567,1.915301,3.043328,3.539552,2.127733,
1.539517,1.89439,1.919015,3.043402,3.539665,2.13122,
1.541707,1.89959,1.922176,3.043527,3.539665,2.13478,
1.543631,1.903777,1.925139,3.043473,3.539665,2.138379,
1.545283,1.908005,1.927795,3.0434,3.5395,2.141754,
1.546999,1.911908,1.930427,3.043401,3.539489,2.145317,
1.549066,1.915998,1.933317,3.043433,3.539449,2.148854,
1.551306,1.920628,1.935084,3.043448,3.539433,2.155753,
1.556837,1.930395,1.943675,3.043424,3.539463,2.159075,
1.559587,1.935255,1.947276,3.043446,3.539459,2.16231,
1.562122,1.939669,1.950501,3.04333,3.539433,2.16575,
1.564534,1.943594,1.953645,3.043329,3.539439,2.169042,
1.566854,1.947232,1.956704,3.043368,3.539648,2.172209,
1.56895,1.950168,1.959298,3.04344,3.539555,2.17552,
1.570936,1.952661,1.961905,3.043332,3.539559,2.178659,
1.572918,1.954962,1.964456,3.043155,3.539408,2.181533,
1.574975,1.957097,1.966947,3.043284,3.539421,2.184717,
1.577384,1.959146,1.9696,3.043452,3.539545,2.188002,
1.579731,1.961228,1.972239,3.043397,3.539493,2.191072,
1.582464,1.963318,1.975069,3.043348,3.539478,2.194089,
1.585467,1.964987,1.97815,3.043407,3.53949,2.197322,
1.588476,1.966511,1.981237,3.043321,3.539431,2.20039,
1.591642,1.967911,1.984374,3.043279,3.5394,2.203606,
1.59477,1.969157,1.987397,3.043329,3.539408,2.207091,
1.598104,1.970091,1.99049,3.043239,3.539442,2.210577,
1.601335,1.970759,1.993877,3.043348,3.539424,2.213894,
1.604751,1.971362,1.997265,3.043293,3.539406,2.21751,
1.6083,1.971711,2.001089,3.043485,3.539522,2.221191,
1.612211,1.972216,2.005078,3.043459,3.539505,2.224591,
1.616203,1.972615,2.009207,3.043565,3.539509,2.228685,
1.620153,1.972698,2.013281,3.043443,3.539564,2.233045,
1.624387,1.972728,2.018036,3.043421,3.539579,2.236759,
1.628723,1.972538,2.022489,3.043577,3.539643,2.240897,
1.63333,1.972115,2.02717,3.043526,3.539609,2.245272,
1.638053,1.971417,2.03243,3.043559,3.539635,2.24926,
1.642919,1.970565,2.037602,3.04355,3.539644,2.253497,
1.647944,1.969598,2.042844,3.0435,3.539622,2.257788,
1.652995,1.968511,2.048426,3.043583,3.539659,2.261951,
1.658343,1.967257,2.054253,3.043587,3.539623,2.266299,
1.663923,1.965935,2.060363,3.04347,3.539516,2.270484,
1.669818,1.964362,2.066963,3.04338,3.539565,2.274633,
1.675761,1.962937,2.073584,3.043392,3.539542,2.278948,
1.681818,1.961157,2.08042,3.043349,3.539484,2.283154,
1.688193,1.959499,2.087702,3.043224,3.539458,2.287113,
1.694662,1.957815,2.095166,3.043257,3.539406,2.291255,
1.701066,1.956086,2.102549,3.043263,3.539502,2.29548,
1.707065,1.95448,2.109703,3.043217,3.539495,2.299489,
1.713071,1.952764,2.117047,3.043221,3.539528,2.303772,
1.719215,1.950868,2.124421,3.043215,3.539605,2.308169,
1.725413,1.94921,2.132102,3.043205,3.539604,2.312567,
1.731595,1.947695,2.139815,3.043164,3.539545,2.316998,
1.738057,1.946133,2.147739,3.043132,3.539553,2.321718,
1.744409,1.9446,2.155585,3.043075,3.539557,2.326552,
1.750894,1.943101,2.163424,3.043018,3.539567,2.33166,
1.757195,1.941329,2.171103,3.042978,3.539541,2.336898,
1.763801,1.939514,2.179012,3.043209,3.539561,2.342398,
1.769975,1.937947,2.186363,3.043224,3.539601,2.3479,
1.777008,1.935407,2.194413,3.043234,3.539582,2.35358,
1.783718,1.933105,2.202036,3.043274,3.539568,2.359257,
1.791357,1.93067,2.210356,3.04333,3.539521,2.365211,
1.798443,1.927992,2.218322,3.0434,3.539529,2.371218,
1.805859,1.92513,2.226506,3.043472,3.53955,2.377321,
1.813189,1.922231,2.234815,3.043437,3.539279,2.383469,
1.818357,1.918872,2.242764,3.043994,3.539114,2.389593,
1.825319,1.915493,2.250982,3.043856,3.539056,2.395669,
1.832242,1.912282,2.259253,3.043769,3.539222,2.401663,
1.838969,1.908421,2.267348,3.044029,3.539369,2.407828,
1.845646,1.904716,2.275788,3.043949,3.539356,2.413753,
1.852155,1.901101,2.284065,3.044085,3.539484,2.419854,
1.858708,1.897504,2.29227,3.044092,3.539767,2.42574,
1.865325,1.894171,2.300701,3.04399,3.539875,2.431587,
1.871854,1.891145,2.308987,3.044025,3.53993,2.437448,
1.878515,1.888646,2.317368,3.044167,3.539796,2.443226,
1.884864,1.886356,2.325996,3.044113,3.539797,2.448362,
1.891192,1.883948,2.334462,3.044253,3.539799,2.454028,
1.897399,1.881888,2.342878,3.044316,3.539711,2.459284,
1.903266,1.880121,2.351207,3.044327,3.539722,2.46378,
1.909273,1.87824,2.359375,3.044238,3.539545,2.468578,
1.915578,1.876872,2.368032,3.044069,3.539623,2.473451,
1.921532,1.875778,2.376251,3.044076,3.539676,2.477692,
1.927577,1.874782,2.3843,3.044192,3.539697,2.482421,
1.933932,1.874104,2.392678,3.044233,3.539523,2.486693,
1.93978,1.873522,2.400481,3.044391,3.539523,2.490803,
1.946092,1.872929,2.408599,3.044475,3.539527,2.494949,
1.952489,1.872465,2.416958,3.04445,3.539377,2.498521,
1.958737,1.872209,2.425281,3.044442,3.539356,2.501832,
1.965166,1.871988,2.433711,3.044556,3.539407,2.50508,
1.971697,1.871856,2.44174,3.044651,3.539495,2.508415,
1.977636,1.872024,2.449522,3.044683,3.53953,2.511115,
1.983971,1.871948,2.457653,3.044695,3.539501,2.513954,
1.990185,1.871984,2.465199,3.044784,3.539598,2.516835,
1.996258,1.872076,2.472909,3.04494,3.539611,2.51975,
2.002341,1.872004,2.480326,3.044905,3.539543,2.522534,
2.008312,1.871791,2.488168,3.044923,3.539491,2.525177,
2.013927,1.871844,2.495613,3.044954,3.539489,2.527783,
2.019745,1.871861,2.503309,3.045072,3.539464,2.530647,
2.025474,1.871704,2.510725,3.044988,3.539435,2.533466,
2.030785,1.871871,2.518108,3.04523,3.539445,2.536134,
2.036593,1.871938,2.525679,3.045102,3.539434,2.538967,
2.042004,1.871683,2.533072,3.045304,3.539422,2.542186,
2.047697,1.872105,2.540762,3.045103,3.539412,2.545005,
2.053593,1.872407,2.548265,3.045088,3.539399,2.548268,
2.059153,1.872645,2.55584,3.045187,3.539434,2.55156,
2.064635,1.873331,2.563045,3.045173,3.539392,2.554994,
2.070212,1.873895,2.569865,3.045184,3.539368,2.558539,
2.085762,1.874568,2.577197,3.043366,3.53946,2.56212,
2.091477,1.875224,2.58444,3.04327,3.539433,2.565483,
2.097289,1.875911,2.591314,3.043314,3.53942,2.569173,
2.104088,1.87679,2.598719,3.043031,3.539623,2.572657,
2.109864,1.877959,2.60601,3.043031,3.539669,2.576363,
2.11608,1.879343,2.613215,3.043148,3.539758,2.580346,
2.122118,1.880756,2.620871,3.043175,3.539839,2.584203,
2.119064,1.88544,2.620341,3.043228,3.539841,2.587973,
2.132978,1.885185,2.634965,3.043036,3.539802,2.59162,
2.139348,1.886966,2.642483,3.043077,3.539506,2.595543,
2.146326,1.889168,2.650867,3.042991,3.539504,2.599285,
2.153582,1.890931,2.65884,3.042893,3.539487,2.603344,
2.159861,1.892556,2.666899,3.0428,3.539472,2.607049,
2.166635,1.894116,2.675093,3.042776,3.539428,2.611217,
2.17272,1.89596,2.681779,3.042777,3.539433,2.615631,
2.179169,1.897953,2.689059,3.042927,3.539667,2.620471,
2.185616,1.89928,2.696865,3.043203,3.539703,2.624926,
2.191534,1.901078,2.703192,3.043042,3.539667,2.629372,
2.197647,1.902737,2.710414,3.043116,3.539586,2.634056,
2.204619,1.904209,2.718311,3.043236,3.539619,2.639054,
2.210677,1.905986,2.72393,3.043126,3.539551,2.644226,
2.21742,1.90783,2.731292,3.043302,3.539588,2.64918,
2.224357,1.909021,2.73862,3.043289,3.539589,2.654566,
2.230585,1.910325,2.744242,3.043212,3.539521,2.660209,
2.23697,1.911478,2.751034,3.043279,3.539379,2.66569,
2.243638,1.912404,2.757498,3.043164,3.539436,2.671837,
2.249581,1.913355,2.76269,3.043134,3.539379,2.678151,
2.256002,1.914357,2.76907,3.043059,3.539435,2.68452,
2.262437,1.914901,2.775412,3.043193,3.539556,2.690975,
2.2683,1.915553,2.77941,3.043274,3.539583,2.6981,
2.274431,1.91613,2.784912,3.043246,3.539623,2.704835,
2.280459,1.916323,2.790446,3.043245,3.539598,2.712014,
2.286237,1.916432,2.794326,3.043167,3.53956,2.719383,
2.292239,1.916543,2.799126,3.043231,3.539548,2.726995,
2.298305,1.916354,2.804587,3.043179,3.539415,2.734625,
2.304143,1.916324,2.809391,3.043332,3.539445,2.742496,
2.309855,1.916035,2.81502,3.04332,3.539362,2.750485,
2.315899,1.915618,2.820705,3.043339,3.539429,2.758448,
2.321835,1.91515,2.824766,3.043253,3.539411,2.766805,
2.327981,1.914941,2.830292,3.043166,3.539435,2.774872,
2.33407,1.914289,2.836083,3.043248,3.539525,2.783361,
2.340289,1.913554,2.84001,3.043255,3.539557,2.792003,
2.346572,1.913031,2.845952,3.043092,3.539509,2.800372,
2.353065,1.912333,2.851948,3.043001,3.53949,2.808833,
2.359493,1.911394,2.856756,3.043075,3.539524,2.817487,
2.366351,1.91084,2.863172,3.04312,3.539603,2.825898,
2.373192,1.909894,2.869489,3.043059,3.539568,2.83414,
2.380028,1.908717,2.874825,3.04303,3.539592,2.842412,
2.38699,1.907737,2.881777,3.042946,3.539611,2.850271,
2.393863,1.906573,2.888445,3.043038,3.539666,2.858263,
2.400844,1.905077,2.894777,3.04323,3.539794,2.866257,
2.408194,1.903856,2.902157,3.043244,3.539629,2.87377,
2.415416,1.902368,2.909451,3.04315,3.539655,2.881443,
2.422737,1.900781,2.915758,3.043152,3.539622,2.889204,
2.429865,1.899354,2.922772,3.043232,3.53961,2.896757,
2.437041,1.897816,2.930162,3.043008,3.53957,2.90414,
2.444174,1.896078,2.936603,3.042789,3.539497,2.91137,
2.45072,1.894641,2.943228,3.042885,3.539501,2.918904,
2.457122,1.89307,2.94997,3.04281,3.539469,2.925853,
2.463394,1.891694,2.955897,3.042766,3.539474,2.933053,
2.468937,1.890094,2.962123,3.042808,3.539434,2.939447,
2.474495,1.888651,2.968009,3.042872,3.539425,2.945847,
2.480093,1.887422,2.971544,3.042865,3.539375,2.952176,
2.485172,1.885477,2.976809,3.04297,3.539439,2.958228,
2.490273,1.88402,2.982289,3.043074,3.539391,2.963789,
2.496006,1.882383,2.986309,3.043144,3.539342,2.969416,
2.501279,1.880021,2.991884,3.043403,3.539515,2.974919,
2.506314,1.877838,2.997551,3.043461,3.539572,2.979726,
2.511525,1.875942,3.001429,3.043347,3.539411,2.984769,
2.516359,1.873687,3.006529,3.043444,3.539478,2.989246,
2.520929,1.872395,3.01137,3.04343,3.539492,2.994071,
2.525842,1.870818,3.014907,3.043352,3.539406,2.998427,
2.530029,1.868996,3.019182,3.043319,3.539479,3.002676,
2.533473,1.867646,3.02295,3.043345,3.539492,3.007169,
2.537157,1.86623,3.025183,3.043318,3.539451,3.011511,
2.540549,1.864495,3.028974,3.043346,3.539397,3.015664,
2.543208,1.863517,3.032005,3.043388,3.539479,3.019885,
2.546366,1.862006,3.033977,3.043348,3.539429,3.024178,
2.549146,1.860802,3.037089,3.043465,3.539442,3.028407,
2.551219,1.859954,3.039493,3.043326,3.539466,3.032456,
2.552968,1.859121,3.041844,3.043332,3.539342,3.036532,
2.554664,1.857736,3.043768,3.043336,3.539576,3.040556,
2.556155,1.856984,3.045741,3.043386,3.53955,3.044641,
2.557718,1.856385,3.046728,3.04351,3.539759,3.048889,
2.559564,1.855721,3.048628,3.043371,3.539595,3.05305,
2.560976,1.855007,3.049188,3.043452,3.539649,3.057549,
2.562279,1.854258,3.050898,3.043413,3.539649,3.061869,
2.56383,1.853487,3.052629,3.043394,3.539666,3.066123,
2.565085,1.852638,3.054338,3.043415,3.539648,3.070756,
2.566581,1.851618,3.055117,3.043489,3.53962,3.075177,
2.567833,1.850788,3.057156,3.043189,3.53963,3.079671,
2.56851,1.849686,3.058536,3.043265,3.539601,3.084375,
2.568811,1.848307,3.05842,3.043189,3.539662,3.089069,
2.568712,1.846665,3.059669,3.043251,3.539656,3.094176,
2.568806,1.845058,3.060443,3.043081,3.539663,3.099056,
2.568871,1.843812,3.060862,3.043014,3.539615,3.104187,
2.568856,1.842455,3.061906,3.04312,3.539626,3.109453,
2.568733,1.841264,3.062519,3.043272,3.539645,3.115033,
2.568486,1.839926,3.061697,3.043401,3.539791,3.120604,
2.568331,1.838777,3.062543,3.04348,3.539817,3.126073,
2.568498,1.837651,3.06329,3.043491,3.539829,3.131733,
2.569206,1.836532,3.0632,3.043448,3.539861,3.137345,
2.570085,1.835992,3.064873,3.04335,3.53987,3.142939,
2.571221,1.835734,3.066262,3.043382,3.539908,3.148991,
2.572426,1.835885,3.066678,3.04335,3.539611,3.154867,
2.57334,1.835779,3.067727,3.043289,3.539604,3.160718,
2.574067,1.835609,3.068589,3.043335,3.539661,3.166725,
2.574725,1.835533,3.069118,3.043332,3.539558,3.172697,
2.575343,1.835617,3.070991,3.043066,3.539547,3.178415,
2.575878,1.835858,3.071359,3.043025,3.539469,3.184526,
2.576449,1.836533,3.07165,3.043203,3.539645,3.190836,
2.576664,1.837031,3.071033,3.043309,3.53964,3.197058,
2.577144,1.837658,3.071152,3.043246,3.539551,3.203171,
2.577499,1.838225,3.070359,3.043182,3.539539,3.209309,
2.577744,1.838894,3.070417,3.043238,3.539521,3.215463,
2.578065,1.839769,3.070134,3.043302,3.539487,3.221756,
2.57821,1.840777,3.068619,3.043243,3.539414,3.228001,
2.578413,1.841855,3.068394,3.043325,3.539391,3.234157,
2.578774,1.843105,3.067833,3.043321,3.53937,3.240564,
2.578996,1.844302,3.066162,3.043516,3.539483,3.24722,
2.57922,1.845785,3.065534,3.043438,3.539464,3.253658,
2.579865,1.847433,3.064983,3.043258,3.539382,3.260157,
2.580284,1.849162,3.064013,3.043296,3.539436,3.266766,
2.581007,1.8514,3.063288,3.043265,3.539422,3.273469,
2.581847,1.853693,3.062713,3.043304,3.539511,3.28025,
2.582402,1.855866,3.062313,3.043228,3.539426,3.287035,
2.583152,1.85824,3.062518,3.043186,3.539394,3.29367,
2.583949,1.860518,3.061873,3.043209,3.53946,3.300587,
2.584693,1.862643,3.059926,3.043234,3.539749,3.307665,
2.585202,1.864878,3.06005,3.043153,3.539592,3.314471,
2.586049,1.867063,3.059333,3.042772,3.539534,3.321497,
2.586583,1.869223,3.057772,3.042766,3.539373,3.328595,
2.587173,1.871072,3.057559,3.042694,3.539392,3.3357,
2.587625,1.872807,3.056618,3.042555,3.539262,3.343089,
2.587808,1.874012,3.055055,3.042551,3.539424,3.350536,
2.588027,1.875234,3.055042,3.04263,3.539312,3.357856,
2.587675,1.876078,3.053095,3.042953,3.539503,3.365555,
2.587306,1.876735,3.051861,3.042939,3.539556,3.373032,
2.586794,1.877315,3.051296,3.042934,3.539558,3.380303,
2.585873,1.87756,3.049672,3.04311,3.539626,3.387846,
2.584118,1.877213,3.018582,3.043168,3.539768,3.394287,
2.582957,1.877196,3.017522,3.043288,3.539745,3.401719,
2.5818,1.877011,3.015628,3.043228,3.539709,3.409096,
2.580755,1.876486,3.013628,3.043158,3.53958,3.416662,
2.580323,1.876116,3.013448,3.043199,3.539573,3.423824,
2.579661,1.8755,3.012273,3.042973,3.539472,3.430808,
2.578766,1.874317,2.986759,3.042958,3.539442,3.437192,
2.577941,1.873405,2.988134,3.042777,3.539423,3.44332,
2.576602,1.872221,2.986336,3.042891,3.539402,3.449906,
2.575235,1.870604,2.98423,3.043019,3.539529,3.456537,
2.574278,1.869065,2.984553,3.042996,3.539551,3.46257,
2.572844,1.867304,2.982942,3.042907,3.539508,3.468539,
2.571361,1.865315,2.962094,3.043115,3.539716,3.473624,
2.570689,1.863434,2.962584,3.043015,3.539742,3.478825,
2.542194,1.87152,2.93468,3.043051,3.539741,3.48413,
2.540318,1.869925,2.932051,3.043007,3.539665,3.489303,
2.539158,1.868483,2.932737,3.042946,3.539679,3.494019,
2.537222,1.866947,2.929977,3.043103,3.539595,3.502916,
2.534657,1.863596,2.931313,3.043222,3.539505,3.507227,
2.533438,1.862635,2.930712,3.043136,3.539579,3.515152,
2.531645,1.860528,2.932374,3.043238,3.539549,3.518557,
2.530483,1.859896,2.933733,3.043226,3.539485,3.521814,
2.530329,1.859159,2.934849,3.043272,3.539554,3.528178,
2.530014,1.859438,2.933882,3.043344,3.539637,3.530996,
2.530258,1.859546,2.936418,3.043324,3.53949,3.5337,
2.530734,1.860036,2.938301,3.043207,3.539456,3.541399,
2.530633,1.861188,2.939888,3.04342,3.539568,3.546047,
2.530597,1.861303,2.939346,3.043461,3.539604,3.545818,
2.530419,1.861324,2.94126,3.04361,3.539632,3.550307,
2.528939,1.86104,2.939017,3.043385,3.539544,3.552324,
2.527965,1.860336,2.938481,3.043395,3.539427,3.558413,
2.524189,1.85793,2.935782,3.043415,3.539455,3.56019,
2.52281,1.85693,2.932955,3.043251,3.539563,3.566118,
2.51956,1.8545,2.930694,3.043313,3.539612,3.56798,
2.518266,1.854264,2.93015,3.043409,3.539634,3.57021,
2.517955,1.853828,2.92823,3.043398,3.539604,3.572441,
2.517501,1.853667,2.927406,3.043347,3.539511,3.57913,
2.515673,1.853972,2.924165,3.043245,3.539517,3.5816,
2.516081,1.854781,2.923604,3.043403,3.539573,3.584608,
2.516429,1.855096,2.922697,3.043432,3.539729,3.592596,
2.516754,1.857578,2.921296,3.043448,3.539694,3.598739,
2.517095,1.858295,2.91884,3.043144,3.539378,3.601855,
2.517912,1.859722,2.916221,3.043067,3.539171,3.608496,
2.518575,1.861563,2.913878,3.042762,3.539289,3.615134,
2.520035,1.863188,2.910738,3.043366,3.539538,3.622843,
2.520269,1.863322,2.910274,3.043278,3.539496,3.623155,
2.521571,1.863971,2.909986,3.043249,3.539525,3.626979,
2.522084,1.864822,2.907058,3.043401,3.539474,3.63095,
2.521931,1.867014,2.902023,3.04339,3.539382,3.639001,
2.522154,1.869426,2.877201,3.043522,3.539345,3.646157,
2.523965,1.870414,2.874035,3.043647,3.539547,3.650585,
2.524582,1.872859,2.868018,3.043592,3.53954,3.658763,
2.526459,1.87528,2.842878,3.043539,3.539523,3.666265,
2.526732,1.879002,2.829133,3.043492,3.539486,3.675842,
2.529325,1.882529,2.820369,3.043514,3.539445,3.685513,
2.529306,1.882795,2.820281,3.04349,3.539415,3.685966,
2.531207,1.884288,2.815117,3.043513,3.539434,3.691025,
2.531463,1.88847,2.803424,3.043308,3.539471,3.701225,
2.533435,1.889972,2.799346,3.043206,3.539466,3.706213,
2.533149,1.89204,2.790879,3.043208,3.539522,3.711887,
2.533025,1.894053,2.782952,3.043331,3.539664,3.72322,
2.534719,1.897042,2.773247,3.04324,3.539641,3.728846,
2.534459,1.899079,2.767998,3.043099,3.539492,3.734231,
2.536263,1.902654,2.753808,3.043175,3.539482,3.744862,
2.535932,1.905087,2.746759,3.043271,3.539512,3.750275,
2.537844,1.90674,2.729914,3.043118,3.53963,3.7653,
2.539942,1.914432,2.711479,3.042954,3.539579,3.77436,
2.539531,1.916504,2.70155,3.042947,3.539598,3.778891,
2.540146,1.920218,2.668944,3.042904,3.539572,3.786266,
2.538347,1.923716,2.650188,3.042948,3.539571,3.794414,
2.539159,1.926001,2.63271,3.043356,3.539587,3.80195,
2.53877,1.925433,2.633806,3.043371,3.539595,3.801942,
2.541043,1.926093,2.621589,3.043247,3.539619,3.808689,
2.539685,1.929686,2.61091,3.043245,3.539593,3.812067,
2.541409,1.930733,2.597874,3.043242,3.539639,3.817934,
2.539126,1.93369,2.590568,3.043098,3.539551,3.82062,
2.539486,1.934386,2.583255,3.043186,3.539618,3.82302,
2.537874,1.935717,2.573196,3.04328,3.539607,3.824999,
2.536346,1.937388,2.563616,3.043275,3.53951,3.828932,
2.533409,1.940447,2.549814,3.043388,3.539577,3.830442,
2.531504,1.942163,2.546515,3.04336,3.53948,3.831885,
2.529866,1.943259,2.538011,3.043485,3.539741,3.833238,
2.52762,1.944873,2.528256,3.043565,3.539773,3.834113,
2.525205,1.946504,2.520693,3.043594,3.539657,3.834963,
2.524318,1.946989,2.514173,3.043431,3.539693,3.835407,
2.521575,1.948237,2.503186,3.043323,3.539621,3.836258,
2.51679,1.949249,2.489817,3.043251,3.539689,3.836428,
2.509303,1.949544,2.472212,3.043286,3.539686,3.836446,
2.507093,1.948763,2.464283,3.043298,3.5397,3.836277,
2.500494,1.949771,2.444769,3.043289,3.539664,3.835791,
2.512729,1.940261,2.446084,3.043252,3.539584,3.83433,
2.504188,1.938255,2.429158,3.04327,3.539572,3.833669,
2.498247,1.934894,2.414816,3.043338,3.539531,3.832929,
2.497983,1.933312,2.415162,3.043418,3.539569,3.83291,
2.4958,1.931399,2.407996,3.043394,3.539633,3.832516,
2.491559,1.929673,2.400358,3.043388,3.539625,3.832133,
2.488768,1.927638,2.388058,3.043331,3.539619,3.831539,
2.482414,1.923954,2.379294,3.043252,3.539558,3.83124,
2.47967,1.921948,2.372697,3.043314,3.539556,3.831149,
2.476971,1.91989,2.365328,3.043252,3.539567,3.830995,
2.472954,1.917971,2.354841,3.043217,3.539563,3.831019,
2.466632,1.913507,2.344367,3.043187,3.539563,3.831046,
2.462162,1.911635,2.337656,3.043178,3.53949,3.83111,
2.458962,1.909636,2.331532,3.043198,3.539485,3.831133,
2.455407,1.907978,2.320914,3.043202,3.539535,3.831681,
2.44717,1.90481,2.309959,3.043133,3.53953,3.83174,
2.442698,1.90343,2.30126,3.043126,3.539613,3.832074,
2.438036,1.901867,2.293858,3.043228,3.539688,3.832444,
2.434139,1.900333,2.283808,3.043221,3.539612,3.833002,
2.424989,1.898372,2.272275,3.043222,3.539502,3.833478,
2.420669,1.897407,2.265208,3.043397,3.539697,3.833822,
2.415901,1.896819,2.325863,3.043404,3.539662,3.835223,
2.406315,1.895735,2.314586,3.043225,3.53948,3.83558,
2.401345,1.895329,2.304928,3.043309,3.539533,3.835891,
2.396486,1.894946,2.295451,3.043347,3.539618,3.836347,
2.378884,1.894862,2.259086,3.042965,3.539484,3.837019,
2.370119,1.895638,2.24009,3.043111,3.539531,3.837593,
2.361359,1.896368,2.220783,3.043215,3.539498,3.838535,
2.356999,1.896835,2.211227,3.043205,3.539426,3.839035,
2.345014,1.899146,2.181021,3.043308,3.539624,3.841636,
2.345409,1.899805,2.175138,3.043317,3.539644,3.842664,
2.337864,1.902197,2.160067,3.043033,3.539556,3.843496,
2.334251,1.90328,2.149531,3.042919,3.539528,3.844516,
2.327234,1.906383,2.128144,3.043123,3.539518,3.846951,
2.324106,1.908267,2.117595,3.043144,3.539563,3.848221,
2.320847,1.910176,2.09979,3.043229,3.539618,3.851081,
2.30889,1.919184,2.062208,3.043152,3.539572,3.855348,
2.306225,1.921924,2.051148,3.042803,3.539274,3.856492,
2.298051,1.930799,2.017179,3.042956,3.539597,3.861473,
2.292496,1.93712,1.994109,3.043326,3.539676,3.865077,
2.287312,1.943633,1.971346,3.043419,3.539906,3.86865,
2.287419,1.943969,1.97128,3.043491,3.539905,3.868695,
2.28486,1.9475,1.959831,3.043501,3.539866,3.870492,
2.279948,1.954869,1.937125,3.043428,3.539627,3.873987,
2.27757,1.958594,1.925947,3.043406,3.539624,3.875849,
2.274879,1.962184,1.914689,3.043387,3.539567,3.877714,
2.267406,1.972908,1.881223,3.0431,3.53941,3.882913,
2.262536,1.97958,1.859889,3.043132,3.539182,3.886534,
2.262896,1.979323,1.854022,3.043265,3.539513,3.888179,
2.258317,1.98468,1.840073,3.043271,3.539526,3.889911,
2.256097,1.987054,1.830323,3.043404,3.539642,3.891339,
2.254098,1.989405,1.820865,3.043458,3.539696,3.892674,
2.25234,1.991852,1.806242,3.043156,3.539581,3.894343,
2.248494,1.996175,1.794828,3.043135,3.539483,3.894965,
2.246462,1.998338,1.781567,3.043124,3.539565,3.895643,
2.242538,2.001733,1.771935,3.043113,3.539483,3.895381,
2.24062,2.003511,1.761156,3.042961,3.539357,3.895323,
2.237227,2.006849,1.752752,3.043003,3.539472,3.89498,
2.233733,2.009377,1.74132,3.042896,3.539512,3.894278,
2.23178,2.01043,1.736229,3.042858,3.5395,3.893646,
2.22488,2.013862,1.715849,3.043072,3.539531,3.892281,
2.222068,2.01461,1.707621,3.043095,3.539549,3.8912,
2.220462,2.015334,1.701521,3.043064,3.539579,3.889716,
2.219957,2.01575,1.698727,3.043024,3.53953,3.888935,
2.218913,2.016668,1.690055,3.043107,3.539446,3.887391,
2.219601,2.016309,1.690532,3.043197,3.539603,3.887725,
2.219085,2.016359,1.677291,3.043547,3.539742,3.887289,
2.219815,2.015649,1.670812,3.043519,3.539736,3.887362,
2.220346,2.015377,1.667464,3.043444,3.539598,3.887296,
2.223609,2.013989,1.659883,3.043149,3.539497,3.886962,
2.226283,2.012709,1.655857,3.04339,3.539534,3.887143,
2.23023,2.011182,1.652835,3.043362,3.539451,3.887772,
2.231079,2.010938,1.6535,3.043393,3.539554,3.888027,
2.233422,2.010262,1.652298,3.043452,3.539584,3.88831,
2.238368,2.008107,1.650237,3.043216,3.539566,3.888848,
2.241118,2.006813,1.649433,3.043164,3.539594,3.889261,
2.247131,2.004122,1.649169,3.043334,3.53958,3.889607,
2.254605,2.001333,1.650875,3.04345,3.539677,3.889283,
2.258492,1.99993,1.651917,3.04342,3.539611,3.889017,
2.266139,1.997131,1.653782,3.043512,3.539531,3.888369,
2.280441,1.991624,1.659581,3.043481,3.539793,3.885215,
2.290847,1.98787,1.664372,3.043521,3.539836,3.881895,
2.301939,1.983459,1.670145,3.043506,3.539666,3.87799,
2.302639,1.982633,1.671179,3.043555,3.539669,3.877168,
2.308217,1.979697,1.674207,3.043542,3.539601,3.874873,
2.320221,1.973496,1.681137,3.043448,3.539533,3.869083,
2.326542,1.970098,1.684893,3.043386,3.53953,3.865861,
2.333015,1.966579,1.688744,3.043386,3.539595,3.862452,
2.339618,1.962711,1.688284,3.043404,3.539537,3.855141,
2.352939,1.954901,1.701205,3.043457,3.539584,3.851344,
2.359813,1.950637,1.701081,3.043434,3.539594,3.843129,
2.373307,1.940807,1.714664,3.043343,3.539624,3.838231,
2.38027,1.935438,1.719623,3.04323,3.539576,3.833483,
2.387321,1.930012,1.724412,3.043326,3.539671,3.829027,
2.394131,1.924532,1.723809,3.043386,3.539731,3.820107,
2.40825,1.912459,1.738461,3.043386,3.539697,3.815749,
2.414725,1.906539,1.737261,3.043442,3.539606,3.807744,
2.428573,1.892936,1.752023,3.043432,3.539636,3.803674,
2.435403,1.886345,1.757041,3.04346,3.539632,3.799619,
2.441936,1.879327,1.762263,3.043429,3.539534,3.795519,
2.447904,1.872108,1.762984,3.043399,3.539778,3.787265,
2.460156,1.85791,1.777466,3.043549,3.539812,3.783297,
2.465742,1.850395,1.782223,3.043413,3.539744,3.779148,
2.470837,1.843087,1.786747,3.043367,3.539739,3.775017,
2.475623,1.835413,1.791086,3.043267,3.539685,3.770961,
2.480218,1.828236,1.79493,3.043044,3.539564,3.767032,
2.484373,1.820722,1.798321,3.043012,3.539579,3.763168,
2.488344,1.813532,1.801533,3.043063,3.539563,3.759707,
2.492375,1.807107,1.804559,3.042947,3.539479,3.756164,
2.496086,1.800578,1.807475,3.042957,3.539434,3.752926,
2.500026,1.79444,1.810829,3.043035,3.539586,3.749819,
2.504057,1.789327,1.814212,3.043192,3.539533,3.746997,
2.508272,1.783948,1.818162,3.043006,3.539256,3.743898,
2.512463,1.778828,1.821822,3.042773,3.539154,3.740657,
2.516509,1.774593,1.825637,3.042984,3.539074,3.737978,
2.520595,1.770448,1.829388,3.043068,3.539282,3.735181,
2.524678,1.766605,1.833254,3.043072,3.539289,3.732191,
2.528792,1.762882,1.836994,3.043158,3.539595,3.729328,
2.532749,1.759628,1.840724,3.043335,3.539778,3.726341,
2.536757,1.756192,1.844963,3.043333,3.539826,3.723001,
2.540779,1.753927,1.848416,3.04322,3.539613,3.720133,
2.544672,1.750922,1.85209,3.043329,3.539693,3.717203,
2.548302,1.748412,1.855408,3.043441,3.539755,3.714271,
2.551865,1.746031,1.858591,3.043483,3.539777,3.711347,
2.555872,1.743797,1.862201,3.04352,3.53975,3.708277,
2.559938,1.741807,1.865754,3.043535,3.539745,3.705056,
2.563447,1.739729,1.868739,3.043561,3.539806,3.701865,
2.567633,1.737881,1.872213,3.043555,3.539782,3.698644,
2.571796,1.736036,1.875699,3.043427,3.539661,3.695306,
2.575225,1.734052,1.87835,3.043553,3.539821,3.69225,
2.579222,1.732382,1.881264,3.043519,3.539845,3.689018,
2.583161,1.730838,1.88397,3.043519,3.539796,3.685929,
2.585612,1.729244,1.885016,3.043586,3.539736,3.683025,
2.589292,1.727873,1.887224,3.04358,3.539758,3.679992,
2.592957,1.726673,1.8894,3.043482,3.539718,3.676878,
2.595554,1.725513,1.890541,3.043473,3.539657,3.673735,
2.599296,1.724626,1.892772,3.043191,3.539489,3.670418,
2.603007,1.723858,1.895065,3.043076,3.539442,3.66718,
2.606345,1.72311,1.897071,3.043107,3.539371,3.664174,
2.610181,1.722581,1.899627,3.043312,3.539533,3.660983,
2.614205,1.721986,1.902406,3.043495,3.539539,3.65777,
2.617283,1.721784,1.90413,3.043438,3.539524,3.654539,
2.621279,1.721652,1.906853,3.0435,3.53949,3.651186,
2.624713,1.721705,1.908789,3.043586,3.539647,3.648093,
2.628838,1.721919,1.911471,3.043526,3.539661,3.644844,
2.632986,1.722157,1.9142,3.043615,3.539743,3.641577,
2.637408,1.722754,1.917088,3.043559,3.539653,3.638229,
2.641075,1.723162,1.919281,3.043688,3.539719,3.635008,
2.642632,1.723566,1.919393,3.043591,3.539775,3.631456,
2.65451,1.72523,1.930014,3.043405,3.539592,3.627762,
2.658838,1.725906,1.932953,3.043333,3.539561,3.624256,
2.662935,1.726957,1.935612,3.043262,3.539486,3.620638,
2.66793,1.727821,1.9391,3.043279,3.53948,3.617178,
2.672354,1.729077,1.942057,3.043217,3.539451,3.613539,
2.676781,1.730331,1.945023,3.043175,3.539381,3.60994,
2.681715,1.731622,1.948267,3.043272,3.539484,3.606364,
2.686206,1.732612,1.950881,3.043051,3.53946,3.602811,
2.690807,1.733715,1.953481,3.043191,3.539541,3.599452,
2.695409,1.734933,1.956056,3.043276,3.539582,3.596077,
2.700373,1.736339,1.958701,3.043292,3.539603,3.592804,
2.705574,1.738064,1.961152,3.043292,3.53959,3.58959,
2.71096,1.74013,1.963773,3.043218,3.539596,3.586332,
2.717061,1.742566,1.966828,3.043168,3.539597,3.583221,
2.723222,1.744979,1.969585,3.043123,3.539568,3.580022,
2.729627,1.747634,1.972521,3.043181,3.539614,3.576892,
2.736095,1.750119,1.975242,3.043208,3.539623,3.573611,
2.743004,1.752643,1.978183,3.043224,3.539645,3.570172,
2.749017,1.755202,1.980261,3.043267,3.539669,3.566669,
2.755217,1.757661,1.98227,3.043332,3.539662,3.563336,
2.761644,1.760171,1.984628,3.043155,3.539571,3.559755,
2.76756,1.762709,1.986341,3.04309,3.539517,3.556415,
2.773479,1.764982,1.987975,3.04319,3.539533,3.553322,
2.77964,1.767215,1.989991,3.043276,3.539465,3.550067,
2.785298,1.769381,1.991505,3.043359,3.539591,3.546973,
2.791224,1.77164,1.993298,3.043467,3.539576,3.543876,
2.797494,1.774005,1.995368,3.043541,3.539601,3.540743,
2.803653,1.776398,1.997438,3.043433,3.539614,3.537543,
2.810214,1.778708,2,3.043512,3.539604,3.534634,
2.816802,1.780978,2.002624,3.043461,3.539638,3.531659,
2.823027,1.783244,2.004901,3.043552,3.5396,3.528911,
2.829305,1.78537,2.00729,3.043512,3.539597,3.526028,
2.835642,1.787464,2.009735,3.043536,3.539616,3.523405,
2.841667,1.789326,2.011817,3.043406,3.539504,3.520709,
2.847746,1.791053,2.014118,3.043385,3.539468,3.518142,
2.853808,1.792602,2.016547,3.043442,3.539513,3.515523,
2.859696,1.794124,2.018858,3.043562,3.539509,3.513029,
2.865614,1.795368,2.021421,3.043578,3.539614,3.510483,
2.871484,1.796552,2.024139,3.043595,3.539658,3.507785,
2.877178,1.79754,2.026707,3.043545,3.539587,3.505,
2.882974,1.798452,2.03003,3.043422,3.539599,3.502007,
2.888999,1.799341,2.033364,3.04322,3.539633,3.499132,
2.895105,1.800341,2.037089,3.043176,3.539617,3.49627,
2.901064,1.801172,2.040834,3.043135,3.539639,3.493528,
2.907086,1.802105,2.044856,3.04321,3.539653,3.490716,
2.913294,1.803257,2.049093,3.043159,3.5396,3.487782,
2.919266,1.804133,2.053488,3.043167,3.539606,3.485019,
2.925344,1.805138,2.058262,3.043188,3.53964,3.482037,
2.931001,1.806113,2.06306,3.043172,3.53964,3.478953,
2.936847,1.806978,2.06828,3.04327,3.539665,3.476048,
2.942342,1.807886,2.073184,3.043372,3.53964,3.473085,
2.948409,1.808807,2.079335,3.043419,3.539632,3.470095,
2.954471,1.809733,2.085177,3.043369,3.539621,3.467309,
2.960369,1.810637,2.091032,3.043385,3.539648,3.464455,
2.966132,1.811275,2.097126,3.043251,3.539522,3.461629,
2.972335,1.812227,2.10368,3.043005,3.539477,3.459048,
2.978661,1.813152,2.110446,3.043097,3.539536,3.456579,
2.984228,1.813534,2.116541,3.043361,3.539645,3.454411,
2.990118,1.813993,2.123177,3.043232,3.539643,3.452358,
2.995546,1.814085,2.129157,3.04332,3.539686,3.450226,
3.000535,1.813977,2.134887,3.043319,3.539646,3.448236,
3.005296,1.813449,2.140784,3.043411,3.539667,3.446297,
3.009885,1.812887,2.146722,3.043365,3.539661,3.443887,
3.014087,1.812209,2.152631,3.043398,3.539778,3.441447,
3.0181,1.811267,2.158349,3.043412,3.539804,3.439058,
3.021824,1.810267,2.164338,3.043415,3.539789,3.436145,
3.025512,1.809193,2.170405,3.043421,3.539703,3.43312,
3.029385,1.808234,2.176853,3.043286,3.539697,3.429928,
3.033116,1.807332,2.18319,3.043253,3.539598,3.426764,
3.036691,1.806419,2.189614,3.043583,3.539808,3.423897,
3.040247,1.805603,2.19632,3.04334,3.539822,3.420564,
3.043705,1.804758,2.202767,3.043358,3.539826,3.417322,
3.04659,1.803607,2.208783,3.043182,3.539599,3.413944,
3.049548,1.802539,2.214981,3.043198,3.539618,3.410488,
3.05272,1.801523,2.221405,3.043311,3.539704,3.407014,
3.055242,1.800677,2.227379,3.043076,3.539612,3.403156,
3.057757,1.799926,2.233194,3.043058,3.539572,3.399581,
3.06001,1.799345,2.239059,3.04321,3.539549,3.395793,
3.062119,1.798555,2.244782,3.0433,3.539722,3.392118,
3.064277,1.797913,2.250383,3.043285,3.53969,3.388481,
3.066688,1.797432,2.256331,3.043285,3.539693,3.38465,
3.069086,1.797043,2.262262,3.043198,3.539616,3.380867,
3.071598,1.796756,2.268273,3.043271,3.53957,3.377226,
3.074355,1.796687,2.274492,3.043193,3.539544,3.373374,
3.077041,1.796664,2.280583,3.043142,3.539559,3.369544,
3.063707,1.796539,2.274107,3.04335,3.539577,3.365652,
3.081478,1.79934,2.291945,3.043282,3.539625,3.361566,
3.08305,1.797416,2.296845,3.043361,3.539619,3.357574,
3.085905,1.798271,2.303063,3.043352,3.539657,3.353542,
3.087708,1.798838,2.308213,3.043421,3.539665,3.349278,
3.089325,1.798862,2.313129,3.043578,3.5397,3.34508,
3.091459,1.799879,2.318453,3.043446,3.539698,3.340474,
3.093312,1.800892,2.323536,3.043299,3.539601,3.33575,
3.094826,1.801567,2.328046,3.043303,3.539697,3.331065,
3.096878,1.802817,2.333175,3.043235,3.53966,3.326318,
3.098501,1.80403,2.337792,3.04327,3.539636,3.321284,
3.099939,1.804976,2.342489,3.043381,3.53968,3.316026,
3.101428,1.806258,2.347149,3.043211,3.539638,3.310326,
3.102766,1.807578,2.351637,3.043139,3.539622,3.304772,
3.103518,1.808632,2.355798,3.043242,3.539603,3.298872,
3.104759,1.810032,2.360266,3.043256,3.539689,3.29293,
3.105457,1.811309,2.364304,3.043282,3.539679,3.286785,
3.106065,1.812548,2.368218,3.043314,3.539884,3.280651,
3.106632,1.814011,2.372198,3.043267,3.539896,3.274108,
3.107054,1.815688,2.376221,3.043154,3.539875,3.267252,
3.107925,1.81792,2.380575,3.043011,3.539796,3.260321,
3.108484,1.819944,2.384745,3.043001,3.539795,3.253377,
3.108965,1.821782,2.388851,3.043072,3.539828,3.246387,
3.10944,1.824095,2.393207,3.043094,3.539769,3.238966,
3.109999,1.826488,2.397486,3.043001,3.539687,3.23145,
3.110407,1.829077,2.401825,3.042827,3.53969,3.223845,
3.111022,1.831768,2.406763,3.042826,3.539645,3.215882,
3.111395,1.834652,2.411227,3.042809,3.539643,3.208174,
3.111719,1.837462,2.416005,3.042755,3.539651,3.200239,
3.112265,1.840116,2.42065,3.042813,3.539505,3.192327,
3.112314,1.843076,2.425302,3.042957,3.539398,3.184561,
3.112507,1.845764,2.429964,3.042878,3.539384,3.176645,
3.113087,1.848727,2.434954,3.04287,3.53954,3.168811,
3.113173,1.851347,2.439691,3.042869,3.539616,3.160835,
3.113371,1.854206,2.444874,3.042854,3.539576,3.15264,
3.113454,1.856787,2.449848,3.043013,3.539717,3.144635,
3.113546,1.859709,2.455095,3.042901,3.539433,3.136222,
3.113431,1.862287,2.459812,3.042675,3.53928,3.128133,
3.113355,1.864631,2.464867,3.042535,3.539432,3.119807,
3.112718,1.866995,2.469412,3.042697,3.539676,3.111934,
3.11246,1.869675,2.474409,3.043007,3.539775,3.104242,
3.112231,1.872492,2.47949,3.043172,3.539759,3.096424,
3.112071,1.875066,2.48397,3.042932,3.539855,3.088758,
3.111557,1.877797,2.488575,3.042979,3.53986,3.080957,
3.110916,1.880443,2.492897,3.042873,3.539855,3.07327,
3.110518,1.88308,2.497189,3.042681,3.539904,3.065652,
3.109674,1.885683,2.501317,3.042658,3.539868,3.058154,
3.108664,1.888142,2.505241,3.042601,3.539936,3.050472,
3.107432,1.890747,2.508809,3.042691,3.539985,3.043579,
3.1063,1.893294,2.512379,3.042661,3.539958,3.036754,
3.104965,1.895753,2.515251,3.042585,3.540081,3.030473,
3.103467,1.898246,2.517901,3.042593,3.540003,3.024443,
3.102049,1.900628,2.520688,3.042766,3.540049,3.018387,
3.100204,1.903068,2.522974,3.042873,3.539781,3.012514,
3.099225,1.905367,2.525034,3.042536,3.539806,3.007183,
3.097676,1.907727,2.527186,3.042653,3.539834,3.001833,
3.096667,1.91003,2.529099,3.041071,3.539889,2.996306,
3.094368,1.912194,2.530715,3.04165,3.539877,2.990905,
3.092376,1.913839,2.532004,3.04152,3.539745,2.985635,
3.089434,1.915438,2.532966,3.042111,3.539726,2.98014,
3.086442,1.916768,2.533634,3.042689,3.539666,2.974956,
3.08367,1.918041,2.534159,3.042825,3.539699,2.969892,
3.080412,1.918973,2.534469,3.042937,3.53967,2.964507,
3.077279,1.919894,2.534735,3.043231,3.53969,2.959358,
3.074092,1.920758,2.534945,3.043263,3.539649,2.953981,
3.070424,1.921137,2.534717,3.043485,3.539713,2.948521,
3.067118,1.921663,2.534751,3.043548,3.539688,2.943072,
3.06373,1.922017,2.534674,3.043606,3.539672,2.93757,
3.060123,1.922207,2.534487,3.043726,3.539687,2.932064,
3.056704,1.922352,2.534297,3.043792,3.539722,2.926637,
3.053305,1.922601,2.534164,3.043836,3.539689,2.921147,
3.049679,1.922755,2.533852,3.043823,3.539567,2.915429,
3.046011,1.922984,2.533422,3.043799,3.539597,2.909967,
3.042197,1.923255,2.532998,3.043867,3.539512,2.904481,
3.038712,1.923376,2.532737,3.04383,3.539616,2.898957,
3.035164,1.923581,2.5324,3.043524,3.539394,2.893373,
3.031385,1.923537,2.531919,3.043475,3.539433,2.887956,
3.027528,1.923445,2.531371,3.043499,3.539404,2.882491,
3.023622,1.923187,2.530481,3.043401,3.539583,2.877316,
3.019431,1.922889,2.529592,3.04332,3.539531,2.871921,
3.014976,1.922623,2.528634,3.043301,3.539628,2.866435,
3.010509,1.922242,2.527556,3.043469,3.53972,2.861169,
3.005767,1.92182,2.526493,3.043658,3.539785,2.855772,
3.001097,1.921176,2.52544,3.043614,3.539748,2.850032,
2.996202,1.920377,2.524182,3.043605,3.539733,2.844341,
2.991587,1.919549,2.52317,3.043744,3.539788,2.838843,
2.986803,1.918513,2.522233,3.043693,3.539779,2.832659,
2.981773,1.917787,2.520989,3.043699,3.539762,2.826927,
2.976766,1.91705,2.519903,3.043731,3.539793,2.821146,
2.972234,1.916348,2.519335,3.043371,3.539797,2.814776,
2.966931,1.915584,2.518102,3.043244,3.539735,2.808685,
2.961537,1.914647,2.516742,3.043112,3.539649,2.802442,
2.956793,1.913314,2.515752,3.043004,3.539681,2.796098,
2.951193,1.91214,2.514296,3.042729,3.539622,2.789455,
2.944951,1.910588,2.512353,3.042818,3.539639,2.782996,
2.939639,1.90868,2.511096,3.043102,3.539724,2.776231,
2.955031,1.907555,2.52385,3.043255,3.539759,2.769268,
2.940568,1.904855,2.516458,3.043072,3.539621,2.762016,
2.934005,1.902577,2.514729,3.043234,3.53962,2.754287,
2.930852,1.900245,2.515123,3.043368,3.539653,2.746947,
2.922421,1.897873,2.512284,3.043433,3.539751,2.739224,
2.916305,1.89565,2.510947,3.04354,3.539777,2.731367,
2.911637,1.893615,2.510976,3.04361,3.539796,2.72318,
2.904398,1.891628,2.509538,3.043534,3.539671,2.714638,
2.898901,1.890066,2.509378,3.043429,3.539651,2.706198,
2.894396,1.888643,2.510376,3.043534,3.539703,2.697361,
2.888215,1.887589,2.510391,3.043654,3.539754,2.688696,
2.883168,1.88684,2.51175,3.043587,3.539753,2.679217,
2.878904,1.886249,2.513505,3.043255,3.53968,2.669952,
2.873425,1.885985,2.514448,3.043304,3.539684,2.661173,
2.868677,1.885617,2.515985,3.043381,3.539681,2.652063,
2.86412,1.885255,2.517723,3.043479,3.539678,2.643052,
2.858711,1.884616,2.518781,3.04341,3.539709,2.634028,
2.853723,1.884168,2.520378,3.043483,3.539662,2.624989,
2.848902,1.883571,2.522147,3.043519,3.53969,2.61601,
2.843315,1.882853,2.523337,3.043582,3.539419,2.607101,
2.838106,1.881824,2.52482,3.043581,3.539564,2.598165,
2.833029,1.880841,2.526112,3.043637,3.539531,2.589712,
2.827713,1.879671,2.526573,3.043545,3.539351,2.581529,
2.822076,1.878072,2.52764,3.043421,3.539697,2.57296,
2.816783,1.876741,2.528274,3.043413,3.539693,2.564997,
2.811995,1.8757,2.529303,3.043579,3.539895,2.557265,
2.807031,1.874365,2.530349,3.043649,3.539929,2.549347,
2.802214,1.87325,2.531656,3.043632,3.539913,2.541449,
2.797593,1.872261,2.532993,3.043615,3.539807,2.533809,
2.793277,1.871698,2.534683,3.04357,3.539814,2.526331,
2.788959,1.871269,2.536471,3.043574,3.539802,2.519003,
2.784961,1.870949,2.538386,3.043543,3.539769,2.511952,
2.780975,1.870671,2.54043,3.043606,3.539785,2.504884,
2.776986,1.870436,2.54241,3.043483,3.539677,2.497915,
2.773107,1.870166,2.544244,3.043528,3.539678,2.491522,
2.769478,1.870113,2.546162,3.043554,3.539689,2.485378,
2.765824,1.870345,2.548194,3.043504,3.539702,2.479174,
2.762533,1.870415,2.550024,3.043296,3.539714,2.47335,
2.759071,1.870745,2.551841,3.043399,3.539702,2.467657,
2.755661,1.87116,2.553449,3.043409,3.539691,2.462443,
2.75262,1.87161,2.5552,3.04346,3.539706,2.457327,
2.749522,1.87229,2.556884,3.04334,3.539688,2.452341,
2.746561,1.873114,2.558786,3.043367,3.539661,2.447347,
2.743344,1.873804,2.560217,3.043416,3.539688,2.442632,
2.740393,1.87465,2.562101,3.043468,3.539705,2.437735,
2.737615,1.875492,2.563849,3.043416,3.539699,2.433077,
2.73432,1.875802,2.565194,3.043274,3.539639,2.428164,
2.73134,1.876621,2.567004,3.043048,3.539598,2.423313,
2.728273,1.877256,2.572796,3.043242,3.539656,2.413629,
2.722152,1.879056,2.573184,3.043376,3.539667,2.408592,
2.719593,1.880431,2.575968,3.043483,3.53966,2.403501,
2.716983,1.881977,2.578967,3.04329,3.539585,2.398273,
2.714266,1.883637,2.582363,3.043441,3.539708,2.392867,
2.711827,1.885468,2.585934,3.043417,3.53967,2.387357,
2.709299,1.887375,2.589854,3.0435,3.539746,2.381719,
2.706653,1.889331,2.593743,3.043447,3.539747,2.375947,
2.704361,1.891325,2.598083,3.04337,3.539732,2.36994,
2.70172,1.893209,2.602386,3.043468,3.539756,2.363922,
2.699101,1.895297,2.606934,3.043518,3.539756,2.357681,
2.696816,1.897413,2.611793,3.043519,3.539799,2.35137,
2.694359,1.899546,2.616502,3.043505,3.539718,2.345017,
2.691968,1.901848,2.621531,3.043573,3.539722,2.338587,
2.690222,1.904227,2.626969,3.043484,3.539711,2.332119,
2.687799,1.906521,2.63198,3.043389,3.539575,2.325506,
2.685574,1.908994,2.637319,3.043446,3.539572,2.318999,
2.683562,1.911723,2.642705,3.043456,3.539588,2.312622,
2.681412,1.914365,2.648131,3.043517,3.539646,2.306199,
2.679321,1.916981,2.653845,3.043479,3.539662,2.299553,
2.67739,1.919746,2.659507,3.043485,3.539686,2.293165,
2.674983,1.922152,2.665069,3.043396,3.539613,2.286456,
2.672724,1.924561,2.670854,3.043578,3.539605,2.279848,
2.67068,1.926995,2.676696,3.043571,3.539585,2.273279,
2.668455,1.929187,2.68249,3.043611,3.539668,2.266602,
2.666479,1.93158,2.68863,3.04336,3.539637,2.259651,
2.664616,1.933951,2.694839,3.043387,3.539644,2.25282,
2.662802,1.936407,2.701161,3.043306,3.539836,2.245963,
2.661126,1.939044,2.707641,3.043332,3.539855,2.239042,
2.659636,1.941887,2.714419,3.043491,3.539855,2.232116,
2.658283,1.944698,2.721396,3.043528,3.539914,2.225052,
2.656996,1.947831,2.728519,3.043375,3.539931,2.217824,
2.656128,1.951471,2.73623,3.043299,3.53966,2.210593,
2.65522,1.955165,2.74405,3.043332,3.539429,2.203159,
2.65461,1.959337,2.752369,3.043165,3.539401,2.195666,
2.65422,1.963759,2.761068,3.043114,3.539473,2.187965,
2.653505,1.967941,2.769668,3.043084,3.539445,2.180049,
2.652824,1.972381,2.778518,3.04321,3.539425,2.172089,
2.652095,1.976825,2.78755,3.04341,3.539645,2.16396,
2.651496,1.9813,2.797615,3.04336,3.539674,2.154744,
2.65053,1.985579,2.807537,3.04348,3.539691,2.145636,
2.649688,1.989796,2.817618,3.0436,3.539784,2.136583,
2.648489,1.993595,2.828022,3.043693,3.53985,2.126903,
2.647542,1.997292,2.838615,3.043737,3.539896,2.117329,
2.646533,2.000562,2.849455,3.043762,3.539947,2.107234,
2.645352,2.003704,2.860153,3.043777,3.539892,2.097118,
2.644464,2.006756,2.870993,3.043745,3.539892,2.087073,
2.643526,2.009407,2.881529,3.043758,3.539926,2.077147,
2.642216,2.011569,2.891582,3.043694,3.539812,2.067106,
2.641233,2.013859,2.901589,3.043607,3.539803,2.057383,
2.640511,2.016338,2.911521,3.043674,3.539746,2.048012,
2.639539,2.018655,2.921086,3.043676,3.539725,2.038711,
2.638858,2.02129,2.930536,3.043547,3.539684,2.029793,
2.638141,2.024097,2.939927,3.043452,3.539597,2.020921,
2.637559,2.026891,2.949063,3.043471,3.539725,2.012627,
2.636707,2.029409,2.957619,3.043504,3.539719,2.004548,
2.636036,2.031393,2.965468,3.043621,3.539759,1.997108,
2.635301,2.033295,2.973654,3.043514,3.539862,1.989119,
2.634308,2.034752,2.981058,3.043566,3.539875,1.981666,
2.633673,2.035761,2.988421,3.043626,3.539877,1.974353,
2.632457,2.036252,2.994995,3.043633,3.539901,1.967305,
2.631744,2.036796,3.001677,3.043417,3.539889,1.960368,
2.630983,2.036947,3.008091,3.043444,3.539896,1.953589,
2.630426,2.036841,3.014263,3.04325,3.539743,1.946857,
2.629717,2.036616,3.020175,3.043274,3.539815,1.940529,
2.629219,2.035989,3.025966,3.043346,3.539845,1.934277,
2.629025,2.035592,3.032103,3.04331,3.539898,1.927921,
2.62898,2.034965,3.03819,3.04338,3.5399,1.921641,
2.628931,2.034356,3.044054,3.043393,3.539898,1.915592,
2.629203,2.033554,3.049877,3.043467,3.539906,1.909765,
2.629474,2.032475,3.055671,3.04347,3.539823,1.903639,
2.629898,2.031223,3.061149,3.043209,3.539786,1.897869,
2.630288,2.029581,3.06657,3.043126,3.539654,1.891983,
2.631161,2.027813,3.071981,3.043287,3.539663,1.886404,
2.631836,2.026238,3.077221,3.043149,3.539587,1.88084,
2.633162,2.024812,3.082895,3.043171,3.539689,1.875364,
2.634487,2.023293,3.088521,3.043242,3.539675,1.869887,
2.635772,2.021667,3.094128,3.043354,3.539741,1.864444,
2.637179,2.020215,3.100052,3.043428,3.53985,1.858898,
2.63871,2.018512,3.105753,3.043464,3.539891,1.853336,
2.639975,2.016699,3.111454,3.043355,3.539858,1.847709,
2.64148,2.014831,3.117315,3.043319,3.539598,1.841936,
2.64322,2.012541,3.123237,3.043267,3.53957,1.836255,
2.644546,2.01019,3.129075,3.043175,3.539437,1.830369,
2.646012,2.007685,3.135002,3.043355,3.5394,1.824597,
2.647635,2.004905,3.141585,3.043426,3.539432,1.818074,
2.648987,2.002165,3.147394,3.043386,3.539366,1.812185,
2.650688,1.999366,3.153631,3.043459,3.539688,1.806184,
2.652457,1.996436,3.159738,3.043223,3.53959,1.799973,
2.653763,1.993563,3.165646,3.043329,3.539655,1.793996,
2.655477,1.991112,3.171845,3.043367,3.539614,1.787891,
2.657348,1.988588,3.178235,3.043544,3.539635,1.781711,
2.658841,1.986261,3.184326,3.043583,3.539711,1.775597,
2.660415,1.984003,3.19057,3.043642,3.539735,1.769289,
2.66234,1.981709,3.196996,3.04367,3.539789,1.762984,
2.66364,1.979419,3.203261,3.043672,3.539783,1.756533,
2.664881,1.976881,3.209662,3.043586,3.53969,1.749697,
2.666566,1.974053,3.215986,3.043482,3.539692,1.743157,
2.66767,1.971126,3.222279,3.043422,3.539623,1.736212,
2.669432,1.968627,3.229177,3.043509,3.539824,1.729433,
2.671323,1.965888,3.236438,3.043511,3.539806,1.722167,
2.672862,1.963397,3.243543,3.043497,3.539689,1.714913,
2.674834,1.961191,3.251524,3.043584,3.539706,1.70728,
2.677125,1.958718,3.25947,3.043597,3.539804,1.699796,
2.678939,1.956469,3.267336,3.043578,3.539924,1.692285,
2.681109,1.954404,3.275538,3.043496,3.539803,1.684487,
2.683687,1.952263,3.284444,3.043499,3.539819,1.676377,
2.685868,1.950313,3.293064,3.043512,3.539829,1.668494,
2.68844,1.948315,3.302557,3.043584,3.5398,1.659927,
2.691468,1.94638,3.312256,3.043605,3.539852,1.651477,
2.694452,1.944492,3.322009,3.043533,3.539839,1.642929,
2.697867,1.942592,3.332511,3.043391,3.539785,1.633869,
2.701496,1.940795,3.343259,3.043477,3.539788,1.6249,
2.704899,1.938963,3.353759,3.043573,3.539821,1.616014,
2.70858,1.936866,3.364367,3.043439,3.539862,1.606978,
2.712356,1.934752,3.37505,3.043473,3.539804,1.597951,
2.715942,1.932416,3.385347,3.043583,3.539839,1.589042,
2.719394,1.930172,3.395307,3.043535,3.53996,1.58033,
2.722717,1.927783,3.405434,3.043468,3.539909,1.571216,
2.726024,1.925456,3.414991,3.043453,3.539859,1.56256,
2.729165,1.923438,3.424419,3.043371,3.539839,1.554151,
2.731757,1.921808,3.433896,3.043315,3.53978,1.545476,
2.735117,1.92018,3.442869,3.043392,3.539998,1.537863,
2.73825,1.919405,3.452204,3.043406,3.539795,1.529919,
2.741375,1.918798,3.461346,3.043383,3.539825,1.522269,
2.74451,1.918376,3.47052,3.043359,3.539869,1.514793,
2.747589,1.918403,3.479151,3.043324,3.539886,1.508051,
2.750594,1.918418,3.487543,3.043393,3.539937,1.501541,
2.753551,1.918401,3.495689,3.043516,3.540027,1.495247,
2.756223,1.918772,3.503777,3.043594,3.540051,1.488987,
2.758883,1.918831,3.511961,3.043596,3.540042,1.482459,
2.7614,1.918952,3.519475,3.043308,3.53974,1.476266,
2.76383,1.919185,3.52713,3.043368,3.53974,1.470232,
2.766087,1.919324,3.534334,3.043427,3.539745,1.464494,
2.76829,1.919544,3.541039,3.04335,3.539624,1.459134,
2.770441,1.920011,3.547014,3.043406,3.539628,1.454737,
2.772778,1.920689,3.553711,3.043419,3.539614,1.449782,
2.775272,1.921696,3.5596,3.043472,3.53961,1.445936,
2.77786,1.922966,3.56571,3.043553,3.53967,1.442147,
2.780671,1.924368,3.57239,3.043625,3.539704,1.43798,
2.783594,1.926139,3.578363,3.043728,3.539751,1.434747,
2.786307,1.927611,3.584943,3.043747,3.539758,1.430603,
2.789122,1.929346,3.591414,3.043672,3.539666,1.426686,
2.791652,1.930861,3.597546,3.043704,3.539648,1.422852,
2.793914,1.932483,3.603823,3.043687,3.539637,1.418764,
2.796419,1.934196,3.610549,3.043454,3.539467,1.414307,
2.798558,1.935756,3.616662,3.043199,3.539249,1.410099,
2.80078,1.937543,3.623437,3.043159,3.539241,1.405649,
2.803003,1.939507,3.630211,3.043176,3.539275,1.401332,
2.805133,1.941617,3.636918,3.043182,3.53939,1.397227,
2.807352,1.943773,3.644258,3.043207,3.539367,1.392496,
2.809628,1.946063,3.651598,3.043362,3.539511,1.387945,
2.811824,1.948641,3.659302,3.0433,3.539518,1.383108,
2.814184,1.951153,3.665556,3.0435,3.539623,1.379716,
2.81665,1.953952,3.673276,3.043624,3.539736,1.375234,
2.819243,1.956669,3.6813,3.043624,3.539679,1.370379,
2.821515,1.959496,3.689315,3.043586,3.539698,1.365532,
2.823982,1.962418,3.697587,3.043588,3.53975,1.360542,
2.826286,1.965336,3.705838,3.043564,3.539867,1.355641,
2.828833,1.968287,3.714334,3.043581,3.539905,1.350651,
2.831147,1.971159,3.722635,3.043791,3.540064,1.345823,
2.833474,1.974247,3.731132,3.043819,3.540045,1.340774,
2.835974,1.97734,3.739793,3.043886,3.540085,1.335823,
2.838714,1.980637,3.748691,3.043869,3.540035,1.330812,
2.841587,1.984079,3.75779,3.043815,3.539983,1.32576,
2.843976,1.98765,3.766867,3.043732,3.54002,1.320694,
2.847168,1.991594,3.776719,3.043392,3.539631,1.315288,
2.85,1.995532,3.786495,3.043451,3.539628,1.310055,
2.853449,1.999713,3.796659,3.043222,3.539609,1.30479,
2.856788,2.004069,3.807246,3.043215,3.539721,1.29926,
2.859942,2.008556,3.817864,3.04329,3.539544,1.293651,
2.863279,2.013033,3.82872,3.043331,3.539668,1.288068,
2.866982,2.017897,3.840161,3.043617,3.539821,1.282372,
2.870546,2.022938,3.85181,3.043747,3.539943,1.276523,
2.87456,2.028421,3.864201,3.043694,3.539962,1.270324,
2.878702,2.033914,3.876682,3.043483,3.53979,1.26401,
,,,,

