pos to chair dis,pos to table dis,pos to audience dis,controller to chair dis,controller to table dis,controller to audience dis,


2.225731,2.899685,2.225731,0,4.507173,0,
2.225731,2.899685,2.225731,0,4.507173,0,
3.589477,2.855803,2.082344,1.951146,1.999167,3.390459,
3.574997,2.818716,2.061529,3.198581,2.686888,2.17412,
3.541946,2.794501,2.085632,3.200534,2.693549,2.176177,
3.531561,2.787307,2.093768,3.201293,2.697047,2.17735,
3.526374,2.783344,2.098226,3.202208,2.699703,2.178287,
3.510784,2.77178,2.111272,3.204599,2.707507,2.181509,
3.499688,2.763793,2.120388,3.205605,2.711265,2.183199,
3.499632,2.763507,2.120664,3.205581,2.710311,2.182891,
3.494192,2.759564,2.124536,3.130382,2.653717,2.244894,
3.39275,2.680342,2.205716,3.119607,2.645778,2.253259,
3.388432,2.676603,2.209532,3.107577,2.636502,2.262677,
3.384032,2.673365,2.213089,3.097199,2.629228,2.270998,
3.37082,2.662474,2.223704,3.063679,2.601903,2.296024,
3.362895,2.656373,2.230458,3.039673,2.579475,2.31197,
3.363363,2.656705,2.230204,3.039653,2.578695,2.311487,
3.359566,2.653807,2.233597,3.02833,2.567234,2.318527,
3.355899,2.650959,2.236843,3.017342,2.556317,2.325554,
3.352313,2.648096,2.240423,3.006116,2.544903,2.332916,
3.349005,2.645662,2.243437,2.995704,2.533553,2.339061,
3.345514,2.642984,2.246747,2.98483,2.521777,2.345721,
3.342082,2.640425,2.250131,2.974336,2.510188,2.352169,
3.338765,2.637913,2.253215,2.963934,2.498741,2.358451,
3.335385,2.635211,2.256531,2.953806,2.486969,2.364686,
3.332186,2.632744,2.258353,2.944006,2.475593,2.370037,
3.329129,2.630527,2.260886,2.93485,2.464659,2.374968,
3.326304,2.628275,2.263584,2.925046,2.453127,2.380914,
3.323296,2.62569,2.266203,2.916322,2.442384,2.386129,
3.320262,2.62336,2.268713,2.906963,2.431022,2.391517,
3.317078,2.620789,2.271405,2.897426,2.419513,2.397406,
3.314219,2.61831,2.273888,2.888284,2.408239,2.403049,
3.311369,2.616188,2.276248,2.879086,2.397092,2.408636,
3.308427,2.613849,2.278694,2.86994,2.385702,2.41412,
3.305558,2.611486,2.28089,2.861104,2.37452,2.419266,
3.302691,2.609414,2.283115,2.85278,2.363788,2.423945,
3.300098,2.607384,2.285284,2.844163,2.35255,2.428938,
3.297255,2.605257,2.287257,2.836313,2.341826,2.432906,
3.294729,2.603424,2.289008,2.828434,2.331129,2.436958,
3.292046,2.601341,2.29413,2.821207,2.320522,2.442095,
3.289718,2.599528,2.29438,2.814326,2.310074,2.444583,
3.287457,2.598281,2.295757,2.808589,2.30085,2.446322,
3.285032,2.596552,2.298243,2.803054,2.291327,2.448742,
3.282979,2.595226,2.30079,2.797277,2.28169,2.451452,
3.281038,2.594295,2.302524,2.793276,2.273661,2.452229,
3.279454,2.593444,2.305449,2.789656,2.266041,2.454253,
3.2776,2.592692,2.308578,2.786432,2.259298,2.455737,
3.276006,2.592088,2.311103,2.783416,2.25274,2.457015,
3.274368,2.591327,2.313922,2.781419,2.247785,2.45804,
3.27298,2.590854,2.316631,2.780059,2.243914,2.458728,
3.271855,2.590784,2.31863,2.778946,2.241127,2.459145,
3.270707,2.590424,2.320874,2.778348,2.239084,2.45971,
3.269672,2.5903,2.323111,2.778462,2.238448,2.459744,
3.268833,2.590523,2.324048,2.778285,2.237757,2.459175,
3.267987,2.59073,2.325041,2.778778,2.238722,2.458717,
3.267318,2.590928,2.325755,2.77966,2.240332,2.458024,
3.266696,2.59125,2.325542,2.780795,2.242674,2.456591,
3.266611,2.591681,2.32476,2.781694,2.245234,2.455335,
3.26632,2.592366,2.323694,2.783194,2.248237,2.453244,
3.266064,2.593154,2.321699,2.78477,2.251277,2.449767,
3.266026,2.593847,2.320288,2.786335,2.254173,2.446988,
3.266104,2.594704,2.318221,2.788591,2.258695,2.443328,
3.266088,2.595814,2.315365,2.790631,2.262698,2.438745,
3.26639,2.596962,2.31252,2.792828,2.266983,2.434509,
3.266643,2.598002,2.309764,2.795251,2.271794,2.43033,
3.267004,2.599412,2.306556,2.798034,2.277128,2.425514,
3.267315,2.600493,2.30302,2.800829,2.28238,2.420484,
3.267936,2.601763,2.298737,2.80379,2.28809,2.414903,
3.268399,2.602983,2.29409,2.806473,2.293735,2.409261,
3.268658,2.603913,2.289403,2.80984,2.299756,2.403065,
3.269314,2.604898,2.283798,2.813385,2.306538,2.396589,
3.269849,2.605973,2.2779,2.816559,2.313262,2.390012,
3.270005,2.606643,2.271999,2.820365,2.320444,2.382809,
3.270514,2.607391,2.265851,2.824683,2.328661,2.375678,
3.271046,2.60835,2.258455,2.828496,2.336328,2.367612,
3.271148,2.608836,2.251543,2.833094,2.344012,2.359341,
3.271585,2.609502,2.243763,2.837674,2.352376,2.350897,
3.271935,2.610214,2.236954,2.842233,2.360715,2.343073,
3.272157,2.610723,2.229854,2.847044,2.36884,2.335044,
3.272329,2.611274,2.222702,2.85175,2.37736,2.327298,
3.272353,2.611796,2.216202,2.856774,2.386075,2.3195,
3.272381,2.612302,2.208732,2.861583,2.394214,2.311162,
3.272542,2.612861,2.201437,2.866869,2.402886,2.302696,
3.272503,2.613544,2.193958,2.871917,2.411478,2.293666,
3.272143,2.613762,2.186563,2.877061,2.419525,2.284827,
3.272214,2.614371,2.179506,2.884162,2.43026,2.275151,
3.271995,2.614984,2.173009,2.885897,2.435196,2.269124,
3.271709,2.615484,2.166314,2.890939,2.443267,2.260895,
3.271626,2.61604,2.159563,2.895882,2.451175,2.252937,
3.271405,2.616639,2.15473,2.900672,2.459048,2.246286,
3.271287,2.617372,2.148982,2.905547,2.466662,2.239139,
3.27115,2.617995,2.143563,2.910472,2.47439,2.232467,
3.270995,2.618793,2.140519,2.914738,2.481585,2.227882,
3.270815,2.619318,2.135934,2.919242,2.488332,2.222155,
3.270664,2.620042,2.131623,2.923575,2.495129,2.216703,
3.270465,2.620956,2.127347,2.927547,2.501734,2.21125,
3.270304,2.62171,2.122811,2.931427,2.507383,2.205552,
3.270196,2.622367,2.118683,2.935359,2.512787,2.200037,
3.269878,2.62327,2.114382,2.938443,2.517704,2.19488,
3.269763,2.624221,2.110028,2.941069,2.521853,2.19002,
3.269233,2.624853,2.106266,2.943496,2.525814,2.185708,
3.26861,2.625167,2.102775,2.945675,2.528922,2.18135,
3.268105,2.625774,2.099202,2.946694,2.531004,2.177809,
3.26775,2.626167,2.095869,2.948273,2.533369,2.174252,
3.267086,2.626938,2.092701,2.949519,2.535888,2.170763,
3.266452,2.627307,2.089272,2.948958,2.536293,2.168145,
3.265687,2.627455,2.086393,2.948848,2.537196,2.165632,
3.264804,2.627943,2.083486,2.947249,2.536806,2.163587,
3.263864,2.628008,2.080511,2.946192,2.536739,2.161534,
3.262769,2.627854,2.078196,2.943889,2.535491,2.16051,
3.261609,2.627984,2.075397,2.942505,2.535419,2.158494,
3.2604,2.627856,2.072502,2.938132,2.531924,2.157948,
3.258739,2.627173,2.069979,2.935165,2.529998,2.156805,
3.257174,2.626595,2.067053,2.931347,2.527037,2.155768,
3.255147,2.625597,2.064268,2.927107,2.523396,2.154781,
3.253169,2.624477,2.062005,2.92313,2.520312,2.15425,
3.251205,2.623337,2.059433,2.918541,2.515733,2.153458,
3.248984,2.622018,2.057255,2.914647,2.511573,2.152229,
3.246523,2.620231,2.0552,2.910105,2.506726,2.15142,
3.244004,2.618577,2.053887,2.905498,2.501418,2.151018,
3.241178,2.616314,2.052057,2.901103,2.495956,2.150347,
3.23823,2.613778,2.050679,2.896269,2.489267,2.149665,
3.235171,2.611374,2.048979,2.8915,2.483084,2.149316,
3.232346,2.608722,2.047189,2.886533,2.476186,2.148982,
3.228959,2.605805,2.046015,2.881216,2.468926,2.148762,
3.225621,2.602711,2.044351,2.875809,2.461628,2.148602,
3.222068,2.599199,2.042921,2.86966,2.453153,2.149297,
3.218757,2.595909,2.041425,2.863833,2.445051,2.149883,
3.215279,2.592405,2.039747,2.857309,2.436362,2.151093,
3.211516,2.58839,2.038642,2.850249,2.426908,2.153159,
3.208247,2.584732,2.037326,2.843102,2.417547,2.15539,
3.205109,2.581461,2.036356,2.835528,2.408172,2.15837,
3.202078,2.577719,2.034877,2.828136,2.398406,2.161051,
3.199581,2.57466,2.034129,2.820126,2.388271,2.164432,
3.197755,2.571991,2.033114,2.811859,2.377847,2.168219,
3.196172,2.569587,2.031912,2.803719,2.366692,2.171396,
3.19461,2.567265,2.031065,2.795352,2.355093,2.174637,
3.193382,2.565243,2.0303,2.788302,2.343896,2.176858,
3.192189,2.56322,2.026015,2.781826,2.332237,2.176965,
3.19094,2.561328,2.025516,2.775251,2.320721,2.178486,
3.189778,2.559778,2.024432,2.769889,2.309415,2.178318,
3.18941,2.558558,2.023732,2.765212,2.298161,2.17784,
3.188627,2.557291,2.025439,2.761198,2.287711,2.17753,
3.188267,2.556343,2.025112,2.757931,2.277508,2.175853,
3.187951,2.55559,2.024565,2.754975,2.267484,2.173859,
3.188067,2.555132,2.025826,2.752824,2.258138,2.172486,
3.188216,2.554733,2.024723,2.751484,2.249627,2.169485,
3.188521,2.55472,2.024399,2.750255,2.241082,2.166492,
3.188812,2.554572,2.024659,2.750014,2.233738,2.163698,
3.189343,2.554585,2.024342,2.750373,2.226888,2.160122,
3.189709,2.554448,2.024,2.751032,2.220853,2.156893,
3.190345,2.554535,2.024677,2.752466,2.215101,2.153645,
3.191134,2.554978,2.024079,2.754851,2.210125,2.148961,
3.191874,2.555154,2.024098,2.756772,2.205235,2.145102,
3.193105,2.555964,2.02389,2.760265,2.201394,2.140084,
3.19412,2.556566,2.022751,2.764211,2.197851,2.133775,
3.19527,2.557297,2.022302,2.768068,2.194196,2.128414,
3.196556,2.558171,2.022873,2.773241,2.191462,2.1229,
3.198207,2.559591,2.023321,2.778757,2.189205,2.117356,
3.199587,2.561103,2.02355,2.784893,2.186826,2.110642,
3.200963,2.562567,2.024418,2.791049,2.184878,2.104358,
3.202578,2.564451,2.024554,2.798301,2.183801,2.096771,
3.203763,2.567038,2.026131,2.806052,2.182779,2.088743,
3.205126,2.569333,2.02747,2.814251,2.182971,2.081017,
3.206443,2.571517,2.028564,2.822787,2.183604,2.072986,
3.207285,2.573612,2.03118,2.831341,2.183746,2.065228,
3.20798,2.575962,2.034635,2.840702,2.186188,2.057782,
3.20849,2.577991,2.037683,2.849594,2.188032,2.050102,
3.208058,2.579684,2.041638,2.859336,2.191001,2.042069,
3.208163,2.581548,2.044681,2.869338,2.195151,2.034127,
3.208019,2.582774,2.046814,2.879431,2.199007,2.025604,
3.207397,2.584277,2.049614,2.889565,2.203596,2.017263,
3.206909,2.585746,2.052399,2.899743,2.209281,2.009709,
3.206141,2.58683,2.054901,2.910108,2.215773,2.001877,
3.20494,2.588086,2.058275,2.92005,2.222229,1.994589,
3.204188,2.589295,2.061225,2.930296,2.229611,1.987535,
3.203034,2.589985,2.064907,2.940393,2.236904,1.981085,
3.201885,2.590609,2.068601,2.950379,2.244822,1.975004,
3.200392,2.591072,2.072559,2.960192,2.253627,1.969312,
3.198835,2.590999,2.07623,2.969537,2.262048,1.964352,
3.197451,2.591082,2.079468,2.97876,2.270715,1.959389,
3.195822,2.59091,2.082321,2.987092,2.279216,1.955012,
3.194767,2.590881,2.083639,2.993857,2.285637,1.95003,
3.193173,2.5904,2.083944,3.001029,2.293302,1.944487,
3.191799,2.58974,2.084199,3.007724,2.300537,1.93951,
3.190349,2.588871,2.083668,3.014631,2.30834,1.934712,
3.189303,2.587914,2.083812,3.020145,2.314186,1.931474,
3.188201,2.587283,2.083212,3.025231,2.320278,1.927886,
3.186966,2.585837,2.083018,3.029673,2.32482,1.925042,
3.185911,2.584564,2.082347,3.03381,2.329021,1.921867,
3.184913,2.583431,2.081384,3.03682,2.332071,1.91895,
3.183733,2.581898,2.080075,3.040695,2.335467,1.914823,
3.182301,2.579967,2.078977,3.043662,2.33742,1.911371,
3.181452,2.578707,2.077573,3.046648,2.339128,1.907699,
3.180617,2.57692,2.076216,3.049633,2.340497,1.904191,
3.179775,2.575188,2.074943,3.051456,2.339979,1.901142,
3.179333,2.573632,2.073415,3.053829,2.340054,1.898041,
3.178985,2.571906,2.071615,3.055138,2.338492,1.895201,
3.178395,2.569986,2.069754,3.056612,2.337323,1.892275,
3.178313,2.568303,2.067733,3.056551,2.333612,1.889933,
3.178209,2.566434,2.065335,3.057138,2.330666,1.887395,
3.17852,2.564834,2.062217,3.056826,2.326124,1.885002,
3.179173,2.563727,2.059433,3.056482,2.321318,1.881891,
3.179873,2.562366,2.056401,3.056528,2.315774,1.878167,
3.180638,2.561014,2.053502,3.05679,2.309474,1.873733,
3.181602,2.560103,2.050523,3.057017,2.302505,1.868945,
3.182374,2.558714,2.04807,3.05785,2.295076,1.863801,
3.183227,2.55749,2.045603,3.059101,2.288006,1.858249,
3.184298,2.556825,2.043121,3.060997,2.281145,1.851876,
3.185035,2.555717,2.041213,3.062531,2.274012,1.846342,
3.185729,2.554709,2.039124,3.064541,2.268067,1.840688,
3.186394,2.553886,2.03711,3.06735,2.263067,1.834381,
3.186544,2.552712,2.03551,3.069279,2.257228,1.828865,
3.18689,2.551614,2.033866,3.071175,2.252127,1.823823,
3.186912,2.550476,2.03231,3.072893,2.247922,1.819145,
3.186592,2.549017,2.030845,3.074069,2.243174,1.814872,
3.186372,2.547733,2.02939,3.074562,2.238851,1.811769,
3.185939,2.546335,2.028209,3.074549,2.235339,1.809619,
3.185824,2.545354,2.027064,3.073895,2.231681,1.808259,
3.1855,2.544386,2.025959,3.07259,2.228351,1.807825,
3.185097,2.543482,2.024892,3.071859,2.225085,1.806392,
3.185042,2.542707,2.02352,3.069908,2.222099,1.806714,
3.184648,2.542104,2.022381,3.06764,2.21897,1.80728,
3.184219,2.541419,2.020898,3.065072,2.21648,1.808006,
3.183761,2.540843,2.019676,3.062497,2.213983,1.80897,
3.183463,2.540505,2.01829,3.059995,2.21138,1.809765,
3.183076,2.540437,2.01723,3.057599,2.209349,1.810465,
3.182302,2.539759,2.016206,3.05464,2.206899,1.811577,
3.181898,2.539469,2.015301,3.05149,2.204305,1.813125,
3.18116,2.539378,2.014683,3.048008,2.202162,1.814971,
3.18032,2.539092,2.014186,3.044631,2.199687,1.816838,
3.179404,2.538779,2.013758,3.040876,2.197431,1.819332,
3.178207,2.538358,2.013572,3.037473,2.194895,1.82136,
3.176628,2.537776,2.013157,3.033234,2.192121,1.824058,
3.175237,2.537448,2.012791,3.029145,2.18942,1.826613,
3.173344,2.536766,2.012868,3.024528,2.186853,1.830076,
3.171578,2.536195,2.01298,3.019615,2.183942,1.833915,
3.169688,2.535531,2.013079,3.014843,2.181523,1.83767,
3.167252,2.53457,2.013412,3.009515,2.179369,1.842187,
3.16474,2.533432,2.013575,3.003828,2.176701,1.846974,
3.162226,2.532515,2.014162,2.998029,2.174285,1.851941,
3.159152,2.531271,2.014838,2.991529,2.17202,1.857779,
3.156178,2.530061,2.015299,2.98439,2.169743,1.864274,
3.152914,2.528761,2.016148,2.976939,2.167512,1.871237,
3.149433,2.527164,2.017053,2.969604,2.165799,1.878371,
3.145764,2.5257,2.018092,2.960056,2.163097,1.887367,
3.141854,2.52379,2.019286,2.951456,2.160784,1.895493,
3.137798,2.522016,2.020924,2.942171,2.158845,1.904537,
3.13344,2.519641,2.022106,2.932069,2.156259,1.913953,
3.129369,2.517728,2.023369,2.921906,2.153649,1.923422,
3.124964,2.51551,2.024906,2.91163,2.151284,1.933149,
3.120759,2.513546,2.026207,2.900861,2.148858,1.94335,
3.116351,2.511487,2.027611,2.891092,2.146842,1.952394,
3.11167,2.509176,2.029206,2.880729,2.144955,1.961958,
3.107354,2.506506,2.030679,2.870768,2.142548,1.971552,
3.103029,2.504518,2.032569,2.860659,2.140794,1.981185,
3.098937,2.502831,2.033967,2.849636,2.138033,1.991074,
3.094975,2.500916,2.035291,2.840151,2.136077,1.999876,
3.090666,2.498845,2.036943,2.83006,2.13426,2.009212,
3.086549,2.496709,2.03849,2.819787,2.133429,2.019533,
3.08225,2.49442,2.040163,2.811032,2.131514,2.027466,
3.077385,2.491825,2.041862,2.801578,2.130235,2.0362,
3.072603,2.489111,2.043771,2.792468,2.129147,2.044759,
3.067172,2.485551,2.045914,2.783902,2.12785,2.052663,
3.061609,2.48207,2.048148,2.774945,2.127147,2.061,
3.056121,2.478722,2.050228,2.766288,2.126783,2.069127,
3.050391,2.475078,2.052572,2.758221,2.126598,2.076853,
3.0446,2.471479,2.054723,2.749945,2.127033,2.084979,
3.038946,2.468121,2.057354,2.741514,2.127353,2.093593,
3.0332,2.464125,2.060079,2.733479,2.127864,2.102193,
3.027617,2.460433,2.062832,2.725731,2.128573,2.110457,
3.021981,2.456861,2.066078,2.718131,2.129317,2.118771,
3.016319,2.452903,2.069269,2.710427,2.12984,2.127068,
3.010418,2.448813,2.072763,2.703171,2.130232,2.134906,
3.004314,2.44468,2.076498,2.696401,2.130663,2.142126,
2.997458,2.439917,2.080989,2.689263,2.130274,2.149505,
2.990911,2.435365,2.085502,2.682218,2.129964,2.157077,
2.984143,2.430874,2.09041,2.675283,2.129217,2.164332,
2.976889,2.425677,2.095642,2.668377,2.127619,2.171323,
2.969946,2.420711,2.10115,2.661207,2.12583,2.178901,
2.962674,2.415754,2.106792,2.6538,2.12391,2.186386,
2.955127,2.410237,2.11256,2.646658,2.121052,2.193382,
2.947607,2.404826,2.118226,2.639292,2.118668,2.200683,
2.940132,2.399464,2.12387,2.632272,2.116391,2.207577,
2.932511,2.393738,2.129818,2.625487,2.112905,2.214054,
2.924809,2.388096,2.135531,2.618306,2.109547,2.220688,
2.916967,2.382551,2.141703,2.611381,2.106671,2.227354,
2.909225,2.376681,2.147868,2.60437,2.102587,2.233874,
2.901301,2.370815,2.153738,2.597791,2.099067,2.239859,
2.893242,2.364965,2.159837,2.590822,2.095141,2.246064,
2.885043,2.358659,2.165919,2.583886,2.090684,2.252105,
2.876978,2.352567,2.171806,2.576844,2.086455,2.258311,
2.868449,2.346611,2.178136,2.569865,2.082094,2.264346,
2.859734,2.339935,2.184511,2.56234,2.077277,2.270972,
2.850812,2.333384,2.191319,2.554992,2.072263,2.277593,
2.841527,2.326889,2.198873,2.547691,2.067281,2.284266,
2.831778,2.319895,2.206661,2.540272,2.061898,2.290951,
2.822074,2.313074,2.214673,2.53298,2.056489,2.297638,
2.812084,2.306342,2.22288,2.525651,2.050936,2.303984,
2.801812,2.29962,2.231194,2.518401,2.045003,2.310026,
2.791072,2.292735,2.239896,2.511385,2.039902,2.316161,
2.780018,2.285888,2.248901,2.504048,2.034277,2.322518,
2.768869,2.279058,2.257861,2.496241,2.028657,2.329508,
2.757584,2.272164,2.26707,2.488469,2.023379,2.337015,
2.746413,2.26544,2.276059,2.480808,2.018364,2.344496,
2.734809,2.258631,2.285301,2.472429,2.012946,2.352698,
2.722934,2.251722,2.294788,2.464589,2.00797,2.360524,
2.710967,2.244717,2.304512,2.456627,2.002715,2.368577,
2.698766,2.238071,2.31464,2.448552,1.997337,2.376723,
2.686186,2.231283,2.325058,2.441484,1.992956,2.384241,
2.673546,2.224686,2.335755,2.43352,1.987613,2.392469,
2.661168,2.218137,2.346179,2.425505,1.982352,2.401158,
2.648642,2.211699,2.356583,2.41779,1.97748,2.409692,
2.63614,2.205674,2.367295,2.410954,1.973723,2.417948,
2.623789,2.199188,2.377961,2.403751,1.969665,2.427122,
2.611368,2.192979,2.388805,2.396528,1.965483,2.436472,
2.59873,2.186906,2.400214,2.389919,1.962092,2.445987,
2.586299,2.180962,2.411374,2.383477,1.958728,2.455373,
2.57362,2.175026,2.422649,2.37707,1.955852,2.464808,
2.56101,2.169523,2.434137,2.37081,1.953329,2.474421,
2.549603,2.164694,2.445307,2.364303,1.95067,2.485019,
2.537179,2.159034,2.456344,2.358836,1.94926,2.494504,
2.52476,2.153359,2.466885,2.352544,1.947486,2.504499,
2.512667,2.14825,2.477268,2.346132,1.945852,2.514676,
2.500306,2.142762,2.48834,2.340229,1.945385,2.525366,
2.488192,2.137582,2.498776,2.333714,1.944231,2.535947,
2.476405,2.132825,2.508047,2.326439,1.943749,2.546515,
2.464508,2.127908,2.516357,2.319485,1.943277,2.555936,
2.452751,2.123253,2.524455,2.312238,1.943085,2.565932,
2.44176,2.119588,2.530969,2.305008,1.943043,2.575226,
2.429646,2.11501,2.538507,2.299077,1.944848,2.584503,
2.417546,2.110891,2.545881,2.291163,1.945306,2.594926,
2.40655,2.106998,2.552891,2.284503,1.946044,2.604894,
2.394887,2.10295,2.560577,2.278429,1.948061,2.614797,
2.383718,2.099146,2.567967,2.271933,1.949108,2.625077,
2.372948,2.095452,2.575272,2.265703,1.950221,2.635484,
2.362098,2.092082,2.583159,2.259121,1.951344,2.646651,
2.351606,2.089082,2.590955,2.253616,1.953058,2.657131,
2.341244,2.086306,2.598736,2.248226,1.954796,2.667706,
2.331246,2.083613,2.606822,2.242425,1.956066,2.679108,
2.321577,2.08156,2.614861,2.237796,1.958408,2.689748,
2.313232,2.080669,2.621981,2.232912,1.959938,2.700206,
2.304367,2.079105,2.62984,2.229234,1.963375,2.710564,
2.296529,2.07843,2.637191,2.224605,1.964974,2.721038,
2.288021,2.076968,2.644763,2.220633,1.967541,2.730744,
2.280295,2.075779,2.651953,2.216127,1.969912,2.741119,
2.273678,2.075895,2.658953,2.212815,1.972995,2.750817,
2.266705,2.075554,2.666023,2.209299,1.975973,2.760318,
2.260099,2.075588,2.672947,2.205168,1.978397,2.770098,
2.253734,2.075964,2.679512,2.20244,1.982008,2.778619,
2.24867,2.076469,2.684784,2.201451,1.986006,2.785671,
2.243608,2.076731,2.690182,2.200727,1.990742,2.792753,
2.238888,2.077446,2.69552,2.200643,1.99453,2.798547,
2.233891,2.077859,2.701058,2.200619,1.998446,2.803792,
2.228869,2.078772,2.707003,2.199641,2.001786,2.809853,
2.224101,2.079575,2.712712,2.199615,2.004983,2.814386,
2.2198,2.080083,2.718172,2.199693,2.00839,2.818636,
2.215782,2.080578,2.723254,2.200095,2.012212,2.82321,
2.212509,2.080939,2.727037,2.201037,2.015694,2.826358,
2.209734,2.081831,2.730161,2.202703,2.018874,2.827786,
2.206936,2.082676,2.733546,2.204019,2.022192,2.829578,
2.204017,2.083427,2.737368,2.204573,2.024962,2.832032,
2.201579,2.083917,2.740519,2.204637,2.027247,2.834262,
2.199114,2.08447,2.743242,2.204434,2.029666,2.836403,
2.196835,2.085034,2.745958,2.203393,2.03096,2.838776,
2.194639,2.085392,2.749045,2.202746,2.032428,2.841501,
2.192573,2.085936,2.751918,2.202409,2.034076,2.843562,
2.190616,2.086343,2.755158,2.202068,2.035196,2.845768,
2.188607,2.086365,2.758004,2.202268,2.036383,2.846991,
2.186924,2.086588,2.760414,2.202705,2.038094,2.847971,
2.185266,2.086813,2.762739,2.203276,2.039251,2.848262,
2.184251,2.087321,2.764545,2.203998,2.041149,2.848869,
2.183222,2.087637,2.766011,2.205061,2.042552,2.848497,
2.182078,2.087594,2.767662,2.207309,2.044056,2.847739,
2.181541,2.087973,2.769252,2.208111,2.044246,2.847496,
2.180848,2.088197,2.770762,2.208122,2.045326,2.848194,
2.180674,2.088956,2.7718,2.206159,2.044621,2.849453,
2.180214,2.089458,2.772867,2.202353,2.043431,2.851917,
2.179919,2.090132,2.773738,2.197523,2.041735,2.855076,
2.179473,2.091089,2.774941,2.193428,2.040248,2.857714,
2.179434,2.091724,2.775722,2.188477,2.037596,2.860425,
2.17922,2.092214,2.776383,2.184259,2.03606,2.862677,
2.17942,2.092812,2.776706,2.180216,2.03493,2.864494,
2.179439,2.093127,2.777007,2.175707,2.033979,2.866392,
2.179402,2.09342,2.776912,2.172051,2.033829,2.867429,
2.179287,2.093301,2.776935,2.167217,2.032944,2.868632,
2.179498,2.093415,2.776244,2.164432,2.034131,2.868969,
2.17978,2.093554,2.775253,2.159785,2.034342,2.869819,
2.180769,2.093891,2.774125,2.152131,2.031518,2.872243,
2.181604,2.093979,2.772932,2.144173,2.028998,2.87472,
2.182347,2.094165,2.771784,2.136984,2.027012,2.876639,
2.182783,2.093768,2.770691,2.128153,2.0226,2.878327,
2.183431,2.094086,2.769808,2.119481,2.019123,2.879929,
2.184172,2.094598,2.768818,2.112474,2.017007,2.880202,
2.184594,2.094701,2.767976,2.104917,2.013173,2.880146,
2.185515,2.095366,2.766895,2.098662,2.010818,2.879092,
2.185877,2.09575,2.766089,2.092416,2.008324,2.877555,
2.186676,2.095931,2.76497,2.085063,2.002981,2.876099,
2.187848,2.096763,2.76391,2.079613,1.99925,2.873516,
2.188661,2.097241,2.763651,2.073732,1.99484,2.871617,
2.190065,2.098198,2.767765,2.071663,1.990872,2.871623,
2.191748,2.099423,2.769391,2.066797,1.986076,2.871469,
2.193701,2.101141,2.771224,2.062452,1.979955,2.8708,
2.194393,2.101379,2.773724,2.061099,1.97455,2.86749,
2.1965,2.103699,2.775086,2.057515,1.968256,2.865505,
2.198193,2.105748,2.776199,2.054209,1.961085,2.861981,
2.199124,2.107231,2.778339,2.052762,1.954285,2.857384,
2.20152,2.110456,2.780008,2.050446,1.94773,2.854084,
2.203373,2.113332,2.782379,2.049016,1.94244,2.850339,
2.20579,2.11638,2.784558,2.048758,1.936537,2.845434,
2.209296,2.120566,2.786162,2.048202,1.931121,2.84134,
2.213054,2.125245,2.787968,2.047536,1.924158,2.836823,
2.21686,2.130308,2.790099,2.047062,1.917711,2.832457,
2.22108,2.135789,2.79231,2.04682,1.910174,2.827858,
2.225096,2.141088,2.794647,2.047076,1.904246,2.823399,
2.229208,2.146313,2.797048,2.047081,1.896865,2.818796,
2.234154,2.152173,2.798925,2.046835,1.889422,2.814794,
2.239421,2.157979,2.800841,2.047007,1.882899,2.811066,
2.242647,2.160646,2.804277,2.046581,1.874443,2.807471,
2.248675,2.166016,2.805187,2.046653,1.867131,2.804047,
2.25431,2.170826,2.806622,2.047088,1.860389,2.800705,
2.261132,2.176181,2.806818,2.047353,1.853264,2.797972,
2.267378,2.180801,2.807231,2.047949,1.84619,2.794847,
2.2735,2.184884,2.807364,2.049411,1.839219,2.790931,
2.281571,2.190713,2.805301,2.050542,1.832523,2.787803,
2.287952,2.193964,2.804709,2.051992,1.824501,2.784389,
2.293955,2.195801,2.803666,2.054631,1.816442,2.780114,
2.299964,2.198169,2.802515,2.056442,1.806939,2.776355,
2.305895,2.199821,2.801346,2.058967,1.797917,2.772494,
2.311171,2.200109,2.800102,2.062542,1.788378,2.767545,
2.316963,2.201325,2.797966,2.065669,1.778392,2.762989,
2.322308,2.201617,2.796014,2.069988,1.76925,2.757561,
2.326099,2.199886,2.794924,2.073826,1.759849,2.752691,
2.330914,2.199735,2.792563,2.076734,1.748932,2.748626,
2.335354,2.199107,2.790608,2.08053,1.739352,2.744186,
2.337355,2.194972,2.790401,2.084509,1.730131,2.739819,
2.34093,2.193782,2.788798,2.087501,1.719124,2.736353,
2.344016,2.192149,2.786895,2.09187,1.710933,2.73179,
2.345425,2.188309,2.78673,2.095408,1.702004,2.728397,
2.347873,2.185891,2.78501,2.099548,1.693946,2.72457,
2.350059,2.183775,2.783445,2.102928,1.685551,2.721492,
2.348943,2.177915,2.78473,2.107609,1.678632,2.717256,
2.349408,2.174482,2.784602,2.111386,1.670347,2.714383,
2.350523,2.17185,2.783958,2.113984,1.660005,2.712842,
2.349113,2.166937,2.785672,2.117172,1.651367,2.710996,
2.348207,2.16289,2.786331,2.121015,1.643328,2.708276,
2.348546,2.159955,2.786413,2.125203,1.635081,2.705437,
2.347294,2.155877,2.787303,2.129025,1.627591,2.702756,
2.346424,2.152094,2.787813,2.132681,1.620516,2.700495,
2.345747,2.14859,2.788311,2.136526,1.613214,2.69806,
2.344035,2.143656,2.789542,2.13963,1.606275,2.696504,
2.342656,2.140016,2.790531,2.14331,1.600085,2.694465,
2.341218,2.136084,2.791419,2.146003,1.594258,2.693457,
2.338926,2.131011,2.79279,2.148763,1.588293,2.692328,
2.337373,2.127102,2.793811,2.151806,1.58296,2.69119,
2.335297,2.122924,2.795272,2.154068,1.577479,2.690738,
2.332753,2.118018,2.797248,2.15593,1.571943,2.690864,
2.331484,2.114923,2.798218,2.157514,1.566736,2.691273,
2.329096,2.110745,2.800076,2.159341,1.561927,2.691698,
2.326303,2.105529,2.802374,2.161008,1.556702,2.6923,
2.323574,2.101084,2.804606,2.161768,1.551244,2.693699,
2.320994,2.096774,2.806702,2.16257,1.545904,2.695144,
2.317868,2.091938,2.809275,2.161934,1.540103,2.698085,
2.315068,2.087297,2.811582,2.161742,1.534581,2.700708,
2.312254,2.08281,2.813776,2.161343,1.528902,2.703581,
2.30921,2.07769,2.815956,2.158928,1.522541,2.708389,
2.306938,2.073605,2.81739,2.156744,1.516361,2.713068,
2.304013,2.068881,2.81935,2.154358,1.51029,2.718132,
2.300885,2.063383,2.821759,2.152077,1.504435,2.723129,
2.297968,2.059225,2.824837,2.148593,1.498324,2.729716,
2.294585,2.054909,2.828722,2.144954,1.492354,2.736376,
2.290807,2.049912,2.833107,2.141315,1.486881,2.743107,
2.287513,2.046059,2.837235,2.138066,1.481645,2.749726,
2.283965,2.041586,2.840671,2.134047,1.476639,2.756979,
2.279904,2.036385,2.844736,2.130704,1.471827,2.763965,
2.275907,2.031474,2.848625,2.127607,1.467695,2.771146,
2.271805,2.026453,2.85213,2.124484,1.46388,2.778267,
2.267813,2.020817,2.855321,2.121566,1.461071,2.78532,
2.263722,2.015971,2.858434,2.118771,1.458855,2.792517,
2.259515,2.010843,2.861495,2.115298,1.457182,2.80007,
2.254932,2.005128,2.865047,2.111401,1.455291,2.80814,
2.249969,1.999757,2.868928,2.106577,1.453931,2.817002,
2.245173,1.994878,2.872499,2.101429,1.452798,2.825686,
2.240114,1.989846,2.876724,2.096299,1.451666,2.834625,
2.234846,1.984752,2.881335,2.090739,1.450206,2.843943,
2.22981,1.980023,2.885665,2.085863,1.449184,2.852525,
2.224645,1.975322,2.889832,2.081335,1.448349,2.860529,
2.219079,1.97034,2.89449,2.076322,1.447077,2.868805,
2.213769,1.965742,2.899029,2.071644,1.446035,2.877057,
2.208793,1.961009,2.903047,2.06673,1.445345,2.885093,
2.203617,1.956977,2.907467,2.0617,1.444448,2.893106,
2.197877,1.952607,2.912457,2.056286,1.443987,2.901474,
2.192356,1.948012,2.917255,2.050349,1.443895,2.909999,
2.186527,1.944098,2.922496,2.043994,1.443536,2.918752,
2.180706,1.940134,2.927878,2.0377,1.44354,2.92752,
2.174766,1.935941,2.933402,2.031104,1.443483,2.936454,
2.168911,1.932228,2.939144,2.024528,1.443421,2.945664,
2.162777,1.928401,2.944999,2.017284,1.44351,2.955093,
2.156653,1.924339,2.950661,2.009756,1.443109,2.96476,
2.150433,1.920569,2.956666,2.001678,1.442927,2.974972,
2.143693,1.916817,2.962871,1.993024,1.443026,2.985608,
2.136923,1.912736,2.969329,1.984841,1.443022,2.995813,
2.130243,1.909247,2.975652,1.976149,1.443082,3.006552,
2.123196,1.905583,2.982268,1.966867,1.443546,3.017756,
2.115848,1.901909,2.98903,1.957733,1.443786,3.028499,
2.108375,1.898369,2.996259,1.94893,1.443947,3.039347,
2.100775,1.894953,3.003749,1.940147,1.444103,3.050207,
2.092701,1.891322,3.011927,1.931468,1.443935,3.061154,
2.084466,1.887766,3.020115,1.922973,1.443549,3.071885,
2.076324,1.884501,3.028161,1.914871,1.44258,3.082202,
2.068485,1.881067,3.035733,1.907367,1.441763,3.091943,
2.060002,1.878374,3.043785,1.899517,1.441719,3.101683,
2.051512,1.875505,3.051666,1.892253,1.441394,3.110861,
2.042878,1.872606,3.059355,1.885049,1.441062,3.119524,
2.033683,1.870041,3.067552,1.878744,1.440684,3.127312,
2.024373,1.867776,3.075632,1.872573,1.4399,3.134965,
2.014914,1.865494,3.083853,1.86631,1.439082,3.142593,
2.005332,1.863871,3.091867,1.860541,1.438202,3.149539,
1.995603,1.862018,3.10004,1.854807,1.436927,3.156461,
1.985534,1.860438,3.108951,1.849114,1.435507,3.163504,
1.975841,1.858891,3.11717,1.843466,1.434014,3.170458,
1.965803,1.85732,3.125839,1.837781,1.432118,3.17762,
1.95557,1.85589,3.134832,1.83198,1.430686,3.185101,
1.945377,1.8544,3.143982,1.826501,1.42916,3.192549,
1.935445,1.85334,3.153111,1.821182,1.427999,3.199902,
1.926149,1.852873,3.161511,1.815612,1.426878,3.207339,
1.916408,1.852275,3.170941,1.810462,1.425847,3.214515,
1.906778,1.851583,3.180471,1.80506,1.424992,3.222197,
1.897539,1.850965,3.189189,1.799618,1.423721,3.229324,
1.888467,1.850669,3.197885,1.7944,1.422745,3.236198,
1.879375,1.850128,3.206631,1.789105,1.421675,3.243036,
1.870447,1.849532,3.214557,1.783691,1.420955,3.24952,
1.861712,1.849136,3.222346,1.778481,1.420665,3.255691,
1.852674,1.848362,3.230123,1.773326,1.420186,3.261235,
1.843908,1.847427,3.237896,1.768527,1.420288,3.266873,
1.835127,1.846578,3.245353,1.764455,1.42015,3.271175,
1.826446,1.845562,3.252644,1.761208,1.420113,3.274203,
1.817799,1.844463,3.260033,1.758995,1.420269,3.27582,
1.809028,1.843058,3.267362,1.75736,1.420657,3.276525,
1.800379,1.841618,3.274374,1.756056,1.420881,3.276258,
1.791837,1.840007,3.281096,1.754758,1.421019,3.276204,
1.78331,1.838453,3.287411,1.754886,1.421172,3.274113,
1.774794,1.836535,3.293108,1.755111,1.420743,3.27158,
1.766201,1.834596,3.299016,1.75581,1.419685,3.268488,
1.757444,1.83255,3.304256,1.756544,1.418796,3.265123,
1.748964,1.82997,3.309053,1.758463,1.416091,3.260271,
1.740763,1.827416,3.313356,1.760041,1.414347,3.255299,
1.732404,1.824526,3.31765,1.761941,1.412377,3.250325,
1.724319,1.821764,3.32079,1.764121,1.410805,3.24425,
1.716491,1.81868,3.323524,1.766168,1.410362,3.238304,
1.708659,1.815886,3.326258,1.767971,1.410316,3.232651,
1.700889,1.812655,3.32846,1.769101,1.411663,3.227191,
1.692989,1.809162,3.330964,1.770043,1.412691,3.222157,
1.685578,1.805989,3.332779,1.770928,1.413523,3.21711,
1.678396,1.802242,3.334104,1.771531,1.415282,3.2121,
1.671065,1.798348,3.33535,1.772377,1.416378,3.206405,
1.664047,1.794413,3.33597,1.772975,1.417074,3.20105,
1.657184,1.790229,3.335983,1.773555,1.417915,3.19514,
1.650239,1.786095,3.336319,1.773764,1.418941,3.189299,
1.643501,1.781865,3.335887,1.773227,1.419923,3.183853,
1.63704,1.777397,3.335273,1.772369,1.420968,3.178627,
1.630322,1.773053,3.335291,1.771215,1.422049,3.173479,
1.623846,1.768605,3.335018,1.768858,1.422992,3.170199,
1.617153,1.764121,3.335639,1.766508,1.423476,3.167334,
1.610561,1.759888,3.336887,1.763085,1.424246,3.166281,
1.603918,1.755686,3.33847,1.75907,1.423871,3.166418,
1.597177,1.751358,3.340524,1.755491,1.423693,3.166229,
1.590232,1.747278,3.343077,1.751239,1.422907,3.166708,
1.583558,1.74334,3.34563,1.74662,1.421665,3.168305,
1.576774,1.739189,3.348717,1.741698,1.419934,3.170922,
1.569977,1.735703,3.351934,1.736848,1.418755,3.173538,
1.563305,1.731954,3.355134,1.731161,1.416899,3.178041,
1.55663,1.728171,3.358754,1.725113,1.414616,3.183799,
1.549988,1.724895,3.363518,1.718696,1.412612,3.191446,
1.543728,1.721678,3.368017,1.71232,1.410641,3.198908,
1.537632,1.71828,3.373503,1.705342,1.408153,3.209421,
1.531758,1.715334,3.379523,1.698157,1.406274,3.221243,
1.525958,1.712135,3.385365,1.690679,1.404128,3.234355,
1.520278,1.708771,3.392077,1.683385,1.401823,3.249305,
1.514747,1.706069,3.399298,1.67628,1.40065,3.265172,
1.50925,1.703026,3.406938,1.668781,1.39933,3.284569,
1.504099,1.699887,3.414669,1.661555,1.398099,3.302961,
1.500111,1.697565,3.423112,1.654131,1.398164,3.324715,
1.496171,1.695514,3.432648,1.646901,1.398746,3.346641,
1.492221,1.693376,3.443024,1.639273,1.400661,3.372393,
1.488744,1.69216,3.453403,1.632147,1.404134,3.400078,
1.485482,1.690804,3.463713,1.626092,1.409262,3.429773,
1.482327,1.689366,3.474478,1.619945,1.416605,3.462868,
1.479608,1.688745,3.485425,1.614837,1.426611,3.499516,
1.477141,1.687841,3.496152,1.610897,1.437623,3.535814,
1.47501,1.686773,3.506853,1.607461,1.452753,3.578493,
1.47322,1.686417,3.51754,1.605644,1.47165,3.625605,
1.471696,1.686071,3.528446,1.604451,1.491642,3.675374,
1.470272,1.685618,3.539394,1.603741,1.514145,3.729292,
1.469492,1.685676,3.549256,1.603732,1.539332,3.788069,
1.46867,1.685531,3.559604,1.604013,1.563682,3.84707,
1.468013,1.685105,3.569112,1.604502,1.589347,3.91192,
1.46723,1.684878,3.578597,1.604377,1.612553,3.976037,
1.466498,1.684436,3.588177,1.60112,1.630568,4.03897,
1.46586,1.683604,3.596989,1.598953,1.645674,4.092786,
1.465201,1.683796,3.606437,1.590942,1.647927,4.128548,
1.46473,1.684167,3.616131,1.573175,1.645627,4.148239,
1.46388,1.68513,3.626152,1.547789,1.642741,4.164896,
1.463096,1.687284,3.637222,1.53793,1.640267,4.182604,
1.462219,1.689875,3.648249,1.488007,1.605903,4.150754,
1.460774,1.69254,3.658595,1.487002,1.617426,4.159118,
1.459024,1.695098,3.66799,1.514678,1.60968,4.164351,
1.457125,1.696794,3.677008,1.535074,1.594934,4.14189,
1.454949,1.697447,3.684789,1.538146,1.593974,4.148649,
1.45276,1.697984,3.691672,1.515138,1.609686,4.163549,
1.450338,1.698273,3.698382,1.494348,1.613461,4.173368,
1.448015,1.697893,3.704524,1.46253,1.619061,4.185533,
1.445944,1.698386,3.710632,1.433358,1.627602,4.196067,
1.444257,1.698494,3.716296,1.408939,1.629254,4.208551,
1.443065,1.6981,3.72211,1.389964,1.623212,4.208687,
1.441792,1.698999,3.727652,1.373951,1.6162,4.209337,
1.440345,1.69963,3.73352,1.359232,1.608704,4.2133,
1.439204,1.699721,3.739156,1.344143,1.600407,4.213105,
1.437964,1.700004,3.744189,1.334149,1.587717,4.209332,
1.436705,1.69995,3.749037,1.320445,1.578183,4.208453,
1.435494,1.6995,3.753869,1.304032,1.568145,4.205364,
1.434032,1.69964,3.758584,1.288066,1.559299,4.201968,
1.433195,1.700067,3.763633,1.269934,1.55232,4.199451,
1.43257,1.700366,3.768546,1.252236,1.544655,4.19347,
1.431794,1.701449,3.773912,1.235608,1.538352,4.188758,
1.431016,1.702423,3.779608,1.219376,1.530939,4.181612,
1.430233,1.703064,3.785019,1.204159,1.523123,4.172669,
1.429468,1.704101,3.790062,1.189184,1.516859,4.163186,
1.42833,1.704775,3.795294,1.174397,1.511387,4.15333,
1.427411,1.704627,3.800196,1.160095,1.506819,4.143055,
1.426168,1.705144,3.805139,1.147229,1.502596,4.131777,
1.425426,1.705414,3.80993,1.133742,1.50065,4.12171,
1.424871,1.70512,3.814443,1.122585,1.497445,4.111802,
1.423965,1.705463,3.81891,1.112687,1.495592,4.102469,
1.423341,1.705408,3.823322,1.102632,1.494438,4.092832,
1.422973,1.704765,3.827238,1.093044,1.493935,4.084355,
1.422351,1.705092,3.830518,1.08543,1.493654,4.075826,
1.421898,1.705031,3.833129,1.077407,1.493409,4.065861,
1.421281,1.704808,3.835755,1.0699,1.493593,4.057349,
1.420741,1.705007,3.838175,1.064819,1.492934,4.048687,
1.420227,1.705041,3.840942,1.059768,1.493123,4.041862,
1.419695,1.704918,3.843522,1.055078,1.49337,4.03551,
1.418962,1.705246,3.845821,1.052094,1.492821,4.029116,
1.418402,1.705391,3.847766,1.047976,1.493428,4.022881,
1.417971,1.705114,3.849481,1.044067,1.494055,4.017373,
1.41751,1.705509,3.851342,1.041724,1.493994,4.012292,
1.417237,1.705825,3.853426,1.038828,1.495174,4.00939,
1.417301,1.705812,3.855066,1.0359,1.496291,4.006681,
1.417032,1.706752,3.856412,1.034514,1.497042,4.00549,
1.416987,1.707479,3.857497,1.032238,1.498306,4.003704,
1.41711,1.708207,3.85838,1.030381,1.499308,4.002203,
1.417022,1.709415,3.858877,1.028943,1.500523,4.001923,
1.417042,1.710387,3.859284,1.026792,1.502443,4.002894,
1.41724,1.710771,3.859308,1.024613,1.504056,4.002752,
1.417357,1.712006,3.858202,1.022961,1.506087,4.004777,
1.41725,1.712943,3.856781,1.020782,1.508181,4.005966,
1.417338,1.713527,3.854795,1.01873,1.510035,4.005901,
1.417377,1.714596,3.852271,1.016987,1.512098,4.00805,
1.417281,1.715534,3.849864,1.015147,1.514295,4.011648,
1.417346,1.716444,3.847416,1.013334,1.516086,4.012362,
1.417192,1.717812,3.844652,1.011714,1.518395,4.016087,
1.417084,1.719188,3.842327,1.01002,1.520547,4.019719,
1.417363,1.720672,3.840698,1.008541,1.52237,4.022893,
1.417301,1.722836,3.839333,1.00776,1.524007,4.026229,
1.417267,1.725148,3.838238,1.006377,1.526064,4.029752,
1.417215,1.727667,3.837822,1.004814,1.528152,4.033093,
1.417013,1.7307,3.837624,1.003827,1.530205,4.036948,
1.416345,1.733569,3.837719,1.001357,1.53349,4.040676,
1.415436,1.736378,3.839294,0.9988401,1.536544,4.044707,
1.414056,1.73947,3.840302,0.9956734,1.54055,4.049157,
1.412591,1.742487,3.841381,0.9911973,1.545425,4.053865,
1.410896,1.745035,3.842243,0.9867126,1.550086,4.05833,
1.40862,1.748411,3.843164,0.9801011,1.556873,4.062804,
1.40633,1.751676,3.84356,0.9735199,1.563665,4.066623,
1.40358,1.755108,3.843543,0.9668612,1.57032,4.069996,
1.400629,1.759185,3.84228,0.9587204,1.578835,4.072757,
1.397772,1.762978,3.841194,0.950591,1.587013,4.074754,
1.394302,1.766779,3.838538,0.9429314,1.594555,4.074883,
1.391114,1.77098,3.837614,0.9341689,1.603352,4.07621,
1.388355,1.77525,3.835626,0.9266238,1.611378,4.07538,
1.385223,1.779368,3.833351,0.918842,1.619083,4.074479,
1.382249,1.783959,3.831243,0.9109781,1.62707,4.072239,
1.379348,1.788242,3.829816,0.9037193,1.634676,4.069244,
1.375958,1.79298,3.828566,0.8963826,1.642406,4.066466,
1.372699,1.797825,3.826522,0.8890845,1.650324,4.062181,
1.369233,1.802443,3.824925,0.8813864,1.658244,4.058482,
1.365897,1.80738,3.823199,0.8738893,1.666637,4.053961,
1.362688,1.812743,3.820493,0.8664324,1.675393,4.0494,
1.359222,1.817802,3.818959,0.8585468,1.68451,4.045533,
1.35612,1.822378,3.816602,0.8509855,1.693502,4.041051,
1.35276,1.827354,3.813911,0.8433274,1.703132,4.03686,
1.349231,1.83218,3.811516,0.8352029,1.713252,4.033106,
1.345742,1.836965,3.80924,0.8271736,1.723135,4.029596,
1.342117,1.842292,3.806248,0.8186185,1.734206,4.026556,
1.338294,1.847318,3.801332,0.8102774,1.745107,4.033135,
1.33444,1.852687,3.79967,0.8014562,1.756528,4.03134,
1.330382,1.858223,3.799185,0.7922511,1.768415,4.029359,
1.326284,1.863834,3.798078,0.7832168,1.780093,4.023231,
1.322076,1.869216,3.797368,0.7730827,1.792373,4.024022,
1.31773,1.875422,3.796198,0.7637856,1.80435,4.023213,
1.313229,1.881215,3.795772,0.7539992,1.816655,4.022501,
1.308531,1.887397,3.795105,0.7444002,1.828942,4.022927,
1.303681,1.893916,3.79453,0.7340814,1.842073,4.024427,
1.298582,1.900043,3.794608,0.7242482,1.854837,4.025892,
1.293144,1.906679,3.794811,0.7137516,1.868482,4.028005,
1.28757,1.913566,3.794687,0.7032905,1.882717,4.030077,
1.2819,1.92019,3.795248,0.6951558,1.894431,4.036378,
1.27592,1.926611,3.795495,0.6816849,1.910613,4.033797,
1.269834,1.933557,3.796285,0.6710668,1.925519,4.037574,
1.26364,1.940233,3.797499,0.6607887,1.939362,4.041606,
1.257375,1.946948,3.798695,0.6499431,1.954122,4.044955,
1.251078,1.95379,3.799939,0.6393895,1.968999,4.04991,
1.24465,1.960273,3.801451,0.6299402,1.981954,4.054102,
1.238093,1.967309,3.802888,0.6194302,1.996589,4.057527,
1.231473,1.974362,3.804506,0.6091344,2.011053,4.062623,
1.224667,1.981416,3.80676,0.5993128,2.024244,4.067775,
1.217862,1.988159,3.808795,0.5889706,2.038085,4.07241,
1.210988,1.995445,3.811098,0.5791541,2.051896,4.077534,
1.204097,2.002222,3.814321,0.5700143,2.064504,4.083355,
1.197062,2.009389,3.817217,0.5607595,2.0782,4.088128,
1.190649,2.016058,3.819608,0.5517349,2.092224,4.093085,
1.184415,2.02229,3.822273,0.5433419,2.105378,4.097489,
1.178237,2.028113,3.823966,0.5346525,2.118613,4.101645,
1.172346,2.034409,3.825989,0.5264778,2.131301,4.105245,
1.166621,2.040193,3.828721,0.5179515,2.142647,4.109364,
1.161432,2.046657,3.830929,0.5091879,2.153661,4.112875,
1.1567,2.053906,3.833617,0.500511,2.164157,4.116619,
1.151921,2.060575,3.837191,0.4924398,2.173438,4.120338,
1.147199,2.067628,3.840106,0.4852275,2.180969,4.122608,
1.143086,2.074973,3.842983,0.4787265,2.187464,4.125035,
1.139213,2.081708,3.846111,0.4727482,2.193624,4.127945,
1.135369,2.089016,3.848789,0.4667465,2.200813,4.131124,
1.132033,2.096229,3.850932,0.4609683,2.207707,4.135471,
1.128867,2.102927,3.853528,0.4558325,2.214406,4.1404,
1.126058,2.109191,3.854774,0.4503356,2.221026,4.145175,
1.123855,2.115827,3.855768,0.4439998,2.227773,4.149998,
1.121558,2.121923,3.857152,0.438825,2.233185,4.153969,
1.119412,2.128373,3.857587,0.4336634,2.239367,4.157833,
1.117576,2.134355,3.858086,0.4285366,2.244736,4.162214,
1.115832,2.139897,3.858621,0.4242383,2.249751,4.165524,
1.114046,2.146245,3.85865,0.4200729,2.255406,4.168419,
1.112958,2.151619,3.858242,0.4175789,2.260854,4.170745,
1.111764,2.156797,3.858007,0.4157469,2.265887,4.173277,
1.110781,2.162082,3.856626,0.4148867,2.270986,4.175433,
1.110069,2.16719,3.854107,0.415271,2.275681,4.175711,
1.109496,2.171495,3.850812,0.4149976,2.279547,4.175546,
1.108997,2.176253,3.846654,0.4153667,2.283369,4.175102,
1.108861,2.180228,3.841924,0.4161701,2.28638,4.173526,
1.108743,2.184124,3.837626,0.417323,2.288984,4.172352,
1.108397,2.188063,3.832798,0.4187573,2.291273,4.170914,
1.108615,2.191678,3.828501,0.4210863,2.293541,4.169506,
1.108902,2.194866,3.824603,0.4234419,2.295267,4.168665,
1.108755,2.198489,3.820581,0.4260061,2.29616,4.167024,
1.109158,2.201915,3.81705,0.428988,2.296835,4.165494,
1.109623,2.204693,3.814256,0.4316038,2.295079,4.163233,
1.110337,2.208123,3.811312,0.4334138,2.294015,4.160717,
1.110841,2.21071,3.808653,0.4348522,2.292597,4.158203,
1.111276,2.213045,3.806477,0.4355128,2.290737,4.155777,
1.111998,2.215788,3.803641,0.4369274,2.289148,4.153125,
1.112204,2.217792,3.801371,0.4373794,2.286733,4.150204,
1.112569,2.219396,3.799344,0.4385667,2.285487,4.148232,
1.112783,2.221281,3.796992,0.4394118,2.282483,4.144275,
1.113309,2.222592,3.794725,0.4383029,2.281338,4.140876,
1.113559,2.223724,3.792143,0.4386332,2.278572,4.136395,
1.113371,2.225043,3.789105,0.4378816,2.275386,4.130616,
1.113522,2.225784,3.785973,0.436336,2.271879,4.124126,
1.113518,2.226024,3.782526,0.4324426,2.26699,4.115788,
1.113878,2.2269,3.778897,0.4317095,2.261467,4.10848,
1.113958,2.227104,3.775284,0.4301712,2.253345,4.100106,
1.11398,2.227036,3.771713,0.4271637,2.244371,4.091482,
1.114095,2.227377,3.768625,0.4261102,2.234569,4.082961,
1.114211,2.227577,3.765739,0.4248093,2.223069,4.074757,
1.114259,2.227553,3.763335,0.4263266,2.208947,4.065526,
1.113861,2.228109,3.760972,0.4298984,2.193791,4.054821,
1.113428,2.228321,3.759012,0.434283,2.179692,4.045553,
1.112839,2.228419,3.757393,0.4383205,2.166239,4.037953,
1.112237,2.229276,3.756037,0.4445567,2.152533,4.028147,
1.111298,2.22988,3.754917,0.4522997,2.138543,4.018807,
1.110287,2.230379,3.754032,0.4605854,2.124553,4.009771,
1.108861,2.231639,3.753556,0.4688551,2.112024,4.000971,
1.10741,2.232285,3.753222,0.4762143,2.101785,3.993433,
1.105774,2.232728,3.75333,0.4822962,2.093177,3.987085,
1.103423,2.233805,3.753811,0.4839414,2.090525,3.984836,
1.10128,2.234409,3.754248,0.4834211,2.090257,3.983867,
1.099114,2.234838,3.754834,0.4813318,2.091902,3.983908,
1.096797,2.235847,3.755593,0.4800014,2.09312,3.983232,
1.094563,2.236261,3.756144,0.4736999,2.100775,3.986293,
1.092143,2.236245,3.756881,0.4683331,2.107079,3.987484,
1.089999,2.236841,3.757344,0.4607601,2.116478,3.990248,
1.087969,2.236841,3.757991,0.45436,2.124376,3.992026,
1.086182,2.236308,3.758945,0.4454893,2.135373,3.994632,
1.084588,2.236559,3.759639,0.4360751,2.147703,3.997803,
1.083074,2.236205,3.760266,0.4262871,2.160858,4.000634,
1.081684,2.235446,3.761259,0.4170074,2.174552,4.003343,
1.080294,2.235406,3.761798,0.4090786,2.187558,4.005436,
1.078982,2.234948,3.762696,0.4009303,2.204832,4.008423,
1.077645,2.234288,3.763711,0.3955032,2.220105,4.010774,
1.076653,2.234131,3.764383,0.3918529,2.235866,4.013214,
1.075738,2.233714,3.765196,0.3907074,2.254413,4.01715,
1.074658,2.233237,3.766244,0.3916509,2.269975,4.019954,
1.073807,2.233167,3.767046,0.3919416,2.286443,4.02439,
1.072872,2.232942,3.768042,0.3945959,2.299008,4.027752,
1.071772,2.232592,3.76936,0.3963541,2.309332,4.030798,
1.070967,2.232986,3.770432,0.3974878,2.317864,4.030706,
1.069858,2.233228,3.772016,0.3985211,2.32513,4.032311,
1.068781,2.2337,3.774147,0.4016954,2.331657,4.033375,
1.067628,2.234505,3.776108,0.4052501,2.338384,4.03285,
1.066178,2.235113,3.778335,0.4095626,2.338035,4.036379,
1.064058,2.235871,3.781131,0.4125476,2.34466,4.037382,
1.062212,2.237207,3.784031,0.4161598,2.350752,4.038221,
1.06075,2.238507,3.787038,0.4196205,2.357621,4.040118,
1.058479,2.239861,3.790652,0.4235361,2.364188,4.042292,
1.056128,2.241817,3.794342,0.4274749,2.37218,4.044854,
1.054206,2.243651,3.798101,0.432246,2.379233,4.047194,
1.050333,2.245561,3.802344,0.4364155,2.386595,4.049875,
1.047535,2.247984,3.806539,0.4408287,2.394936,4.053253,
1.044771,2.250404,3.811137,0.4460259,2.402128,4.056708,
1.042669,2.252698,3.816433,0.4511613,2.407464,4.059739,
1.039336,2.255921,3.821651,0.4559931,2.413172,4.063615,
1.035775,2.258931,3.827174,0.4616702,2.416873,4.065676,
1.0325,2.26198,3.83338,0.4648487,2.42026,4.069638,
1.028382,2.265537,3.839346,0.4652863,2.422428,4.074788,
1.023921,2.268933,3.845689,0.4670526,2.4238,4.078471,
1.019791,2.272235,3.852324,0.4659478,2.424828,4.08376,
1.015124,2.275865,3.858824,0.4645528,2.425529,4.088606,
1.010104,2.279439,3.865571,0.4593056,2.425579,4.095634,
1.00511,2.282818,3.872641,0.4537596,2.425036,4.102111,
0.9999409,2.286752,3.87968,0.4456277,2.425173,4.110087,
0.9942541,2.290493,3.887028,0.4375834,2.425476,4.117661,
0.9887552,2.29406,3.894518,0.4300281,2.425031,4.124901,
0.9827725,2.297923,3.901964,0.4199381,2.423946,4.132246,
0.9767084,2.30182,3.909564,0.407863,2.423269,4.140573,
0.9706396,2.305493,3.917269,0.3973229,2.422426,4.14777,
0.9645392,2.309773,3.924689,0.3846942,2.420714,4.15427,
0.9583377,2.313816,3.93244,0.3731066,2.420239,4.161245,
0.952063,2.317595,3.940301,0.3615353,2.418585,4.16768,
0.9455127,2.322279,3.94807,0.349499,2.417108,4.172838,
0.9389299,2.326507,3.95614,0.3378782,2.415975,4.178663,
0.9319022,2.330652,3.964515,0.3262354,2.415099,4.184025,
0.9248414,2.335329,3.972727,0.3150096,2.415036,4.189203,
0.917641,2.33983,3.981238,0.3041472,2.414864,4.194305,
0.9101487,2.344257,3.989942,0.2933239,2.415155,4.199211,
0.9024269,2.349137,3.998667,0.2825713,2.416298,4.204411,
0.8946668,2.353882,4.007444,0.2722433,2.417397,4.20913,
0.8867921,2.358563,4.016581,0.2623892,2.418278,4.213459,
0.878539,2.363596,4.025348,0.252238,2.420382,4.218576,
0.8701943,2.368585,4.034319,0.2425753,2.42206,4.222606,
0.8616816,2.373336,4.043606,0.2335576,2.423278,4.226319,
0.8526531,2.378818,4.052862,0.2246783,2.425126,4.230054,
0.8435728,2.383954,4.062347,0.2160405,2.426534,4.233809,
0.8344363,2.388727,4.07181,0.2083725,2.42786,4.237158,
0.8253691,2.394409,4.081093,0.2006109,2.429515,4.240422,
0.8164608,2.399522,4.090353,0.1935118,2.430665,4.243415,
0.8077453,2.404349,4.099278,0.1873534,2.431191,4.24574,
0.7990791,2.409198,4.10793,0.1816073,2.43158,4.247985,
0.7903733,2.414064,4.116401,0.1755653,2.431716,4.250483,
0.7817351,2.418681,4.124882,0.1706196,2.431541,4.252342,
0.7731708,2.423682,4.132846,0.1678026,2.43032,4.252518,
0.7653967,2.428361,4.14082,0.1741758,2.425693,4.248542,
0.7579679,2.432915,4.149035,0.1787863,2.421403,4.24512,
0.7487391,2.437812,4.156734,0.1798449,2.420347,4.243522,
0.741528,2.442313,4.164415,0.1826681,2.418209,4.240018,
0.7352276,2.446334,4.171533,0.1865632,2.413358,4.235209,
0.7284322,2.450819,4.178104,0.18605,2.411052,4.233984,
0.7222695,2.454433,4.18433,0.1888788,2.406604,4.229781,
0.7166067,2.457547,4.190063,0.1948617,2.402956,4.223911,
0.7109702,2.461296,4.195403,0.2060023,2.396426,4.212506,
0.7055138,2.464789,4.201089,0.2114511,2.397116,4.207862,
0.700009,2.467674,4.206091,0.2102492,2.400292,4.20828,
0.6951897,2.471108,4.210662,0.2093483,2.399944,4.206785,
0.6905606,2.473951,4.215137,0.205433,2.403669,4.209461,
0.6872534,2.47606,4.218837,0.2050672,2.405526,4.210558,
0.6824422,2.478238,4.222097,0.205045,2.40181,4.212063,
0.6776204,2.48034,4.22553,0.1977841,2.407488,4.218868,
0.6746746,2.481855,4.22858,0.192041,2.410724,4.224389,
0.6728197,2.48379,4.231417,0.1917109,2.414026,4.227302,
0.6694635,2.485572,4.234343,0.1892877,2.417199,4.230587,
0.666207,2.487257,4.237195,0.1833796,2.421481,4.237331,
0.663221,2.489151,4.239783,0.1780941,2.426409,4.243532,
0.6616396,2.490688,4.24194,0.1739671,2.429927,4.248583,
0.6603481,2.492231,4.244016,0.1700587,2.434216,4.254552,
0.6581231,2.493456,4.245651,0.1646402,2.440116,4.262093,
0.6569644,2.494321,4.2468,0.1609202,2.445668,4.268266,
0.6561493,2.495113,4.248028,0.1585134,2.450538,4.273647,
0.6553324,2.495866,4.248698,0.155446,2.456565,4.279153,
0.6545892,2.496564,4.249533,0.154787,2.459977,4.282046,
0.6540141,2.497264,4.250162,0.152144,2.465164,4.28521,
0.6539259,2.49803,4.250733,0.1470062,2.460515,4.288659,
0.6539132,2.498561,4.251219,0.1384091,2.457681,4.291345,
0.6548268,2.499096,4.251669,0.1308183,2.453786,4.293678,
0.656313,2.499659,4.251951,0.1301088,2.452741,4.295937,
0.6570339,2.50027,4.252079,0.1297541,2.455867,4.298604,
0.657455,2.500746,4.252271,0.1293591,2.46196,4.301838,
0.6585163,2.501491,4.252223,0.1309529,2.46568,4.302427,
0.6595954,2.501925,4.252195,0.1318346,2.46916,4.302531,
0.6613473,2.502489,4.252051,0.1322244,2.470213,4.302203,
0.6628899,2.503185,4.251945,0.1314506,2.470777,4.302075,
0.6641017,2.50367,4.2516,0.1300904,2.470715,4.302637,
0.665138,2.504911,4.251493,0.1289975,2.469921,4.303286,
0.6666277,2.505525,4.251035,0.1289833,2.470327,4.303632,
0.6682175,2.505729,4.250591,0.1279005,2.471281,4.304582,
0.6700096,2.50642,4.250397,0.1275941,2.471965,4.305037,
0.671602,2.506811,4.249996,0.1267011,2.472855,4.305808,
0.6731962,2.50685,4.249451,0.1257581,2.473758,4.306694,
0.6751953,2.506849,4.248939,0.1241245,2.475305,4.308117,
0.676965,2.507035,4.248096,0.1222187,2.477571,4.310392,
0.6785594,2.507123,4.247231,0.1206779,2.47974,4.312712,
0.6804883,2.50726,4.246721,0.1194011,2.481719,4.314764,
0.6819468,2.507694,4.245947,0.1182253,2.483856,4.317198,
0.6833636,2.508125,4.245389,0.1170937,2.485337,4.319203,
0.6850137,2.508277,4.244933,0.11563,2.485865,4.321065,
0.6863579,2.509146,4.2444,0.1133784,2.486798,4.323465,
0.6872878,2.509597,4.244055,0.1119985,2.486747,4.325693,
0.6884331,2.51031,4.243733,0.1107042,2.487394,4.328046,
0.6893073,2.510931,4.243137,0.1104612,2.4871,4.330395,
0.6900148,2.511506,4.242575,0.110465,2.48859,4.333309,
0.6912205,2.511742,4.242036,0.1120927,2.490076,4.335864,
0.6918627,2.512608,4.241506,0.1135163,2.491338,4.338707,
0.6926056,2.513165,4.241001,0.1146991,2.491239,4.341965,
0.6936743,2.513626,4.240635,0.1205364,2.488586,4.340943,
0.7023825,2.514494,4.240314,0.1243818,2.486679,4.343143,
0.7048033,2.515186,4.240109,0.1425726,2.480546,4.341259,
0.7085959,2.516135,4.240242,0.1538846,2.473027,4.337758,
0.7152881,2.517329,4.240112,0.156483,2.473033,4.339167,
0.7189609,2.51816,4.240058,0.176765,2.467352,4.338125,
0.7241894,2.518912,4.240092,0.1884656,2.460286,4.331883,
0.7403172,2.520144,4.240022,0.19813,2.452484,4.325179,
0.7333747,2.520905,4.239879,0.1936539,2.445414,4.321627,
0.7384593,2.521496,4.239716,0.2026294,2.436572,4.312287,
0.7464653,2.522902,4.239563,0.20987,2.427628,4.303226,
0.7325686,2.523597,4.239174,0.1986776,2.420738,4.297688,
0.7256945,2.524395,4.239237,0.1892466,2.416183,4.292114,
0.7270867,2.525241,4.239095,0.1934991,2.41065,4.286725,
0.7207985,2.525857,4.239095,0.1819633,2.409466,4.28436,
0.7250838,2.526686,4.239114,0.1883094,2.404426,4.278931,
0.7302392,2.527693,4.239042,0.1893215,2.402075,4.274508,
0.7301567,2.528471,4.239082,0.1897028,2.39926,4.269773,
0.7298196,2.52956,4.239316,0.1906398,2.396954,4.265889,
0.7300776,2.530629,4.239421,0.1903689,2.396901,4.263794,
0.7300762,2.531533,4.239599,0.1868187,2.399111,4.263353,
0.7318937,2.532783,4.239711,0.1849958,2.402894,4.264339,
0.7344338,2.53384,4.239881,0.1837625,2.406763,4.266726,
0.735239,2.534752,4.240136,0.1803203,2.410626,4.268635,
0.7359243,2.536097,4.240664,0.1800254,2.414486,4.271926,
0.7373618,2.537248,4.24102,0.1806576,2.415864,4.273751,
0.7378874,2.538115,4.241431,0.1791346,2.415249,4.273406,
0.7401527,2.539323,4.241849,0.1797969,2.414762,4.27233,
0.7407205,2.540356,4.24207,0.1807798,2.414488,4.272625,
0.7414861,2.541008,4.242263,0.1778506,2.416498,4.273372,
0.7421397,2.541936,4.242245,0.1777669,2.417288,4.274172,
0.7433947,2.542764,4.242267,0.1768967,2.41735,4.274566,
0.7456714,2.543405,4.242308,0.1760438,2.419276,4.275292,
0.7470031,2.544135,4.241956,0.1760533,2.419935,4.276312,
0.7478289,2.544945,4.241983,0.1747207,2.421025,4.278232,
0.7498406,2.545513,4.241851,0.1739695,2.422625,4.278985,
0.7509957,2.546294,4.241951,0.1738565,2.422682,4.280324,
0.7529396,2.547037,4.241927,0.1755035,2.421085,4.279585,
0.753877,2.547557,4.241898,0.1736851,2.422246,4.279231,
0.7546751,2.548238,4.241879,0.1738822,2.422391,4.280165,
0.7553899,2.548935,4.241713,0.1736993,2.422467,4.280648,
0.7569926,2.549398,4.241552,0.173612,2.423429,4.280442,
0.7574071,2.550043,4.241117,0.1741414,2.423491,4.280549,
0.7576123,2.550687,4.240727,0.1730273,2.424969,4.280952,
0.7589282,2.551136,4.240401,0.172939,2.426278,4.279541,
0.7590363,2.551457,4.23999,0.1726589,2.428151,4.278352,
0.7601368,2.551915,4.239524,0.1730494,2.429703,4.275787,
0.7602021,2.552126,4.238976,0.1739941,2.429776,4.273057,
0.7599607,2.552341,4.238434,0.1736639,2.431722,4.270927,
0.7598914,2.5526,4.23781,0.1747707,2.432122,4.267268,
0.7608833,2.552673,4.236873,0.1771028,2.432835,4.262506,
0.760611,2.553046,4.236262,0.1773812,2.435087,4.259105,
0.7615565,2.553461,4.235746,0.1784501,2.436837,4.25503,
0.7615244,2.55377,4.235398,0.1807584,2.436836,4.250514,
0.7609359,2.554126,4.23513,0.1829167,2.438273,4.244614,
0.7605687,2.554667,4.234784,0.1847616,2.439164,4.237682,
0.7610534,2.555015,4.234428,0.1890935,2.437896,4.229872,
0.7596873,2.555549,4.234162,0.1925448,2.437495,4.223033,
0.758921,2.556031,4.23368,0.1957913,2.436822,4.21729,
0.758916,2.55623,4.232923,0.1965576,2.437184,4.214531,
0.7573435,2.556748,4.232041,0.1958182,2.437373,4.212747,
0.7564225,2.557121,4.231044,0.194352,2.437524,4.212637,
0.756344,2.557272,4.229552,0.1935169,2.438603,4.211311,
0.7546035,2.557678,4.22804,0.1926671,2.439265,4.210584,
0.7535556,2.558112,4.22638,0.1922202,2.438967,4.209701,
0.7533849,2.55833,4.22464,0.1924067,2.439456,4.207607,
0.7518992,2.558626,4.222306,0.1919228,2.439097,4.20592,
0.7509878,2.559019,4.21991,0.1917541,2.438537,4.204469,
0.7508717,2.559245,4.217148,0.1932672,2.439258,4.200066,
0.7495937,2.559801,4.214181,0.1933228,2.438583,4.197083,
0.7486921,2.560349,4.21105,0.1936634,2.437235,4.193883,
0.7487029,2.560725,4.207463,0.19507,2.437519,4.188658,
0.7473058,2.561212,4.203733,0.1949355,2.43636,4.18481,
0.7465708,2.561769,4.199757,0.194968,2.434324,4.180818,
0.7467816,2.561816,4.195735,0.195386,2.432341,4.176205,
0.7457095,2.562635,4.191286,0.1951047,2.430282,4.171305,
0.7452769,2.563151,4.186535,0.1946348,2.428374,4.166877,
0.7455773,2.563326,4.181511,0.1943872,2.427006,4.161789,
0.7444918,2.563768,4.17635,0.1943901,2.424776,4.156248,
0.7441346,2.56421,4.170563,0.1911674,2.42882,4.150174,
0.7445087,2.564434,4.164405,0.1914675,2.427638,4.143203,
0.7435331,2.564773,4.157615,0.1912798,2.428034,4.136451,
0.7432089,2.565174,4.150352,0.1917045,2.429425,4.128687,
0.743736,2.565263,4.142643,0.1913899,2.433469,4.120105,
0.7427942,2.565916,4.135537,0.1915557,2.436583,4.112496,
0.7424374,2.566319,4.127246,0.1912425,2.441683,4.104548,
0.7428102,2.566364,4.119471,0.1908905,2.443764,4.097539,
0.7418705,2.56714,4.111955,0.1883362,2.448676,4.09339,
0.7413848,2.567571,4.104679,0.1879202,2.452935,4.087655,
0.7413527,2.567601,4.097531,0.1867296,2.455618,4.082506,
0.7402914,2.568453,4.091142,0.1842162,2.457464,4.078736,
0.7396488,2.568973,4.084649,0.1845714,2.457082,4.07143,
0.7394388,2.569223,4.07844,0.1854824,2.455818,4.063119,
0.7380596,2.569662,4.072529,0.1856785,2.457181,4.056127,
0.7371818,2.570024,4.066494,0.1874083,2.457023,4.047996,
0.736891,2.569869,4.060508,0.1886435,2.456635,4.040546,
0.735454,2.570233,4.054827,0.1911935,2.457963,4.032301,
0.7345552,2.570399,4.049239,0.1927761,2.457045,4.024716,
0.7343947,2.570198,4.043635,0.1939646,2.456028,4.017379,
0.7330931,2.570479,4.038479,0.1963489,2.456809,4.009982,
0.7321101,2.570667,4.033613,0.1976971,2.455624,4.003243,
0.7314667,2.570417,4.028776,0.1982745,2.456031,3.997519,
0.7299334,2.571051,4.024337,0.2001867,2.458905,3.991871,
0.7288325,2.571446,4.019911,0.202156,2.458647,3.985248,
0.728003,2.571547,4.015883,0.2041492,2.456547,3.977773,
0.7262282,2.57205,4.011762,0.2071598,2.457607,3.970952,
0.7249921,2.57253,4.007654,0.2078547,2.458016,3.966049,
0.7242422,2.572734,4.003638,0.2081674,2.458269,3.961205,
0.7224089,2.573405,3.999691,0.2084114,2.461017,3.957807,
0.7210429,2.573877,3.995549,0.2080604,2.463208,3.954554,
0.7201214,2.574195,3.991636,0.207233,2.464865,3.951415,
0.7183968,2.574893,3.987595,0.2074141,2.467955,3.948468,
0.7169661,2.575323,3.983628,0.2067249,2.469201,3.945303,
0.7159637,2.575345,3.979501,0.2050766,2.469837,3.942424,
0.7143014,2.575861,3.975527,0.2054704,2.472118,3.939112,
0.7132749,2.576308,3.97144,0.204319,2.473784,3.936472,
0.712449,2.576396,3.967248,0.203424,2.475118,3.933388,
0.7112053,2.57701,3.963028,0.2045242,2.477484,3.929467,
0.7104781,2.577355,3.958723,0.2047862,2.478524,3.925483,
0.7101153,2.577125,3.954401,0.2046645,2.479069,3.9216,
0.7093005,2.577772,3.950318,0.2060622,2.481277,3.917719,
0.7086805,2.578145,3.946175,0.206429,2.482551,3.91413,
0.708668,2.57803,3.9422,0.206662,2.483299,3.910491,
0.708117,2.578818,3.938329,0.2084158,2.485001,3.906394,
0.7077784,2.57933,3.934475,0.2088448,2.485929,3.902796,
0.7080123,2.579511,3.930583,0.2096096,2.487361,3.898972,
0.7073622,2.580168,3.92646,0.2094525,2.488212,3.895373,
0.7074199,2.580745,3.922106,0.2082256,2.489531,3.892728,
0.7076681,2.580841,3.917454,0.2074883,2.490675,3.88934,
0.7073203,2.581621,3.912763,0.2081746,2.492443,3.885094,
0.707674,2.582048,3.907651,0.2075478,2.493184,3.880978,
0.7082869,2.582288,3.902552,0.206747,2.493874,3.876868,
0.7083324,2.582533,3.897152,0.2070688,2.495168,3.872734,
0.7086346,2.582804,3.891607,0.2064988,2.496259,3.868524,
0.7091835,2.582934,3.885739,0.2062097,2.497037,3.863505,
0.7091852,2.583214,3.87959,0.2066312,2.498809,3.858476,
0.7095363,2.583421,3.873212,0.2065862,2.500416,3.853621,
0.7102233,2.583184,3.866605,0.2064055,2.501602,3.848336,
0.7106122,2.583567,3.859779,0.207373,2.503588,3.842417,
0.7110486,2.58366,3.852968,0.2080649,2.503973,3.836035,
0.7117903,2.583173,3.845436,0.2085475,2.504037,3.829041,
0.7126871,2.583664,3.838018,0.2092114,2.504859,3.822096,
0.7135693,2.5837,3.830556,0.2073032,2.505904,3.817765,
0.7151372,2.583408,3.823057,0.2022718,2.508532,3.818182,
0.71552,2.58335,3.815085,0.1991254,2.514621,3.819152,
0.7155544,2.583173,3.806931,0.1949505,2.522535,3.822319,
0.7167451,2.58294,3.798673,0.1916896,2.527419,3.824479,
0.7176569,2.582429,3.7897,0.190439,2.534693,3.829669,
0.7191102,2.581947,3.780581,0.1883434,2.542556,3.835988,
0.7204723,2.581078,3.771333,0.1840244,2.547518,3.840348,
0.7218614,2.58065,3.761929,0.1817809,2.551846,3.841077,
0.7236323,2.579753,3.752308,0.1745504,2.552196,3.843071,
0.7253993,2.578071,3.742122,0.166171,2.552409,3.843976,
0.7270644,2.577226,3.731835,0.1540943,2.551855,3.841499,
0.7292356,2.576008,3.72154,0.1450095,2.550411,3.840988,
0.7320802,2.574323,3.711276,0.1386567,2.548284,3.839951,
0.7340579,2.573376,3.700885,0.1330757,2.541247,3.835894,
0.7363676,2.572344,3.690471,0.1281895,2.53793,3.83291,
0.7389457,2.571006,3.679855,0.1242743,2.53639,3.828595,
0.7411326,2.570482,3.669012,0.1225147,2.534926,3.823022,
0.7434003,2.5699,3.658483,0.120771,2.535496,3.816887,
0.7309379,2.569073,3.648222,0.1099455,2.540274,3.808253,
0.738186,2.568994,3.638005,0.116223,2.546834,3.801354,
0.7308895,2.568778,3.628183,0.1115186,2.551803,3.79316,
0.7253676,2.568152,3.618731,0.1078725,2.556791,3.783771,
0.7249404,2.568184,3.609242,0.1073161,2.562959,3.774195,
0.7396713,2.567954,3.599939,0.1172565,2.56699,3.763725,
0.7382855,2.56726,3.591208,0.1154525,2.569378,3.750296,
0.7407432,2.567213,3.582415,0.1184071,2.572658,3.736928,
0.7511188,2.566948,3.574131,0.1276023,2.571319,3.726695,
0.749855,2.566135,3.566139,0.125852,2.569218,3.715304,
0.7464522,2.566145,3.558423,0.126395,2.566502,3.702401,
0.7411633,2.565807,3.550902,0.1194742,2.559498,3.688341,
0.7384689,2.565825,3.543799,0.1127515,2.547425,3.673957,
0.739315,2.565998,3.536673,0.1116426,2.529856,3.658156,
0.7428561,2.566216,3.529566,0.116052,2.532929,3.653851,
0.7435558,2.566413,3.522759,0.1216075,2.544299,3.655166,
0.7449426,2.566844,3.515913,0.131373,2.55335,3.648004,
0.7466381,2.567327,3.509312,0.1357748,2.558939,3.643647,
0.7456715,2.56733,3.502659,0.1405915,2.564262,3.639251,
0.7437817,2.56798,3.496321,0.1466353,2.568772,3.634017,
0.7419261,2.568326,3.489968,0.1489934,2.572316,3.62763,
0.7359815,2.56815,3.483645,0.1523866,2.574939,3.622919,
0.733677,2.56848,3.477476,0.1538539,2.577192,3.618265,
0.7345994,2.568367,3.471365,0.1536029,2.578766,3.613928,
0.7363944,2.56845,3.465273,0.1561545,2.580128,3.608842,
0.7374205,2.568695,3.45923,0.1570234,2.582702,3.604309,
0.7337462,2.568622,3.453206,0.1574443,2.584627,3.600753,
0.7302787,2.56866,3.446972,0.1578034,2.587951,3.59901,
0.7290037,2.569008,3.440904,0.1567682,2.591372,3.597235,
0.7275953,2.56917,3.43471,0.1529592,2.593584,3.596437,
0.726691,2.569628,3.428533,0.1523994,2.596899,3.595554,
0.727518,2.570254,3.421974,0.1482614,2.599711,3.59339,
0.7245679,2.57062,3.414785,0.1431619,2.602087,3.593568,
0.7219375,2.571418,3.4078,0.1416,2.604967,3.592326,
0.7186282,2.572155,3.400212,0.1448495,2.607291,3.590641,
0.7232263,2.57295,3.392786,0.1509551,2.606036,3.584933,
0.7198192,2.573532,3.384548,0.153406,2.609493,3.584467,
0.7239597,2.574478,3.376165,0.1649158,2.610693,3.58191,
0.7252571,2.575086,3.36761,0.1677207,2.610252,3.579638,
0.725906,2.575774,3.359132,0.1705297,2.609318,3.576175,
0.7264568,2.576764,3.350662,0.1714101,2.608122,3.573162,
0.7273715,2.577645,3.342067,0.1726074,2.606629,3.569269,
0.7272299,2.578825,3.333791,0.1739417,2.605903,3.56534,
0.7272255,2.579934,3.325606,0.1758766,2.604564,3.560411,
0.7267177,2.580838,3.317116,0.1791382,2.604274,3.555885,
0.7274398,2.581815,3.308371,0.1844214,2.603863,3.550833,
0.7284913,2.582973,3.299716,0.1893037,2.602783,3.545755,
0.7353497,2.583857,3.290851,0.1958378,2.600809,3.540111,
0.7388873,2.584617,3.282236,0.19946,2.597252,3.533296,
0.7427123,2.58573,3.273631,0.2033283,2.593899,3.526663,
0.7468064,2.586685,3.264998,0.2065905,2.588531,3.518492,
0.7513124,2.588077,3.256238,0.2098538,2.582242,3.509421,
0.755187,2.58927,3.247451,0.2120326,2.574967,3.500353,
0.7594137,2.590251,3.238771,0.2140767,2.566908,3.490983,
0.7636877,2.591491,3.230152,0.2156334,2.558459,3.48085,
0.7682551,2.592595,3.22098,0.2174141,2.549917,3.470011,
0.7727093,2.59342,3.211903,0.2194678,2.541748,3.459289,
0.7772463,2.594245,3.20285,0.2212728,2.533305,3.447334,
0.7810547,2.595117,3.193145,0.2218602,2.524643,3.435012,
0.7833017,2.595616,3.183773,0.2208127,2.515562,3.423225,
0.7824346,2.596249,3.173506,0.2153634,2.505799,3.410163,
0.78084,2.59683,3.163549,0.2077617,2.495645,3.397312,
0.7761887,2.597077,3.15327,0.1977539,2.486024,3.384677,
0.7786621,2.597232,3.142806,0.1993223,2.481943,3.375246,
0.7777374,2.597661,3.132213,0.1970772,2.474634,3.364387,
0.7787308,2.597637,3.122033,0.1940182,2.465585,3.351933,
0.7793806,2.597423,3.111656,0.193477,2.458663,3.33924,
0.7800355,2.597212,3.101552,0.195996,2.453554,3.327557,
0.7968984,2.59672,3.091757,0.2312879,2.448777,3.315976,
0.8005932,2.596119,3.081984,0.238301,2.444757,3.304581,
0.7912982,2.595443,3.07269,0.2061447,2.440737,3.294061,
0.7933897,2.594468,3.063239,0.2112433,2.438455,3.283781,
0.7951723,2.593267,3.054032,0.2163424,2.43593,3.273916,
0.7961314,2.592191,3.045456,0.2227227,2.434811,3.264959,
0.7973859,2.590652,3.03676,0.2287927,2.433078,3.255675,
0.7988352,2.588814,3.028558,0.2341373,2.431178,3.2468,
0.8002641,2.587228,3.020865,0.2391198,2.428872,3.238309,
0.8020415,2.585409,3.012896,0.2448469,2.427132,3.230043,
0.8038635,2.583786,3.00487,0.251951,2.427174,3.222083,
0.8057634,2.582021,2.997557,0.26004,2.429469,3.215976,
0.8081132,2.579983,2.990236,0.2671453,2.429721,3.209168,
0.8102976,2.578185,2.982778,0.2752561,2.430761,3.201866,
0.8124532,2.576375,2.975539,0.2834986,2.431798,3.194788,
0.8146992,2.574293,2.968039,0.2935222,2.433936,3.187064,
0.8171065,2.572676,2.960683,0.3046292,2.436576,3.178699,
0.8196267,2.570909,2.953641,0.3151576,2.43859,3.170465,
0.8221927,2.568888,2.946841,0.324513,2.439655,3.162527,
0.8247925,2.567338,2.939716,0.3335209,2.440609,3.154156,
0.8276605,2.565475,2.933001,0.3419791,2.441287,3.146499,
0.830583,2.563428,2.926116,0.350547,2.44194,3.138559,
0.8336053,2.561953,2.919204,0.3596659,2.44348,3.130332,
0.8366738,2.560208,2.912229,0.3694323,2.4448,3.121598,
0.8398893,2.558363,2.905085,0.3791744,2.446446,3.113137,
0.8429206,2.556508,2.897893,0.3892005,2.448145,3.104057,
0.8462145,2.554793,2.890406,0.4001504,2.450579,3.094706,
0.8497701,2.553186,2.883294,0.4100104,2.452281,3.08613,
0.853175,2.551399,2.875786,0.4203208,2.454291,3.076976,
0.8564887,2.549697,2.868478,0.4303561,2.456296,3.068161,
0.8598945,2.547836,2.861318,0.4408883,2.458233,3.059112,
0.8632295,2.546409,2.854038,0.4513525,2.460567,3.049987,
0.8667471,2.544888,2.846973,0.4619682,2.462741,3.040992,
0.8703375,2.543107,2.839971,0.4720471,2.464691,3.032501,
0.8737922,2.541816,2.833104,0.4815626,2.46706,3.024397,
0.8773019,2.540337,2.826231,0.4916622,2.469144,3.015996,
0.8807203,2.538075,2.819127,0.5019991,2.471272,3.007561,
0.8842834,2.536965,2.812506,0.5120472,2.473896,2.999578,
0.8877485,2.535443,2.805832,0.5227031,2.476502,2.991415,
0.8911668,2.533764,2.79904,0.5335858,2.478924,2.983018,
0.894691,2.532449,2.792382,0.5434808,2.481462,2.975585,
0.8981093,2.531014,2.786028,0.5524521,2.483533,2.968842,
0.9015451,2.529368,2.779774,0.5612231,2.485127,2.962277,
0.9048254,2.528036,2.77353,0.5695613,2.486465,2.955678,
0.9081789,2.52656,2.767537,0.5780008,2.488007,2.949482,
0.9114754,2.524733,2.761396,0.5862957,2.489177,2.943288,
0.914896,2.523277,2.755095,0.5947302,2.490797,2.937012,
0.9182305,2.521737,2.748883,0.6030243,2.492591,2.931265,
0.8984069,2.520148,2.742548,0.2875662,2.494087,2.924813,
0.9144461,2.518609,2.735654,0.2855291,2.495624,2.918126,
0.9112643,2.517003,2.729112,0.282072,2.496984,2.912582,
0.9130773,2.515072,2.72226,0.2860249,2.49798,2.905491,
0.9120099,2.51361,2.714706,0.2824826,2.499514,2.898235,
0.9138202,2.511927,2.706709,0.2854888,2.500741,2.890931,
0.9230826,2.510026,2.698776,0.2999384,2.502038,2.882274,
0.918938,2.50849,2.689771,0.2930298,2.50376,2.873143,
0.9265053,2.506773,2.680304,0.3051669,2.505182,2.863846,
0.9180934,2.504758,2.671385,0.2919036,2.50627,2.855117,
0.9203873,2.503302,2.662133,0.2952481,2.507832,2.846384,
0.9244229,2.501716,2.653662,0.3026841,2.509345,2.838021,
0.9271307,2.49978,2.64501,0.3065701,2.510592,2.829549,
0.9233137,2.498359,2.636457,0.2997546,2.51223,2.821254,
0.9259831,2.496889,2.62873,0.3044405,2.513676,2.813396,
0.9289882,2.495023,2.620882,0.3080793,2.515012,2.805573,
0.9305167,2.493821,2.613286,0.3093105,2.516558,2.797897,
0.9332271,2.492513,2.606281,0.3132685,2.517986,2.790614,
0.9365401,2.490749,2.599801,0.3167513,2.519443,2.784072,
0.9400576,2.489774,2.593423,0.3198837,2.520974,2.777907,
0.9435078,2.488639,2.587186,0.3227987,2.522008,2.771652,
0.9472123,2.487411,2.581123,0.3258482,2.52232,2.765035,
0.9507715,2.486602,2.575034,0.3290678,2.522527,2.758122,
0.954414,2.485719,2.5691,0.3324385,2.521198,2.750401,
0.9581238,2.48444,2.56328,0.3358054,2.518155,2.741636,
0.961831,2.483994,2.557717,0.3390625,2.514307,2.73278,
0.9655611,2.483337,2.552054,0.3418565,2.509551,2.723817,
0.9693005,2.482556,2.546548,0.3448988,2.504714,2.714685,
0.972941,2.482143,2.540993,0.3482805,2.498551,2.704846,
0.9766061,2.481661,2.535515,0.3520652,2.492349,2.694882,
0.9801822,2.480738,2.530205,0.3558845,2.486496,2.685061,
0.9832973,2.480692,2.524834,0.35947,2.480666,2.675603,
0.9862577,2.480363,2.519478,0.363335,2.474491,2.665796,
0.9892427,2.47975,2.514097,0.3675958,2.467532,2.655635,
0.9920246,2.479675,2.508105,0.3701361,2.460232,2.647098,
0.9955159,2.479379,2.502337,0.3521354,2.479683,2.669931,
0.9990261,2.478549,2.496312,0.3559782,2.475308,2.660997,
1.002156,2.478339,2.489882,0.3586314,2.474654,2.654804,
1.00441,2.477865,2.483457,0.3604988,2.477597,2.650069,
1.007091,2.477069,2.477134,0.3650688,2.480741,2.643206,
1.009264,2.476461,2.470199,0.3687127,2.483548,2.636993,
1.01185,2.475654,2.463627,0.373168,2.486451,2.629832,
1.014154,2.474331,2.456863,0.3725125,2.486855,2.627077,
1.016801,2.47341,2.449801,0.3732959,2.486588,2.623077,
1.019951,2.472243,2.442748,0.3744768,2.487541,2.619226,
1.022962,2.470497,2.435581,0.3764141,2.489717,2.614526,
1.026343,2.469606,2.428179,0.3777601,2.492427,2.610801,
1.029626,2.468445,2.420798,0.3797205,2.49447,2.606075,
1.033208,2.466558,2.413661,0.3814262,2.495889,2.601718,
1.03689,2.465814,2.406424,0.3829781,2.497175,2.597583,
1.040542,2.464805,2.399026,0.384983,2.498483,2.592842,
1.044229,2.463154,2.392092,0.3872319,2.499696,2.588116,
1.048251,2.462555,2.384771,0.389999,2.50146,2.583158,
1.052436,2.461647,2.37733,0.3946014,2.510062,2.577443,
1.056757,2.4606,2.369585,0.397768,2.511158,2.571705,
1.0612,2.460107,2.361493,0.40107,2.512409,2.56566,
1.065836,2.459363,2.353185,0.4045393,2.513572,2.559435,
1.070621,2.458926,2.344111,0.4085695,2.514942,2.552313,
1.075507,2.458732,2.334396,0.4145243,2.517603,2.543172,
1.080395,2.458564,2.324076,0.4189418,2.518679,2.535253,
1.085601,2.458246,2.313944,0.4259245,2.522055,2.52551,
1.090898,2.458544,2.304085,0.4317536,2.523988,2.517619,
1.096153,2.45877,2.294155,0.4373727,2.525662,2.510246,
1.101632,2.45884,2.284393,0.4428332,2.527514,2.503506,
1.107262,2.459346,2.275418,0.4442538,2.525632,2.501621,
1.112922,2.459559,2.265396,0.444975,2.523616,2.500087,
1.118711,2.459863,2.256721,0.4468281,2.526393,2.498742,
1.124777,2.46064,2.248583,0.4495175,2.52803,2.497095,
1.13106,2.461205,2.240503,0.4524052,2.52877,2.495576,
1.137623,2.461419,2.231999,0.4552662,2.529414,2.493846,
1.144809,2.462302,2.22501,0.4585615,2.530291,2.493557,
1.151716,2.462999,2.217096,0.4614623,2.530917,2.492672,
1.158837,2.463808,2.209146,0.4639532,2.531164,2.492503,
1.166408,2.464567,2.200852,0.4668121,2.532657,2.491346,
1.174135,2.46536,2.19224,0.4702122,2.533915,2.489609,
1.182158,2.465876,2.182168,0.4737285,2.535074,2.486594,
1.190263,2.466573,2.171707,0.4772563,2.536999,2.483351,
1.198481,2.467352,2.16099,0.4805411,2.539199,2.480483,
1.207065,2.467841,2.151334,0.4841941,2.541001,2.478294,
1.215906,2.468634,2.141287,0.4883103,2.544483,2.475542,
1.224961,2.469269,2.130748,0.4933813,2.548388,2.4717,
1.2343,2.469506,2.121163,0.4991512,2.552529,2.467668,
1.244064,2.470204,2.111687,0.5079563,2.559361,2.460235,
1.253859,2.470548,2.101193,0.5182563,2.566473,2.449956,
1.263888,2.471072,2.09204,0.52666,2.572818,2.443216,
1.273929,2.471737,2.082805,0.5273414,2.571543,2.446041,
1.284508,2.472191,2.073667,0.531283,2.569955,2.446201,
1.294792,2.472359,2.063659,0.5384884,2.572986,2.440463,
1.305515,2.472801,2.054554,0.5454467,2.574841,2.436743,
1.316098,2.473044,2.044982,0.5519944,2.577495,2.433426,
1.326777,2.473049,2.036262,0.5584844,2.578772,2.431335,
1.338171,2.473695,2.027119,0.5652317,2.57948,2.430181,
1.349183,2.473703,2.016566,0.5717029,2.58057,2.427615,
1.36032,2.473503,2.007433,0.5784438,2.581853,2.4261,
1.371946,2.473386,1.998647,0.582813,2.577513,2.426614,
1.383126,2.473294,1.988801,0.5914187,2.573038,2.424185,
1.394374,2.472547,1.980141,1.000689,2.685886,2.010465,
1.4075,2.47242,1.971053,1.019423,2.680389,1.998952,
0.9329906,2.471952,1.961492,0.4939922,2.682094,1.992027,
0.9630064,2.47173,1.953179,0.5994237,2.690565,1.971523,
0.9674526,2.471487,1.945442,0.6024806,2.685273,1.960715,
0.9526335,2.471187,1.937328,0.623549,2.689407,1.943537,
0.9670408,2.470834,1.930788,0.600179,2.694617,1.93627,
0.9708992,2.471031,1.924232,0.5888094,2.675824,1.928057,
0.9757015,2.470945,1.917467,0.5905396,2.67425,1.920275,
0.9805465,2.470573,1.912991,0.5900435,2.67609,1.910118,
0.9847635,2.470906,1.907573,0.5823489,2.661994,1.899964,
0.9877994,2.47068,1.901648,0.590837,2.660529,1.891567,
0.9920868,2.470331,1.897081,0.5862089,2.657159,1.886911,
0.9957268,2.47002,1.892851,0.571687,2.638561,1.885157,
0.9999737,2.469481,1.887552,0.564086,2.627188,1.878298,
1.003375,2.468827,1.883403,0.5523667,2.611822,1.87579,
1.00771,2.468229,1.879074,0.5488127,2.60735,1.869379,
1.012819,2.467632,1.874213,0.5474302,2.601766,1.861485,
1.016644,2.466023,1.871179,0.5325239,2.584756,1.860947,
1.01996,2.465495,1.867903,0.527204,2.580365,1.85821,
1.02433,2.464564,1.86351,0.5239117,2.574975,1.853205,
1.028256,2.464046,1.860781,0.5201203,2.568403,1.850516,
1.031607,2.463478,1.8581,0.512941,2.559781,1.851311,
1.035178,2.462465,1.85678,0.5062741,2.552863,1.85373,
1.038272,2.461772,1.855729,0.5019663,2.544999,1.854737,
1.041205,2.460949,1.8552,0.4962189,2.533035,1.858169,
1.043663,2.45976,1.854345,0.4882079,2.521211,1.863131,
1.045873,2.458479,1.85405,0.4826439,2.51029,1.866704,
1.047843,2.457581,1.853063,0.4786026,2.502033,1.869327,
1.050053,2.456119,1.851467,0.4696219,2.492486,1.874834,
1.051768,2.454681,1.850537,0.4655219,2.487274,1.876174,
1.052949,2.453169,1.847906,0.4554126,2.479317,1.881711,
1.054544,2.4514,1.84354,0.4525601,2.480005,1.879376,
1.055648,2.449528,1.839584,0.4518685,2.481639,1.875783,
1.05675,2.447796,1.835611,0.4472728,2.479278,1.875411,
1.058017,2.445761,1.831236,0.4447467,2.475374,1.872761,
1.058607,2.443674,1.826883,0.4419892,2.469237,1.870255,
1.059641,2.441728,1.82287,0.439476,2.464658,1.868664,
1.060436,2.439558,1.818553,0.4343124,2.453269,1.869756,
1.060996,2.437189,1.815887,0.43213,2.445245,1.869644,
1.06208,2.435001,1.813227,0.4311421,2.435781,1.869492,
1.062774,2.432448,1.811758,0.4298311,2.425715,1.871652,
1.063071,2.429957,1.808989,0.4295335,2.417314,1.871882,
1.063769,2.427433,1.807427,0.4289731,2.406828,1.874232,
1.064189,2.424402,1.806715,0.4397845,2.27783,2.030122,
1.065049,2.421625,1.804719,0.450824,2.267906,2.035841,
1.065853,2.418495,1.803772,0.4634576,2.257825,2.041303,
1.066561,2.415018,1.803993,0.4672259,2.258879,2.033544,
1.066671,2.411511,1.803699,0.4789347,2.250452,2.038817,
1.067512,2.408089,1.802845,0.4921488,2.241648,2.043653,
1.068204,2.404271,1.803228,0.5029447,2.246229,2.038369,
1.068447,2.400275,1.803278,0.4999817,2.241256,2.027554,
1.069135,2.396461,1.801884,0.5092848,2.246267,2.018005,
1.069783,2.392377,1.800982,0.5207859,2.238169,2.020286,
1.069985,2.388606,1.799628,0.5165551,2.233603,2.005539,
1.070549,2.384497,1.797564,0.5258884,2.225807,2.006478,
1.071292,2.380162,1.797062,0.5350394,2.225279,2.000911,
1.071427,2.375921,1.795503,0.5448042,2.21819,2.000563,
1.07195,2.371719,1.793592,0.5415567,2.214312,1.984162,
1.072568,2.367196,1.792544,0.5506607,2.216216,1.975536,
1.072728,2.36257,1.790841,0.5499281,2.213056,1.962357,
1.073444,2.358416,1.789266,0.5548199,2.207264,1.963559,
1.074227,2.353659,1.789799,0.5628377,2.206079,1.957694,
1.074801,2.348859,1.788927,0.5662647,2.202003,1.947456,
1.075854,2.344291,1.787669,0.5741732,2.195876,1.945196,
1.076858,2.339486,1.788583,0.5792689,2.193365,1.936704,
1.077173,2.335289,1.786209,0.587142,2.187479,1.932981,
1.078359,2.330582,1.784508,0.5952246,2.179573,1.930814,
1.079396,2.325589,1.783606,0.6033881,2.173458,1.926612,
1.080004,2.321129,1.781887,0.6102229,2.166519,1.9215,
1.081193,2.316341,1.782597,0.6185436,2.157998,1.921908,
1.082247,2.311532,1.781115,0.6273497,2.150278,1.919239,
1.083014,2.306954,1.780149,0.6357234,2.142158,1.91665,
1.084335,2.302192,1.779065,0.6444404,2.133554,1.915581,
1.085657,2.297353,1.777545,0.6538222,2.125592,1.913444,
1.086595,2.292893,1.776817,0.6627665,2.117412,1.912395,
1.08796,2.288205,1.775582,0.6708345,2.109314,1.911528,
1.089254,2.283555,1.773353,0.6799914,2.101047,1.910714,
1.090288,2.279223,1.772638,0.6877138,2.093023,1.910475,
1.091846,2.274745,1.770961,0.6947486,2.084567,1.910319,
1.093383,2.270749,1.769014,0.7027097,2.075582,1.911904,
1.094763,2.266491,1.766964,0.7097962,2.06703,1.911673,
1.096398,2.262338,1.766516,0.7150344,2.058392,1.913925,
1.097737,2.258885,1.76237,0.7207208,2.049641,1.915308,
1.099024,2.255189,1.760507,0.7238089,2.041987,1.91663,
1.100564,2.251477,1.760318,0.7248492,2.034586,1.920264,
1.101621,2.248038,1.758834,0.7281381,2.02675,1.924174,
1.102215,2.244882,1.759691,0.7291992,2.019844,1.927726,
1.103241,2.241591,1.759862,0.72971,2.013145,1.930738,
1.103681,2.238977,1.759135,0.7317726,2.00595,1.934577,
1.10361,2.236154,1.759084,0.7324827,1.999288,1.937077,
1.103847,2.233377,1.75849,0.7308276,1.993207,1.939187,
1.103597,2.231187,1.757773,0.7310131,1.987023,1.942764,
1.103103,2.228754,1.755772,0.7290562,1.981273,1.943569,
1.10295,2.22628,1.754123,0.7280331,1.975574,1.944707,
1.102296,2.224118,1.750029,0.7274793,1.969849,1.94493,
1.101552,2.222099,1.747504,0.7268824,1.963893,1.945479,
1.101348,2.220006,1.745036,0.7270532,1.959684,1.944136,
1.100487,2.218006,1.742411,0.7277954,1.954683,1.94452,
1.099375,2.216455,1.739306,0.7287735,1.950207,1.942492,
1.098814,2.214741,1.736963,0.7296143,1.94695,1.94,
1.097972,2.213524,1.7322,0.7312359,1.943137,1.937216,
1.09846,2.212223,1.730291,0.7341707,1.940525,1.934482,
1.098001,2.211108,1.728299,0.7351794,1.938689,1.93135,
1.097139,2.210649,1.725026,0.7360075,1.936808,1.9284,
1.097176,2.210076,1.723056,0.7377678,1.935361,1.925622,
1.096856,2.209562,1.725285,0.7378737,1.935295,1.925838,
1.096047,2.209641,1.722342,0.7381742,1.934133,1.923842,
1.095504,2.209638,1.719902,0.7378219,1.934025,1.920923,
1.095047,2.209538,1.717907,0.736625,1.934326,1.918272,
1.09399,2.209625,1.71525,0.7348957,1.934601,1.916114,
1.093104,2.210184,1.713019,0.7330616,1.934856,1.913949,
1.092737,2.21049,1.711283,0.7298286,1.93596,1.911675,
1.091648,2.210863,1.708481,0.7269357,1.936292,1.909515,
1.09051,2.211463,1.70592,0.7235537,1.936831,1.906962,
1.090014,2.212125,1.703196,0.7185299,1.937564,1.904671,
1.089432,2.212839,1.700351,0.7146185,1.938128,1.902794,
1.08828,2.213773,1.698396,0.7087141,1.939141,1.901159,
1.087513,2.214622,1.698176,0.701354,1.940978,1.900703,
1.086779,2.215159,1.69559,0.6941857,1.943172,1.897711,
1.08547,2.21623,1.694247,0.6867773,1.945557,1.895622,
1.084601,2.217108,1.690964,0.6793506,1.948151,1.891878,
1.083506,2.21781,1.688764,0.6716673,1.951692,1.888366,
1.082153,2.219101,1.68771,0.6644943,1.954905,1.886091,
1.081104,2.220158,1.685844,0.6579385,1.958559,1.882667,
1.079827,2.221392,1.682883,0.6513509,1.962337,1.878694,
1.077901,2.222749,1.680079,0.643774,1.967398,1.873941,
1.07638,2.224069,1.677891,0.6349469,1.973444,1.869122,
1.074708,2.225321,1.674923,0.6265978,1.979441,1.863744,
1.072302,2.226855,1.673339,0.618041,1.985744,1.859209,
1.070172,2.228309,1.670823,0.6097116,1.991505,1.854315,
1.067795,2.229835,1.669618,0.6023701,1.995934,1.852182,
1.064533,2.231377,1.667318,0.5944734,1.999795,1.849905,
1.061916,2.232935,1.664614,0.5872757,2.002942,1.848277,
1.059106,2.23438,1.664665,0.5794402,2.006276,1.84941,
1.055491,2.236108,1.662191,0.5712663,2.009515,1.849183,
1.052483,2.237728,1.662042,0.5622765,2.012872,1.851753,
1.049351,2.239291,1.66004,0.5541285,2.016037,1.852921,
1.045728,2.241164,1.65709,0.5450627,2.018966,1.854721,
1.042496,2.242697,1.655211,0.5368592,2.021126,1.857911,
1.039074,2.243936,1.656329,0.5285192,2.023438,1.863442,
1.034861,2.245572,1.65439,0.5192988,2.025104,1.868443,
1.031182,2.247025,1.654243,0.5112384,2.027726,1.872746,
1.027508,2.248452,1.652037,0.5031391,2.030878,1.874951,
1.023376,2.250051,1.649662,0.4943847,2.035719,1.874941,
1.019795,2.251532,1.647364,0.4852561,2.040428,1.87537,
1.016313,2.252875,1.646504,0.477055,2.045075,1.875811,
1.012278,2.254531,1.644935,0.4679343,2.050109,1.875299,
1.008604,2.256099,1.641455,0.4598766,2.054216,1.873134,
1.00481,2.2577,1.63643,0.4524718,2.057462,1.87059,
1.000717,2.259438,1.632232,0.4448568,2.060498,1.869451,
0.9970586,2.261129,1.631454,0.438793,2.062866,1.871521,
0.9932836,2.26267,1.626849,0.4326028,2.065686,1.869388,
0.989883,2.264738,1.620842,0.4261309,2.069046,1.866461,
0.9863762,2.266557,1.616108,0.4194583,2.073066,1.863552,
0.9828678,2.268133,1.613313,0.4120024,2.07817,1.860488,
0.9787208,2.270202,1.608581,0.4038605,2.08351,1.85584,
0.9747054,2.271984,1.602775,0.3970937,2.088208,1.850562,
0.9702843,2.273504,1.598697,0.3893437,2.092727,1.846098,
0.9652474,2.275529,1.594411,0.3802903,2.098174,1.840879,
0.9602769,2.277093,1.591903,0.3700602,2.107067,1.833038,
0.9553329,2.279234,1.588154,0.3606513,2.115926,1.824203,
0.9497398,2.281178,1.583812,0.3509475,2.124209,1.815268,
0.944248,2.282996,1.57936,0.3403585,2.135831,1.8022,
0.9385898,2.284432,1.578884,0.3317459,2.144251,1.795656,
0.9324256,2.286244,1.575345,0.3217172,2.153485,1.7862,
0.9258018,2.288031,1.569803,0.3110935,2.162947,1.775311,
0.9189219,2.289568,1.564961,0.3011169,2.171949,1.765293,
0.9116108,2.291361,1.559386,0.2907453,2.180463,1.756337,
0.9045039,2.293179,1.553655,0.2804953,2.188761,1.748278,
0.8974355,2.294714,1.549146,0.2707225,2.195568,1.742476,
0.8900352,2.296579,1.542993,0.2612168,2.202374,1.73572,
0.8825935,2.298088,1.537827,0.2521235,2.208248,1.730731,
0.8751377,2.299722,1.531457,0.2426648,2.216276,1.7221,
0.8673412,2.301577,1.524594,0.233542,2.224934,1.712456,
0.8596619,2.303143,1.51886,0.2247832,2.233833,1.703158,
0.8519407,2.304342,1.511963,0.2166985,2.242657,1.692417,
0.8443718,2.306393,1.505265,0.2089282,2.251298,1.682691,
0.8370696,2.308104,1.498945,0.2022629,2.258841,1.673795,
0.8296877,2.310065,1.491301,0.1957194,2.265245,1.665316,
0.8223107,2.311855,1.483768,0.1886306,2.271878,1.657184,
0.8154896,2.313605,1.478236,0.1823399,2.275499,1.653346,
0.8086914,2.315718,1.469593,0.1761661,2.279994,1.646369,
0.8019791,2.317581,1.461226,0.1701828,2.284692,1.639463,
0.7957023,2.319464,1.454923,0.1656158,2.289609,1.632954,
0.7892732,2.321841,1.444952,0.161694,2.295127,1.623029,
0.7828407,2.324354,1.435045,0.1577047,2.30081,1.613384,
0.7767919,2.326715,1.425765,0.1540166,2.305627,1.604988,
0.7709972,2.329604,1.414956,0.1501643,2.3098,1.596804,
0.7655759,2.332072,1.40388,0.1462023,2.312367,1.58972,
0.7602878,2.334554,1.395222,0.1425207,2.314265,1.585328,
0.7552892,2.337359,1.384023,0.1393325,2.316294,1.578887,
0.7502742,2.340463,1.371901,0.1362829,2.318072,1.572287,
0.7454356,2.343582,1.359779,0.133557,2.319769,1.565577,
0.7403204,2.346533,1.348907,0.1310821,2.321783,1.559795,
0.7353799,2.34999,1.337399,0.1284398,2.324037,1.55391,
0.7308674,2.353079,1.327778,0.1264488,2.327291,1.548072,
0.7265447,2.356491,1.316464,0.1245045,2.330563,1.54129,
0.7222309,2.359605,1.305712,0.1224162,2.334489,1.534702,
0.7183214,2.362667,1.295584,0.1351533,2.333398,1.533738,
0.7134835,2.365798,1.284811,0.1349673,2.336623,1.528423,
0.7088388,2.368911,1.275012,0.138146,2.338272,1.523181,
0.7047374,2.371659,1.265601,0.1395532,2.338145,1.521052,
0.700745,2.374974,1.256228,0.1408012,2.336755,1.521778,
0.6970649,2.377816,1.248055,0.1439786,2.333393,1.523356,
0.6933537,2.380509,1.23873,0.1464944,2.330052,1.52402,
0.6896337,2.383698,1.229966,0.148425,2.328125,1.52417,
0.6857289,2.386771,1.222239,0.1512113,2.321915,1.527677,
0.682002,2.389465,1.214579,0.1521636,2.315108,1.531135,
0.6770394,2.393348,1.205726,0.1436348,2.304756,1.534394,
0.6736027,2.396321,1.197257,0.1384618,2.308439,1.527567,
0.6700681,2.398669,1.189948,0.1364268,2.314359,1.519473,
0.6658168,2.401747,1.182284,0.1338215,2.317239,1.514235,
0.6674153,2.409015,1.17231,0.1319817,2.316426,1.512012,
0.6621512,2.407804,1.167323,0.1310061,2.31685,1.507913,
0.6589485,2.41217,1.158852,0.1318246,2.313199,1.508758,
0.6550823,2.41367,1.152111,0.1282197,2.311487,1.506525,
0.652566,2.41707,1.143691,0.1275808,2.309202,1.503939,
0.6518596,2.422083,1.133278,0.1289555,2.306441,1.501877,
0.6504365,2.425195,1.12364,0.1269842,2.310663,1.491209,
0.6490005,2.427554,1.115968,0.1260103,2.312906,1.482792,
0.6485008,2.431207,1.106464,0.1264672,2.312212,1.476926,
0.6468328,2.43419,1.097945,0.1255499,2.312896,1.469278,
0.6456218,2.436342,1.090304,0.1245228,2.313307,1.462072,
0.6454242,2.438427,1.08284,0.1251081,2.312041,1.45648,
0.644385,2.43993,1.075175,0.1247079,2.312062,1.449279,
0.6441211,2.440856,1.069549,0.1241768,2.312219,1.443524,
0.6454546,2.442178,1.062577,0.1236048,2.312826,1.436642,
0.6465093,2.44311,1.055962,0.1244212,2.313196,1.43007,
0.6475587,2.4435,1.050529,0.1242068,2.314928,1.422202,
0.6502284,2.443665,1.045473,0.1250988,2.31462,1.415349,
0.6526114,2.444202,1.039487,0.125385,2.314922,1.407483,
0.6556057,2.443917,1.036237,0.1257255,2.315468,1.400473,
0.6586721,2.443049,1.032039,0.1269318,2.31636,1.391456,
0.6607889,2.442682,1.026059,0.1272009,2.320422,1.377309,
0.6629289,2.442887,1.020229,0.1249002,2.324806,1.361005,
0.6650262,2.443628,1.013552,0.1226371,2.329628,1.343045,
0.667164,2.44451,1.006543,0.1190444,2.334229,1.32536,
0.6693258,2.445141,1.000908,0.1163293,2.338819,1.308867,
0.67209,2.446427,0.994607,0.1164109,2.34286,1.293538,
0.6757815,2.447165,0.988678,0.1165571,2.347702,1.277571,
0.6800902,2.447719,0.985101,0.1181324,2.35189,1.263277,
0.6839087,2.4486,0.9801047,0.1222471,2.348953,1.258497,
0.6880944,2.449045,0.9749227,0.1241306,2.348921,1.246834,
0.6925182,2.449556,0.9706866,0.1303482,2.353837,1.228267,
0.6973799,2.450556,0.9652508,0.1304306,2.340472,1.232761,
0.7020089,2.450715,0.960416,0.1326634,2.337437,1.226101,
0.7063178,2.4501,0.9546601,0.1309347,2.334519,1.219622,
0.7105643,2.449352,0.9511747,0.1349199,2.329603,1.214071,
0.7150826,2.448603,0.946763,0.133663,2.329926,1.204648,
0.7203855,2.447897,0.9433886,0.133262,2.331027,1.194147,
0.7249117,2.448098,0.9393223,0.1439303,2.329725,1.180164,
0.7294359,2.448231,0.9352473,0.1494842,2.334662,1.164728,
0.7339162,2.446885,0.9348173,0.1530546,2.337851,1.155672,
0.7373024,2.446442,0.9326096,0.1602821,2.339684,1.146074,
0.7410405,2.445616,0.9319674,0.1702496,2.341045,1.138057,
0.7449726,2.444417,0.933288,0.180576,2.343603,1.129597,
0.7489233,2.443064,0.9335071,0.1930557,2.34394,1.120991,
0.7539903,2.442044,0.9345219,0.1726469,2.351361,1.118145,
0.7582946,2.44074,0.9358696,0.178447,2.348485,1.114571,
0.7621696,2.439288,0.9366531,0.1818204,2.348187,1.109285,
0.7675173,2.438284,0.9365045,0.1931676,2.344983,1.103256,
0.7732005,2.436808,0.9363861,0.1992108,2.343302,1.096786,
0.7782369,2.435947,0.935883,0.2074324,2.342447,1.088806,
0.782947,2.435263,0.9345369,0.2195725,2.339489,1.081332,
0.7881833,2.433719,0.9349843,0.2283544,2.33508,1.077041,
0.7929004,2.433321,0.9339362,0.2358955,2.330956,1.073077,
0.798111,2.43296,0.9325147,0.2450187,2.326725,1.068771,
0.8038827,2.431456,0.9348516,0.2549064,2.320941,1.067356,
0.8089685,2.430651,0.9346724,0.2637423,2.316236,1.064103,
0.8142365,2.43008,0.9344636,0.2746468,2.311542,1.060514,
0.8203014,2.429234,0.9372643,0.2852187,2.307515,1.058687,
0.8254235,2.428936,0.9380478,0.2922393,2.305266,1.054696,
0.8308567,2.428618,0.9408576,0.2977855,2.304085,1.051193,
0.8368518,2.427664,0.9421086,0.3029177,2.303013,1.045526,
0.842214,2.427143,0.9436296,0.3083052,2.302047,1.040094,
0.8480943,2.426521,0.945292,0.3149468,2.300522,1.034884,
0.8539822,2.425059,0.9469815,0.3218009,2.298668,1.028922,
0.8593199,2.424111,0.9488462,0.3288428,2.296643,1.023299,
0.8647624,2.423381,0.950437,0.3364097,2.294523,1.017862,
0.8707442,2.421525,0.9525482,0.3436424,2.292336,1.011964,
0.876322,2.420129,0.9547017,0.3504638,2.290708,1.005959,
0.8819784,2.419067,0.9565401,0.3574958,2.289121,0.9998749,
0.8881689,2.416526,0.9599209,0.3645525,2.28743,0.9941541,
0.8938076,2.414968,0.9627236,0.3709977,2.286298,0.9884784,
0.8991756,2.41353,0.9658898,0.3779191,2.284815,0.9833095,
0.9048229,2.411133,0.9691437,0.3850752,2.283049,0.9777557,
0.9100684,2.409766,0.9714684,0.3921368,2.281499,0.972174,
0.9152493,2.408617,0.9738663,0.3996427,2.279897,0.9666493,
0.9207204,2.406223,0.9767618,0.4068606,2.278112,0.9605709,
0.9258527,2.40478,0.9804251,0.4139234,2.276694,0.9556253,
0.9309074,2.403252,0.9831036,0.4213375,2.275102,0.9497576,
0.9360434,2.401005,0.9858494,0.4285651,2.273318,0.9436802,
0.9404724,2.399307,0.9885256,0.4356406,2.272028,0.9377385,
0.9452065,2.397393,0.991496,0.4430753,2.270627,0.9316782,
0.9502404,2.395,0.9943737,0.4504853,2.269086,0.9256195,
0.9545879,2.392909,0.9971634,0.4574268,2.267708,0.9198377,
0.9592819,2.391062,0.9995676,0.464843,2.266178,0.9139112,
0.964206,2.388412,1.002508,0.4721692,2.264324,0.9082074,
0.9684407,2.386341,1.005718,0.4792825,2.262561,0.9033335,
0.9731175,2.384335,1.008599,0.4871345,2.260322,0.8981716,
0.9778559,2.381795,1.01142,0.4949301,2.257801,0.8929245,
0.9822909,2.379715,1.014945,0.502641,2.255688,0.8885677,
0.9869842,2.377733,1.017987,0.5106803,2.253554,0.8838607,
0.9920797,2.374628,1.022914,0.5186445,2.251317,0.880791,
0.9968224,2.372883,1.026404,0.5267577,2.249612,0.8768363,
1.001609,2.370904,1.031039,0.5350276,2.247655,0.873933,
1.006744,2.368181,1.035448,0.5434976,2.245484,0.8705999,
1.011557,2.366315,1.040466,0.5521873,2.243524,0.8688706,
1.016309,2.364641,1.044321,0.5614451,2.241503,0.866372,
1.021058,2.362222,1.047166,0.5702009,2.239333,0.8621711,
1.025428,2.360318,1.051991,0.5810181,2.237319,0.861317,
1.029892,2.358663,1.056763,0.5909891,2.235433,0.8606387,
1.03511,2.355909,1.061134,0.6013382,2.233363,0.8591032,
1.039466,2.354445,1.066142,0.6118554,2.231792,0.8593206,
1.044081,2.353012,1.071325,0.6227374,2.230034,0.8598658,
1.049056,2.350471,1.076185,0.6339219,2.227791,0.8602611,
1.053282,2.348801,1.08158,0.6450705,2.22547,0.8620595,
1.057772,2.346966,1.086996,0.6562808,2.222913,0.8636307,
1.062621,2.344045,1.092665,0.6679914,2.219303,0.8663421,
1.066826,2.342308,1.097615,0.6794464,2.216443,0.8683711,
1.071186,2.340268,1.127646,0.691696,2.212767,0.9106487,
1.075696,2.337389,1.114484,0.703752,2.208943,0.9005142,
1.079725,2.335231,1.118598,0.7164392,2.204953,0.9040002,
1.08392,2.332908,1.123733,0.7297642,2.200461,0.909518,
1.088524,2.329688,1.128318,0.7427769,2.195977,0.9139323,
1.092677,2.327357,1.13369,0.7558137,2.191358,0.9197391,
1.096915,2.324998,1.139614,0.7692353,2.186208,0.9266694,
1.101536,2.321736,1.14539,0.7828289,2.18088,0.9333891,
1.10559,2.319479,1.15187,0.6885741,2.195733,0.920996,
1.109761,2.317144,1.159649,0.7019238,2.189114,0.9298458,
1.114451,2.3139,1.167018,0.710609,2.185268,0.936875,
1.118718,2.311713,1.174774,0.7215217,2.180891,0.9446652,
1.123011,2.309391,1.182981,0.7365834,2.174074,0.9546925,
1.127396,2.306404,1.191531,0.7503527,2.168689,0.9654024,
1.131307,2.304,1.20051,0.7656782,2.163544,0.9762623,
1.135443,2.301672,1.209501,0.7835951,2.156172,0.9895772,
1.139594,2.298982,1.218894,0.7993544,2.150174,1.003232,
1.143538,2.296708,1.228008,0.8168847,2.144072,1.017456,
1.147616,2.294332,1.236926,0.8369576,2.136309,1.033519,
1.151686,2.291646,1.245656,0.8564847,2.129502,1.050165,
1.155474,2.289276,1.253881,0.8760195,2.122732,1.067084,
1.159423,2.28673,1.262358,0.8977811,2.115003,1.085469,
1.163256,2.283982,1.270662,0.9179425,2.108178,1.103563,
1.167222,2.2816,1.278878,0.9380274,2.101849,1.121905,
1.17133,2.278957,1.287524,0.9595139,2.095865,1.141049,
1.1753,2.275524,1.296084,0.9803392,2.09023,1.159673,
1.179127,2.272903,1.304656,0.9979362,2.085896,1.177528,
1.183361,2.270231,1.313802,1.005937,2.091028,1.191656,
1.188017,2.267545,1.32319,1.020316,2.085736,1.210964,
1.192294,2.265259,1.332414,1.039481,2.083344,1.229139,
1.196706,2.262927,1.341428,1.059428,2.079177,1.248597,
1.201316,2.26066,1.35033,1.078065,2.076715,1.267342,
1.205586,2.258782,1.359059,1.096359,2.075011,1.285666,
1.210122,2.257011,1.36772,1.114917,2.072713,1.304451,
1.214681,2.255583,1.376253,1.131767,2.071867,1.3222,
1.218997,2.25432,1.384481,1.148252,2.07269,1.338663,
1.223446,2.253039,1.392534,1.164658,2.072449,1.355206,
1.227931,2.251711,1.40037,1.179703,2.072929,1.370875,
1.232376,2.251107,1.408206,1.194489,2.074139,1.38612,
1.236537,2.250255,1.415558,1.20874,2.07423,1.40146,
1.240722,2.249324,1.423104,1.221758,2.07507,1.415625,
1.244753,2.248969,1.430235,1.234824,2.075827,1.430008,
1.248993,2.248346,1.437121,1.246333,2.075459,1.442688,
1.252992,2.24828,1.443865,1.25743,2.076282,1.454732,
1.257331,2.248081,1.450224,1.268856,2.077885,1.46642,
1.261522,2.247667,1.455971,1.279956,2.078885,1.477764,
1.26384,2.24693,1.461613,1.289238,2.079816,1.488995,
1.265393,2.246469,1.466731,1.297647,2.081398,1.50016,
1.269172,2.245957,1.471755,1.308063,2.082087,1.511207,
1.272801,2.245436,1.476993,1.318202,2.082769,1.522372,
1.276469,2.245203,1.481404,1.32838,2.083874,1.533097,
1.28017,2.244796,1.486264,1.33738,2.08462,1.543149,
1.284499,2.244716,1.491768,1.346566,2.085302,1.553146,
1.288297,2.244503,1.496763,1.35517,2.085849,1.562617,
,,,,

1.291185,2.244382,1.501237,1.362132,2.086985,1.57092,
1.295472,2.244306,1.505911,1.370859,2.087933,1.579345,
1.298515,2.244368,1.510321,1.377114,2.089018,1.586922,
1.309841,2.24466,1.519129,1.394424,2.091437,1.601754,
1.316145,2.244961,1.523503,1.403732,2.092558,1.609514,
1.319794,2.245245,1.527255,1.409736,2.093726,1.616496,
1.326271,2.245436,1.532936,1.428637,2.096534,1.638142,
1.340487,2.246677,1.545844,1.439307,2.099524,1.648459,
1.348839,2.247279,1.55155,1.449128,2.103199,1.655919,
1.356267,2.24817,1.557113,1.458372,2.106595,1.662952,
1.363467,2.248729,1.562213,1.466847,2.109507,1.667886,
1.363678,2.24882,1.561958,1.466846,2.108982,1.666625,
1.368329,2.249118,1.564356,1.472307,2.109756,1.669101,
1.373361,2.249338,1.567098,1.478255,2.111061,1.671287,
1.378354,2.249932,1.569452,1.484289,2.112887,1.673575,
1.386566,2.250425,1.573865,1.494238,2.116205,1.677863,
1.390472,2.250727,1.576213,1.498635,2.118277,1.680016,
1.39514,2.250658,1.57862,1.503884,2.12045,1.682378,
1.400669,2.250781,1.580888,1.50989,2.123162,1.684501,
1.411903,2.251512,1.585446,1.521265,2.12931,1.687634,
1.415925,2.25176,1.587434,1.525388,2.132584,1.689234,
1.419461,2.252201,1.589421,1.528881,2.135767,1.690429,
1.427926,2.253136,1.593115,1.540104,2.144754,1.695597,
1.436376,2.255059,1.598651,1.54877,2.147071,1.70128,
1.441872,2.257376,1.601449,1.555076,2.148174,1.706567,
1.444151,2.257799,1.602577,1.557795,2.149073,1.708665,
1.449865,2.258724,1.606154,1.563085,2.1533,1.710324,
1.456483,2.25892,1.610609,1.568995,2.157361,1.711366,
1.459473,2.258191,1.614516,1.570513,2.156747,1.712418,
1.459772,2.258086,1.615243,1.570419,2.156854,1.712362,
1.462905,2.257624,1.617627,1.57215,2.157409,1.712435,
1.469125,2.256999,1.62082,1.578378,2.159016,1.713805,
1.475896,2.255692,1.626769,1.581463,2.158956,1.714253,
1.479591,2.254776,1.630202,1.583856,2.158744,1.715849,
1.490298,2.253263,1.637782,1.594808,2.154661,1.722354,
1.503208,2.249846,1.649374,1.605771,2.146495,1.732536,
1.513822,2.246799,1.657631,1.617828,2.136218,1.744359,
1.518179,2.245115,1.661657,1.623283,2.131424,1.750102,
1.524384,2.239898,1.672233,1.636465,2.118054,1.770366,
1.529253,2.236076,1.679057,1.646832,2.110662,1.784891,
1.532725,2.232516,1.685848,1.657983,2.101856,1.802276,
1.531805,2.232047,1.685858,1.659781,2.101726,1.806351,
1.533599,2.23058,1.689636,1.666175,2.098024,1.816514,
1.534766,2.228437,1.693168,1.672212,2.095459,1.826638,
1.537854,2.225905,1.697288,1.679497,2.094167,1.83674,
1.542298,2.221541,1.70481,1.690068,2.090836,1.853059,
1.545506,2.218894,1.708463,1.694955,2.08945,1.859724,
1.548377,2.216743,1.712569,1.698787,2.087562,1.865771,
1.553068,2.211805,1.719955,1.705272,2.084508,1.877066,
1.558161,2.206884,1.727303,1.711541,2.082055,1.886254,
1.562858,2.201753,1.733165,1.718759,2.075234,1.895987,
1.564933,2.199699,1.736201,1.722286,2.070751,1.901441,
1.568507,2.193738,1.742024,1.727187,2.064588,1.909731,
1.573022,2.188107,1.74798,1.731657,2.062278,1.915227,
1.57497,2.185044,1.750736,1.733401,2.061643,1.917364,
1.579108,2.179781,1.755304,1.737025,2.060956,1.920084,
1.578409,2.179524,1.754661,1.73604,2.061383,1.918433,
1.580349,2.177063,1.755812,1.738479,2.061048,1.918754,
1.582377,2.174542,1.757227,1.741013,2.060155,1.919459,
1.584602,2.172205,1.759209,1.744262,2.059221,1.921188,
1.588931,2.167859,1.761324,1.751244,2.056465,1.923817,
1.590481,2.16527,1.761588,1.753848,2.054569,1.924438,
1.592489,2.163441,1.762499,1.756788,2.052233,1.925962,
1.594578,2.161525,1.76273,1.758823,2.049718,1.926173,
1.598732,2.157951,1.762758,1.764431,2.045567,1.928454,
1.606171,2.155445,1.760981,1.772908,2.040363,1.932368,
1.611573,2.154611,1.75899,1.777975,2.037091,1.934018,
1.617776,2.153341,1.756608,1.780512,2.034039,1.932441,
1.618029,2.153418,1.755097,1.77935,2.034037,1.929711,
1.620873,2.152473,1.733809,1.780857,2.032079,1.905866,
1.625516,2.150382,1.734533,1.781108,2.031905,1.903272,
1.628153,2.149452,1.733447,1.781908,2.03206,1.901185,
1.630792,2.148555,1.731784,1.78259,2.032295,1.898418,
1.635743,2.146508,1.728699,1.784038,2.031973,1.893408,
1.641209,2.144221,1.726336,1.787409,2.031088,1.888684,
1.643921,2.14324,1.725433,1.789035,2.030521,1.886852,
1.650643,2.140588,1.722902,1.794972,2.027736,1.882209,
1.654725,2.139322,1.721301,1.801466,2.025201,1.881727,
1.658117,2.138376,1.719764,1.807601,2.02285,1.881615,
1.658125,2.139111,1.719564,1.808011,2.022545,1.881673,
1.659483,2.138724,1.718437,1.810489,2.021159,1.881393,
1.66113,2.138105,1.717584,1.813071,2.020056,1.880789,
1.662582,2.137927,1.716174,1.816027,2.018859,1.880484,
1.663295,2.137738,1.714238,1.817461,2.017604,1.879012,
1.66434,2.13769,1.712615,1.820012,2.016745,1.87872,
1.665117,2.137731,1.710942,1.822233,2.016746,1.87821,
1.665787,2.137851,1.70928,1.823071,2.016355,1.876569,
1.666369,2.137786,1.707178,1.82516,2.016573,1.875969,
1.667257,2.13827,1.70567,1.82705,2.017285,1.875235,
1.667823,2.13869,1.704261,1.828271,2.018131,1.874301,
1.66865,2.138631,1.703202,1.829784,2.019825,1.873364,
1.669561,2.139586,1.702252,1.831197,2.02223,1.872387,
1.670005,2.140103,1.701214,1.831878,2.025059,1.871215,
1.670512,2.140233,1.70012,1.832836,2.027788,1.870307,
1.671214,2.141093,1.699568,1.833174,2.032311,1.869038,
1.671646,2.141826,1.699768,1.833313,2.035742,1.869029,
1.672259,2.142065,1.699851,1.833469,2.039267,1.86893,
1.673324,2.14348,1.699068,1.833695,2.042689,1.867825,
1.673662,2.144545,1.698766,1.833391,2.04623,1.867259,
1.674054,2.145073,1.698218,1.833298,2.048905,1.867,
1.674654,2.146477,1.697795,1.833421,2.051776,1.866411,
1.674997,2.147679,1.698155,1.832976,2.053596,1.866427,
1.675324,2.148405,1.697648,1.833768,2.055346,1.866837,
1.676127,2.150243,1.697291,1.834718,2.05684,1.86702,
1.676313,2.151715,1.696698,1.8357,2.057902,1.867699,
1.676813,2.152662,1.696417,1.836856,2.058775,1.868371,
1.67767,2.154587,1.696529,1.83792,2.059751,1.869285,
1.677923,2.15617,1.695968,1.838423,2.060544,1.869658,
1.678324,2.157483,1.695735,1.839016,2.061312,1.870201,
1.679339,2.159429,1.696447,1.8393,2.062452,1.870884,
1.679449,2.161078,1.696148,1.838761,2.063381,1.870721,
1.679821,2.162294,1.695842,1.838669,2.064439,1.870888,
1.680483,2.164424,1.696775,1.83802,2.066214,1.871326,
1.681171,2.16625,1.6967,1.836648,2.067432,1.870255,
1.681729,2.167748,1.696901,1.83595,2.069151,1.870272,
1.682102,2.170076,1.697551,1.835353,2.070885,1.870883,
1.682403,2.172218,1.69732,1.833776,2.07225,1.869864,
1.682567,2.174212,1.697106,1.833188,2.0736,1.870108,
1.683297,2.17681,1.69688,1.832867,2.074979,1.869783,
1.683729,2.179322,1.696911,1.832501,2.076311,1.870046,
1.683759,2.181227,1.696901,1.831968,2.077394,1.870337,
1.684046,2.184131,1.697161,1.832039,2.078789,1.871556,
1.684202,2.186687,1.696624,1.831284,2.079506,1.871455,
1.684259,2.188765,1.695941,1.830902,2.08095,1.871366,
1.684618,2.191146,1.696227,1.830042,2.082576,1.871242,
1.684947,2.193455,1.696135,1.829905,2.084533,1.87127,
1.684883,2.1953,1.695915,1.829973,2.08684,1.871513,
1.685377,2.197763,1.696402,1.830001,2.089252,1.871814,
1.685514,2.200029,1.696564,1.830336,2.091385,1.872465,
1.685681,2.201783,1.696654,1.83079,2.093243,1.873209,
1.686305,2.204445,1.696664,1.831299,2.095191,1.873743,
1.686381,2.206788,1.696344,1.831608,2.097061,1.874268,
1.686519,2.20854,1.695749,1.832066,2.098535,1.874642,
1.686802,2.211174,1.695206,1.832471,2.100691,1.87474,
1.687036,2.213582,1.694341,1.832374,2.102536,1.874133,
1.686891,2.215561,1.693578,1.832392,2.104688,1.874079,
1.687411,2.218206,1.693176,1.832284,2.107691,1.873326,
1.687204,2.220534,1.692123,1.831915,2.110548,1.872385,
1.68726,2.222373,1.691299,1.831695,2.113499,1.871589,
1.687436,2.224881,1.690572,1.831041,2.116755,1.870261,
1.687265,2.226982,1.689585,1.830383,2.119378,1.86909,
1.687362,2.228693,1.688751,1.830183,2.122152,1.868092,
1.687533,2.231125,1.687586,1.829942,2.124573,1.866949,
1.687654,2.233335,1.686154,1.82996,2.126456,1.866042,
1.687503,2.235149,1.684875,1.829844,2.128092,1.865628,
1.687964,2.237696,1.683777,1.829828,2.129707,1.864973,
1.688158,2.239916,1.682314,1.829474,2.130852,1.864073,
1.68846,2.241663,1.680668,1.829229,2.132109,1.862842,
1.689539,2.244289,1.679503,1.82903,2.133543,1.861604,
1.69,2.246409,1.678068,1.828574,2.134382,1.860439,
1.690824,2.247952,1.677012,1.828379,2.13501,1.859541,
1.691667,2.249954,1.675388,1.827932,2.135516,1.85785,
1.692594,2.251795,1.674237,1.827908,2.134898,1.857265,
1.693505,2.253258,1.673395,1.827934,2.134823,1.856814,
1.694446,2.255179,1.672629,1.827943,2.134261,1.856565,
1.69515,2.256878,1.671649,1.827911,2.133209,1.856363,
1.695915,2.258285,1.670599,1.827948,2.132161,1.855927,
1.696886,2.260016,1.66977,1.828389,2.130923,1.855925,
1.697413,2.26127,1.668897,1.828745,2.12909,1.856151,
1.698121,2.262257,1.668277,1.829311,2.127674,1.85633,
1.698993,2.263868,1.667716,1.830437,2.12624,1.857077,
1.699236,2.265004,1.666416,1.831169,2.123961,1.857334,
1.699617,2.265728,1.66501,1.831949,2.121713,1.857204,
1.700353,2.266988,1.664019,1.832332,2.119664,1.857053,
1.700852,2.267796,1.662068,1.832919,2.117105,1.856034,
1.70112,2.268393,1.660421,1.833732,2.115347,1.855605,
1.701767,2.268857,1.658617,1.834335,2.11324,1.854603,
1.702428,2.269302,1.657314,1.834918,2.111121,1.854114,
1.703123,2.26965,1.656068,1.836005,2.109828,1.853986,
1.70396,2.270211,1.655401,1.836422,2.108693,1.853546,
1.704837,2.270641,1.654502,1.837475,2.108165,1.853322,
1.705859,2.270591,1.653728,1.838719,2.106933,1.85356,
1.70705,2.271209,1.653127,1.839499,2.10553,1.85361,
1.708262,2.271313,1.651999,1.840634,2.104828,1.853031,
1.709656,2.271099,1.651005,1.841987,2.103135,1.853052,
1.711537,2.271581,1.649427,1.84359,2.100876,1.852634,
1.712788,2.271445,1.648047,1.844705,2.098932,1.852216,
1.714083,2.271197,1.646214,1.846089,2.096747,1.851656,
1.715677,2.271373,1.644694,1.847099,2.094377,1.850911,
1.716824,2.27113,1.64292,1.848058,2.09149,1.850374,
1.717863,2.270905,1.640938,1.849076,2.088839,1.849801,
1.718903,2.270621,1.639342,1.84942,2.085604,1.849172,
1.719898,2.27,1.637313,1.850118,2.082468,1.848301,
1.720777,2.269236,1.635042,1.850934,2.079356,1.847502,
1.721662,2.268544,1.63341,1.851234,2.076004,1.846886,
1.722626,2.267586,1.631153,1.851902,2.072985,1.845659,
1.723467,2.266416,1.62876,1.852788,2.069578,1.84474,
1.72448,2.265414,1.62668,1.852891,2.066013,1.843375,
1.725288,2.264442,1.624048,1.853152,2.062957,1.84165,
1.726192,2.26308,1.621348,1.853919,2.059009,1.840516,
1.727485,2.262258,1.618914,1.854137,2.054945,1.838933,
1.728689,2.26125,1.616252,1.85441,2.050905,1.837283,
1.730039,2.260254,1.613348,1.855139,2.046629,1.835834,
1.731752,2.259449,1.610481,1.85513,2.041749,1.833747,
1.733356,2.258575,1.607751,1.855364,2.037487,1.831906,
1.735181,2.257994,1.604912,1.855719,2.032808,1.83028,
1.737023,2.257329,1.60333,1.85575,2.027877,1.829648,
1.738616,2.256571,1.600482,1.855517,2.023284,1.827685,
1.740144,2.256139,1.596669,1.855352,2.017779,1.825464,
1.74182,2.255622,1.593478,1.85448,2.011875,1.823267,
1.743573,2.255004,1.590268,1.854076,2.006613,1.82104,
1.745261,2.254274,1.586385,1.854125,2.00059,1.819021,
1.747083,2.253852,1.582244,1.85348,1.994301,1.81616,
1.748594,2.253234,1.579002,1.852696,1.988372,1.81404,
1.750191,2.252652,1.575946,1.852181,1.981766,1.812629,
1.751819,2.252135,1.57304,1.851013,1.975011,1.8108,
1.75365,2.251353,1.570415,1.849668,1.968118,1.808658,
1.755632,2.25078,1.567405,1.848696,1.960647,1.806792,
1.75759,2.250188,1.567132,1.846637,1.952868,1.806684,
1.759479,2.249386,1.564731,1.844547,1.945378,1.804368,
1.761381,2.248729,1.562893,1.842089,1.937275,1.802762,
1.763649,2.248015,1.562061,1.838574,1.928851,1.800882,
1.766134,2.24716,1.561212,1.83536,1.920902,1.798832,
1.771382,2.245364,1.560489,1.827997,1.903821,1.795423,
1.774481,2.244447,1.560362,1.823889,1.895667,1.793093,
1.777423,2.243625,1.5604,1.819765,1.887346,1.791391,
1.783629,2.242022,1.560429,1.81144,1.869846,1.788219,
1.79068,2.239902,1.560474,1.802161,1.852087,1.783905,
1.794205,2.238893,1.560746,1.797354,1.84331,1.781785,
1.801427,2.2365,1.56187,1.789448,1.826294,1.778812,
1.809121,2.233506,1.563955,1.782935,1.811451,1.776236,
1.816501,2.230104,1.56556,1.778426,1.798436,1.773834,
1.816457,2.22965,1.56478,1.779927,1.799894,1.773363,
1.820225,2.228134,1.565793,1.778853,1.794807,1.772912,
1.823767,2.226419,1.567542,1.778146,1.789672,1.773798,
1.827413,2.224584,1.569181,1.777419,1.785131,1.774162,
1.830783,2.222484,1.571259,1.776786,1.781148,1.774813,
1.844622,2.215432,1.578358,1.773548,1.766307,1.775397,
1.850663,2.21204,1.581135,1.770784,1.761487,1.773778,
1.859468,2.207474,1.585122,1.763552,1.756296,1.768226,
1.865187,2.204783,1.588226,1.757512,1.756056,1.762739,
1.870483,2.201339,1.592424,1.752286,1.757263,1.75824,
1.873154,2.199735,1.594064,1.749397,1.75792,1.755477,
1.880485,2.194666,1.59789,1.742822,1.762435,1.746925,
1.880003,2.19393,1.597351,1.743238,1.763154,1.746354,
1.88194,2.192109,1.597909,1.741726,1.764839,1.743621,
1.884223,2.190451,1.599311,1.740376,1.766867,1.741318,
1.886101,2.188433,1.599142,1.739481,1.768383,1.738468,
1.888011,2.186799,1.599723,1.739056,1.769793,1.736842,
1.891594,2.183217,1.600261,1.738615,1.772541,1.733331,
1.893827,2.181281,1.600837,1.739217,1.77324,1.732448,
1.895574,2.179434,1.601328,1.740199,1.774031,1.732339,
1.898767,2.175659,1.600999,1.741344,1.775278,1.730802,
1.901663,2.168308,1.598623,1.745931,1.773831,1.732122,
1.90211,2.16371,1.595868,1.750556,1.771082,1.735704,
1.901369,2.158661,1.593155,1.755531,1.767179,1.74126,
1.90079,2.155827,1.592704,1.757822,1.764438,1.745422,
1.898929,2.149199,1.590654,1.762096,1.758685,1.752658,
1.898197,2.148504,1.580496,1.761546,1.75782,1.744909,
1.897277,2.144937,1.581009,1.762973,1.75417,1.749553,
1.890602,2.130308,1.583725,1.764764,1.746624,1.757577,
1.889685,2.12701,1.584052,1.765443,1.741869,1.761962,
1.888969,2.123753,1.585161,1.766336,1.737749,1.766701,
1.8881,2.120478,1.585094,1.767057,1.733193,1.770179,
1.886769,2.117252,1.585605,1.767579,1.728399,1.774597,
1.885734,2.11387,1.586453,1.768538,1.723515,1.779485,
1.881879,2.101655,1.588114,1.774307,1.704133,1.797665,
1.87968,2.094974,1.586191,1.778997,1.694747,1.804536,
1.878401,2.09149,1.586008,1.782369,1.690235,1.80933,
1.873033,2.079462,1.585469,1.790995,1.675521,1.822786,
1.869018,2.069744,1.588093,1.795598,1.665819,1.833009,
1.865011,2.05914,1.591575,1.798966,1.655345,1.843004,
1.865139,2.05784,1.592597,1.798152,1.654753,1.842875,
1.863178,2.052684,1.594731,1.799475,1.649162,1.848252,
1.86114,2.046787,1.596099,1.80044,1.64401,1.851747,
1.859511,2.040952,1.597373,1.80384,1.633605,1.860894,
1.856125,2.029245,1.603163,1.805237,1.6292,1.864262,
1.854477,2.023631,1.605119,1.807594,1.625048,1.867782,
1.853358,2.018009,1.607974,1.810517,1.620877,1.872141,
1.850116,2.006406,1.611082,1.820525,1.610546,1.883084,
1.846988,1.989507,1.620332,1.829878,1.605883,1.890205,
1.845879,1.978837,1.625771,1.841052,1.600873,1.898333,
1.845024,1.968529,1.631109,1.852786,1.595072,1.906809,
1.845114,1.964003,1.633763,1.859382,1.592822,1.911029,
1.843514,1.948171,1.642299,1.878971,1.584606,1.924566,
1.842638,1.947977,1.641918,1.879461,1.584342,1.924692,
1.841949,1.942548,1.645115,1.88611,1.581439,1.929621,
1.841237,1.937292,1.648412,1.892366,1.578853,1.934271,
1.8413,1.92554,1.656154,1.905355,1.575046,1.942616,
1.84095,1.920437,1.659706,1.912068,1.573562,1.94687,
1.841489,1.914742,1.663565,1.918755,1.572623,1.950192,
1.84065,1.904314,1.669586,1.93912,1.571457,1.959687,
1.839709,1.889591,1.679832,1.951902,1.574088,1.962358,
1.839342,1.879905,1.685786,1.964097,1.577646,1.963479,
1.839187,1.871167,1.691782,1.975115,1.58247,1.963219,
1.839218,1.866464,1.694502,1.980005,1.584904,1.962145,
1.839653,1.857421,1.700294,1.989616,1.589419,1.959779,
1.840029,1.857597,1.699721,1.9893,1.588655,1.959429,
1.840642,1.853136,1.702778,1.993628,1.590187,1.958378,
1.841135,1.848809,1.704513,2.000885,1.592523,1.9556,
1.84324,1.839834,1.711927,2.003984,1.592779,1.954177,
1.84452,1.835765,1.714662,2.006239,1.59249,1.95267,
1.846739,1.826717,1.71992,2.011203,1.592222,1.948914,
1.851428,1.814737,1.724096,2.014256,1.588076,1.940768,
1.851741,1.815037,1.722483,2.013285,1.587796,1.939461,
1.853446,1.811584,1.722689,2.014677,1.588395,1.935213,
1.855027,1.807701,1.722849,2.015862,1.589007,1.930505,
1.856902,1.804141,1.722861,2.016745,1.590318,1.925374,
1.858803,1.800694,1.722503,2.018669,1.59191,1.920405,
1.867099,1.786771,1.723673,2.023821,1.598605,1.900668,
1.871056,1.779621,1.726316,2.026526,1.601645,1.892793,
1.875647,1.772646,1.730404,2.030239,1.603462,1.887276,
1.875692,1.772779,1.73135,2.030308,1.603017,1.888538,
1.877742,1.768983,1.734247,2.031615,1.602917,1.886985,
1.87988,1.765308,1.736611,2.033686,1.602569,1.885699,
1.882117,1.761822,1.737987,2.037575,1.601353,1.883846,
1.886554,1.754194,1.744309,2.040006,1.599827,1.883761,
1.889021,1.750182,1.746534,2.042729,1.598377,1.883518,
1.891479,1.746496,1.748349,2.044922,1.596589,1.883176,
1.894354,1.742665,1.750174,2.048043,1.594387,1.883587,
1.897002,1.738851,1.751324,2.051278,1.591801,1.883752,
1.899978,1.735113,1.752471,2.053848,1.588901,1.883792,
1.902867,1.731282,1.753609,2.056962,1.585244,1.884699,
1.915202,1.716351,1.757664,2.069738,1.569266,1.889081,
1.921878,1.709036,1.761219,2.076335,1.559665,1.893723,
1.92866,1.701514,1.766571,2.08337,1.549111,1.900699,
1.928763,1.701692,1.767263,2.082779,1.54813,1.901695,
1.932239,1.697876,1.769938,2.0859,1.543138,1.904707,
1.935772,1.694248,1.77355,2.089116,1.538077,1.908474,
1.939558,1.690464,1.776729,2.092183,1.532957,1.911746,
1.943164,1.686671,1.779991,2.095173,1.527267,1.915586,
1.946949,1.683173,1.783643,2.097631,1.521867,1.919332,
1.950747,1.679401,1.787561,2.100481,1.516394,1.923421,
1.954694,1.675607,1.791318,2.10366,1.510406,1.927979,
1.958641,1.671931,1.795581,2.106791,1.505062,1.932327,
1.962597,1.668193,1.799721,2.110255,1.499717,1.936677,
1.966784,1.664345,1.804114,2.11448,1.494631,1.941347,
1.97124,1.660802,1.808513,2.118632,1.489765,1.945747,
1.979902,1.652954,1.817673,2.128207,1.481007,1.954216,
1.984533,1.648861,1.822594,2.132863,1.476354,1.958494,
1.997895,1.636756,1.837346,2.146377,1.459927,1.973758,
2.006548,1.628297,1.847832,2.154073,1.446352,1.985881,
2.006375,1.627792,1.848044,2.153864,1.444612,1.987139,
2.01031,1.623441,1.85289,2.161051,1.428416,2.000934,
2.017702,1.614035,1.863046,2.164764,1.420247,2.007811,
2.021197,1.609468,1.868102,2.168476,1.411893,2.015152,
2.024513,1.604563,1.872681,2.172186,1.40231,2.022909,
2.027562,1.599367,1.877283,2.175595,1.392653,2.030485,
2.033885,1.589235,1.886045,2.182465,1.372122,2.046339,
2.037088,1.584227,1.890372,2.185059,1.360452,2.055115,
2.046572,1.568833,1.901487,2.189188,1.325982,2.07689,
2.052566,1.558112,1.91215,2.189986,1.301331,2.095516,
2.052269,1.557825,1.912503,2.18891,1.300547,2.095967,
2.055119,1.552263,1.917736,2.189377,1.287719,2.105886,
2.05784,1.546988,1.923849,2.188422,1.273656,2.117523,
2.060451,1.541776,1.929604,2.18564,1.258811,2.129119,
2.063339,1.536354,1.935144,2.183801,1.245009,2.140113,
2.065979,1.530822,1.941728,2.181845,1.231965,2.151464,
2.06867,1.525402,1.947775,2.177504,1.217026,2.163281,
2.071488,1.519835,1.955194,2.170975,1.179434,2.195699,
2.082125,1.497316,1.978054,2.172556,1.157912,2.215859,
2.086964,1.485893,1.989395,2.174694,1.138476,2.233821,
2.092086,1.474287,1.999314,2.175266,1.119444,2.249297,
2.094329,1.468426,2.003214,2.176581,1.110905,2.255559,
2.098811,1.457147,2.012203,2.176492,1.094205,2.268704,
2.098556,1.457223,2.012122,2.176116,1.094425,2.268545,
2.100993,1.451421,2.01777,2.177243,1.086691,2.276335,
2.103498,1.446199,2.02337,2.17809,1.079641,2.283487,
2.106474,1.440621,2.029412,2.17853,1.072809,2.290476,
2.109345,1.434824,2.035632,2.180097,1.062835,2.300934,
2.115524,1.423422,2.048182,2.180801,1.058186,2.305767,
2.118646,1.417896,2.053984,2.181389,1.053977,2.309801,
2.128475,1.402165,2.07216,2.182336,1.040314,2.322615,
2.135949,1.39271,2.084594,2.183218,1.032168,2.329823,
2.136301,1.393075,2.084427,2.182772,1.032466,2.328806,
2.139882,1.388327,2.090486,2.183518,1.027741,2.333078,
2.143489,1.383675,2.096471,2.184391,1.023323,2.337128,
2.146863,1.378906,2.102362,2.185972,1.018797,2.341624,
2.150428,1.373978,2.10821,2.191849,1.009471,2.351294,
2.157352,1.364197,2.11904,2.195579,1.005219,2.355778,
2.16085,1.359376,2.123826,2.199918,1.001177,2.360125,
2.171336,1.345478,2.137933,2.213663,0.9892231,2.372287,
2.178363,1.337174,2.14513,2.223752,0.9820461,2.378816,
2.178327,1.337508,2.143895,2.22479,0.9820707,2.378219,
2.181862,1.33353,2.147156,2.229671,0.9785882,2.381365,
2.185124,1.329567,2.15047,2.23397,0.975147,2.384139,
2.18846,1.325925,2.153164,2.238514,0.9715653,2.386957,
2.191806,1.322383,2.153618,2.250609,0.9601588,2.395587,
2.204701,1.308563,2.165261,2.256738,0.9511712,2.401181,
2.210383,1.302977,2.168301,2.262937,0.9425129,2.406765,
2.215881,1.297349,2.171646,2.269906,0.9347146,2.41254,
2.218504,1.294691,2.173291,2.273815,0.9303578,2.416425,
2.223857,1.289281,2.176899,2.281968,0.9234452,2.423078,
2.223514,1.289509,2.176604,2.282344,0.9234656,2.423544,
2.226086,1.287019,2.178183,2.286368,0.9202356,2.42698,
2.228755,1.284548,2.180065,2.290185,0.9169844,2.430385,
2.231622,1.281834,2.182002,2.294136,0.9139257,2.433525,
2.234169,1.278937,2.184317,2.298223,0.9109533,2.437165,
2.241735,1.270234,2.190407,2.308255,0.9020735,2.446135,
2.241463,1.269817,2.189714,2.308274,0.9020485,2.445677,
2.243469,1.266726,2.190557,2.311515,0.8986824,2.447951,
2.245704,1.263442,2.19099,2.314895,0.8947497,2.450342,
2.24787,1.260162,2.191174,2.317631,0.8908396,2.452516,
2.249944,1.257004,2.190648,2.319898,0.8868849,2.45387,
2.251569,1.253567,2.190829,2.322236,0.8832492,2.455574,
2.253324,1.249783,2.190253,2.323541,0.8791002,2.456873,
2.255031,1.245885,2.190153,2.324963,0.875388,2.457832,
2.256575,1.241864,2.189431,2.326818,0.8715131,2.458849,
2.257891,1.237759,2.188126,2.328088,0.8681709,2.45913,
2.25918,1.233839,2.186516,2.329336,0.8652151,2.45872,
2.260134,1.229969,2.184843,2.330739,0.8622311,2.458492,
2.261029,1.226155,2.183643,2.331461,0.860274,2.45757,
2.261875,1.222525,2.182782,2.3321,0.8575125,2.45701,
2.262366,1.21895,2.18209,2.332965,0.8545718,2.45707,
2.26292,1.215272,2.181299,2.333365,0.8519676,2.456445,
2.263261,1.211758,2.180804,2.333588,0.848955,2.456192,
2.263584,1.208404,2.180203,2.333855,0.8461134,2.45589,
2.263985,1.205144,2.179976,2.333636,0.843854,2.45528,
2.264221,1.201897,2.179399,2.333034,0.8416979,2.45417,
2.26432,1.198782,2.178624,2.332781,0.8398993,2.453007,
2.264521,1.195696,2.177634,2.332276,0.8387122,2.451535,
2.264637,1.192852,2.17626,2.331327,0.8380665,2.44907,
2.264396,1.18997,2.174879,2.330483,0.8370258,2.447209,
2.264337,1.186896,2.173097,2.329503,0.8368061,2.444573,
2.26427,1.183929,2.171021,2.328186,0.835885,2.44188,
2.263854,1.181064,2.168576,2.327106,0.8350495,2.439146,
2.263582,1.178132,2.165909,2.325847,0.8346935,2.436098,
2.263389,1.175162,2.163466,2.325053,0.8339972,2.433276,
2.262839,1.17227,2.160984,2.324924,0.833298,2.430779,
2.262377,1.169228,2.158779,2.324547,0.8329691,2.428324,
2.261775,1.166133,2.156838,2.324193,0.8324654,2.42584,
2.261071,1.163321,2.15449,2.323927,0.8319769,2.423046,
2.260324,1.160544,2.152369,2.32343,0.8320225,2.419933,
2.259236,1.158047,2.150203,2.32299,0.8316657,2.417031,
2.258326,1.155446,2.148295,2.322644,0.8315224,2.413779,
2.257689,1.15277,2.146559,2.322879,0.8317347,2.410681,
2.256796,1.150503,2.144705,2.321981,0.8319829,2.407146,
2.255185,1.14836,2.142836,2.320094,0.8325586,2.402953,
2.254396,1.146004,2.141242,2.317487,0.8333781,2.399159,
2.253482,1.14402,2.139628,2.314688,0.8334842,2.395784,
2.252619,1.142199,2.137841,2.312845,0.8337207,2.392363,
2.252028,1.140269,2.136353,2.312235,0.8328779,2.38959,
2.251076,1.138824,2.134416,2.311384,0.8315911,2.387037,
2.250216,1.137481,2.132323,2.311801,0.82884,2.385542,
2.249642,1.136051,2.129939,2.311971,0.8249507,2.384282,
2.248857,1.135021,2.127384,2.312326,0.8210338,2.383179,
2.248022,1.134072,2.124954,2.312633,0.8164779,2.38253,
2.247378,1.133205,2.12219,2.312538,0.8115951,2.381967,
2.246891,1.132489,2.119588,2.312827,0.8062361,2.381708,
2.246134,1.132012,2.117031,2.313155,0.8016117,2.380749,
2.2456,1.131424,2.114671,2.313719,0.795629,2.381008,
2.245256,1.131151,2.112142,2.314207,0.7887213,2.381364,
2.24465,1.130971,2.1096,2.314893,0.7824789,2.38122,
2.244349,1.130666,2.107262,2.316335,0.7748314,2.382396,
2.243929,1.130699,2.104732,2.3179,0.7681686,2.382634,
2.243456,1.130759,2.102091,2.322263,0.760941,2.383938,
2.243157,1.130853,2.099257,2.326136,0.7544063,2.384318,
2.242741,1.131229,2.096437,2.33211,0.7484928,2.384144,
2.242334,1.131628,2.09326,2.338816,0.7428911,2.384253,
2.242147,1.132012,2.090039,2.345761,0.7378803,2.383878,
2.241567,1.132463,2.086546,2.352633,0.7334556,2.382881,
2.241138,1.132956,2.083214,2.359075,0.7293138,2.381793,
2.240791,1.133539,2.07963,2.365995,0.7261711,2.380116,
2.240539,1.134217,2.075877,2.373364,0.7223675,2.378524,
2.240001,1.134869,2.072303,2.381216,0.7197477,2.376345,
2.239671,1.135673,2.068542,2.389317,0.7170271,2.374279,
2.239153,1.137566,2.064848,2.363738,0.6928359,2.394506,
2.238646,1.13889,2.06092,2.392239,0.7108973,2.374159,
2.238486,1.139897,2.057259,2.403736,0.7142146,2.369224,
2.238237,1.141472,2.054266,2.413306,0.7161003,2.365661,
2.237688,1.142597,2.05127,2.412248,0.7417864,2.338247,
2.237194,1.142931,2.048334,2.427624,0.7546492,2.325286,
2.236956,1.144212,2.045423,2.440072,0.7648459,2.314773,
2.236506,1.144531,2.042475,2.440382,0.7833675,2.291435,
2.236251,1.14572,2.03971,2.449214,0.7912061,2.282135,
2.236136,1.146819,2.036904,2.45929,0.8022798,2.272166,
2.235783,1.146862,2.034451,2.454479,0.8056842,2.261849,
2.235619,1.147532,2.032551,2.459019,0.8071802,2.257726,
2.235167,1.1481,2.03066,2.462371,0.8040817,2.253829,
2.234736,1.148652,2.02867,2.461602,0.803526,2.248084,
2.234558,1.148736,2.026383,2.462617,0.8019768,2.244622,
2.234376,1.149389,2.023378,2.461316,0.7974116,2.242015,
2.234174,1.149992,2.019731,2.458598,0.7966585,2.235687,
2.234246,1.150765,2.01569,2.458895,0.7980415,2.228804,
2.231805,1.152883,2.012073,2.458152,0.7972496,2.223352,
2.233645,1.154981,2.003502,2.454857,0.7977937,2.216694,
2.234299,1.156408,1.999588,2.462674,0.8214103,2.191768,
2.235356,1.158474,1.995768,2.456499,0.8301377,2.181021,
2.236248,1.159221,1.991655,2.448774,0.8230148,2.180986,
2.23735,1.160896,1.98767,2.447354,0.8341062,2.167219,
2.23895,1.162066,1.984124,2.444826,0.8408339,2.156411,
2.240236,1.163912,1.979317,2.443398,0.8451969,2.14779,
2.241293,1.165509,1.975342,2.441233,0.85624,2.133834,
2.242865,1.16666,1.971883,2.437048,0.8635781,2.121803,
2.243939,1.168068,1.966936,2.437512,0.8673049,2.113875,
2.244743,1.169737,1.963001,2.434463,0.873872,2.102412,
2.245937,1.170919,1.959551,2.434983,0.8873167,2.085573,
2.246652,1.172087,1.955387,2.437891,0.8897951,2.078958,
2.247132,1.173613,1.951682,2.438888,0.8967775,2.067247,
2.248063,1.174659,1.948159,2.444067,0.911513,2.049008,
2.248621,1.17578,1.944079,2.452894,0.9180164,2.039742,
2.24899,1.177201,1.940429,2.457235,0.9287318,2.025211,
2.249546,1.178286,1.936619,2.46564,0.9463323,2.005028,
2.249693,1.179297,1.932722,2.47649,0.9554902,1.993886,
2.249736,1.180606,1.928332,2.482303,0.9694229,1.976316,
2.249846,1.181796,1.923985,2.487414,0.9828969,1.959272,
2.249826,1.182913,1.919496,2.496862,0.9968573,1.942596,
2.249314,1.184141,1.914954,2.501167,1.008774,1.926607,
2.249125,1.18528,1.910157,2.507189,1.023263,1.907395,
2.248921,1.18621,1.905898,2.511432,1.029514,1.896774,
2.248376,1.187225,1.901204,2.518572,1.045565,1.876129,
2.248169,1.188053,1.896574,2.526457,1.062312,1.854332,
2.247932,1.188775,1.892392,2.526964,1.062762,1.848005,
2.247666,1.189316,1.888014,2.534703,1.079495,1.825947,
2.247363,1.190043,1.883699,2.541692,1.09511,1.804788,
2.246882,1.190618,1.879301,2.548232,1.107386,1.786886,
2.246894,1.190981,1.874834,2.554847,1.121687,1.766356,
2.246598,1.191757,1.87015,2.548817,1.113371,1.765659,
2.246488,1.192332,1.866075,2.547,1.10824,1.76373,
2.246551,1.19289,1.861579,2.488835,1.004825,1.855563,
2.246181,1.193875,1.856981,2.462513,0.9588872,1.895004,
2.24627,1.194677,1.852597,2.464608,0.9568256,1.889941,
2.246554,1.195402,1.84813,2.466926,0.9530435,1.88692,
2.246822,1.196509,1.843507,2.468439,0.9461905,1.887306,
2.247081,1.197446,1.839145,2.469566,0.9384423,1.88856,
2.247587,1.198403,1.83456,2.470817,0.9273472,1.893082,
2.248049,1.199585,1.829939,2.469046,0.9141567,1.899737,
2.24872,1.200622,1.825404,2.470112,0.901944,1.905818,
2.249571,1.201663,1.820019,2.469671,0.8891936,1.911583,
2.250456,1.202726,1.814796,2.467159,0.8739022,1.92009,
2.251227,1.203597,1.809433,2.465027,0.8618304,1.925189,
2.252218,1.204473,1.803754,2.462302,0.8507707,1.929156,
2.253012,1.20559,1.797841,2.458808,0.8375738,1.935411,
2.254047,1.204908,1.792554,2.442465,0.8560781,1.911095,
2.255051,1.20573,1.786959,2.444994,0.8811421,1.888028,
2.256136,1.206576,1.78117,2.439175,0.8771974,1.88847,
2.257282,1.207711,1.775641,2.428037,0.8886567,1.87172,
2.258601,1.208793,1.770354,2.424223,0.8987167,1.859152,
2.259803,1.209708,1.765653,2.425804,0.9059693,1.848459,
2.261127,1.211783,1.760841,2.428964,0.8960139,1.852059,
2.262474,1.212658,1.757251,2.427907,0.9018193,1.842047,
2.263844,1.213472,1.753032,2.428438,0.9029108,1.836931,
2.265172,1.215416,1.749124,2.439354,0.9054232,1.831306,
2.266142,1.216444,1.745542,2.433123,0.8990822,1.829404,
2.267295,1.217106,1.742082,2.432356,0.9027516,1.82158,
2.26845,1.218744,1.738712,2.440072,0.8969014,1.822292,
2.26961,1.219344,1.735104,2.439819,0.8940023,1.821479,
2.270705,1.220151,1.731284,2.440842,0.8896486,1.822846,
2.271783,1.221477,1.727663,2.438638,0.8863509,1.821934,
2.273023,1.222263,1.723558,2.438802,0.8858229,1.818718,
2.274122,1.223188,1.719656,2.439029,0.8837132,1.81783,
2.275487,1.224295,1.71543,2.437532,0.8823031,1.815356,
2.277061,1.225493,1.711174,2.437228,0.8817838,1.812085,
2.278175,1.226775,1.707255,2.435799,0.8808585,1.809877,
2.279709,1.227757,1.703112,2.435595,0.8801119,1.806444,
2.281453,1.229044,1.698941,2.435112,0.8799049,1.802646,
2.283265,1.230422,1.69484,2.433881,0.8784,1.800122,
2.285096,1.232011,1.690634,2.433758,0.8792531,1.795389,
2.286927,1.2336,1.686856,2.433185,0.8797836,1.790772,
2.288757,1.235405,1.682944,2.432821,0.8811192,1.785758,
2.290787,1.237006,1.679209,2.432215,0.8833545,1.780034,
2.292816,1.238849,1.675539,2.431469,0.8847036,1.775045,
2.294902,1.240531,1.671952,2.431636,0.8873053,1.769147,
2.297131,1.242023,1.668437,2.431682,0.889392,1.764017,
2.299363,1.244008,1.664813,2.43197,0.8918436,1.758308,
2.301454,1.245816,1.661322,2.431138,0.8935792,1.753776,
2.303703,1.247506,1.65793,2.431245,0.8957887,1.748979,
2.306007,1.249316,1.654673,2.431214,0.8969604,1.744801,
2.308175,1.251229,1.651386,2.430549,0.8988546,1.740353,
2.310485,1.253037,1.64805,2.43141,0.901073,1.735607,
2.312825,1.254909,1.644894,2.433956,0.9067925,1.726428,
2.314912,1.25672,1.641593,2.433677,0.9087248,1.72174,
2.317212,1.258301,1.638362,2.43513,0.9102696,1.717258,
2.319382,1.26005,1.635174,2.436144,0.9105326,1.713608,
2.321619,1.261716,1.631851,2.439552,0.9142709,1.706177,
2.323877,1.263246,1.628906,2.442807,0.9143485,1.702736,
2.326017,1.26489,1.62585,2.445237,0.9141263,1.699231,
2.328084,1.266422,1.623036,2.44951,0.9155498,1.694285,
2.33027,1.267841,1.620144,2.45375,0.9156274,1.690479,
2.332392,1.269356,1.61738,2.458478,0.9159166,1.686016,
2.334094,1.270747,1.61487,2.462323,0.9157706,1.682685,
2.336112,1.271794,1.612139,2.467343,0.9157676,1.678607,
2.338118,1.273024,1.609524,2.474074,0.9176538,1.672036,
2.339945,1.274052,1.606943,2.479058,0.9177167,1.668126,
2.341782,1.275039,1.604455,2.485217,0.9186199,1.663172,
2.343704,1.275961,1.60201,2.490591,0.9184232,1.659058,
2.345206,1.276938,1.599892,2.497094,0.9206297,1.652941,
2.34674,1.27791,1.597644,2.502127,0.9208261,1.648897,
2.348285,1.278832,1.595575,2.507009,0.9197392,1.645802,
2.349516,1.279767,1.593718,2.512411,0.9195783,1.642378,
2.350865,1.280496,1.592364,2.517653,0.9186289,1.639995,
2.351839,1.281464,1.591214,2.522804,0.916648,1.638537,
2.352745,1.282191,1.590408,2.527108,0.9142435,1.638249,
2.353665,1.28292,1.58943,2.530911,0.9100897,1.639649,
2.354877,1.283718,1.588464,2.53556,0.9071864,1.639647,
2.355411,1.284416,1.587552,2.538891,0.9027503,1.641986,
2.356062,1.285012,1.586691,2.542176,0.8990008,1.643525,
2.356675,1.285549,1.585716,2.544516,0.8932887,1.64696,
2.357157,1.286185,1.584716,2.546736,0.8879187,1.650588,
2.357612,1.286754,1.583643,2.547584,0.8821755,1.655195,
2.358124,1.287255,1.583014,2.548777,0.8765876,1.659357,
2.358257,1.287625,1.582716,2.549717,0.8708609,1.664394,
2.358642,1.287984,1.582177,2.548599,0.8641577,1.670407,
2.358959,1.288405,1.581881,2.548164,0.8574518,1.676159,
2.359111,1.288578,1.581643,2.54775,0.8512935,1.681307,
2.359356,1.288678,1.581466,2.546229,0.8452411,1.686039,
2.35941,1.289072,1.580702,2.544518,0.8390334,1.689651,
2.359399,1.289113,1.579957,2.543094,0.8330934,1.69285,
2.359491,1.289133,1.579979,2.540954,0.8284309,1.69532,
2.359497,1.289443,1.57969,2.539136,0.8237529,1.697644,
2.359386,1.289603,1.579517,2.537223,0.8192455,1.700485,
2.359379,1.289766,1.579507,2.535377,0.815709,1.702525,
2.359419,1.290085,1.579226,2.533933,0.812927,1.703618,
2.359244,1.290265,1.578853,2.53209,0.8098631,1.705337,
2.359121,1.290449,1.578436,2.53044,0.8071294,1.706532,
2.358871,1.290836,1.57812,2.529185,0.8050075,1.707012,
2.358633,1.29121,1.577539,2.527465,0.8025882,1.707891,
2.358328,1.291576,1.57743,2.526273,0.8006051,1.708325,
2.358105,1.292168,1.57727,2.525067,0.7984259,1.708681,
2.357556,1.292737,1.57719,2.524271,0.7980414,1.707305,
2.357215,1.293221,1.576903,2.523858,0.7976791,1.705337,
2.357024,1.294128,1.576652,2.523745,0.7977969,1.702607,
2.356379,1.294719,1.576224,2.523244,0.7990466,1.698788,
2.356071,1.295038,1.576042,2.524059,0.8017346,1.692953,
2.355947,1.295557,1.57586,2.524531,0.8038028,1.687869,
2.355548,1.296113,1.575596,2.524681,0.8065093,1.682318,
2.355155,1.296759,1.575174,2.525914,0.81108,1.674886,
2.355044,1.297499,1.57462,2.527409,0.8147011,1.668298,
2.354669,1.298283,1.573684,2.528837,0.8189624,1.660818,
2.35408,1.298905,1.573,2.530324,0.8229113,1.653608,
2.353521,1.299997,1.572019,2.532202,0.8266754,1.645969,
2.353299,1.301259,1.570832,2.533679,0.8311224,1.638154,
2.352932,1.302353,1.569724,2.535717,0.8347092,1.630564,
2.352325,1.303504,1.568627,2.537096,0.838501,1.622534,
2.352131,1.304846,1.567183,2.538342,0.8423211,1.61452,
2.351938,1.306042,1.566096,2.540402,0.8464841,1.606158,
2.351882,1.307135,1.564982,2.541778,0.8507988,1.597342,
2.35184,1.308241,1.564058,2.544072,0.8558843,1.587923,
2.35188,1.309381,1.563098,2.546189,0.8604988,1.57905,
2.352074,1.310615,1.562194,2.549004,0.8656623,1.569113,
2.352138,1.312027,1.561191,2.551185,0.8709322,1.559785,
2.35249,1.313573,1.560209,2.553918,0.8771788,1.549179,
2.352938,1.315185,1.559282,2.556535,0.8830158,1.538805,
2.353549,1.316825,1.55816,2.558802,0.8886153,1.529013,
2.3543,1.318858,1.556949,2.561281,0.8942021,1.519181,
2.355562,1.320958,1.555607,2.564122,0.8997539,1.508759,
2.356588,1.323108,1.554167,2.566406,0.9045492,1.499501,
2.357991,1.325343,1.552368,2.568778,0.9093308,1.489924,
2.359724,1.327741,1.550155,2.571798,0.9145789,1.479397,
2.361212,1.329903,1.548164,2.574165,0.9196701,1.46961,
2.36304,1.3324,1.545347,2.576444,0.9243382,1.459824,
2.365219,1.335076,1.542122,2.579204,0.9300621,1.448703,
2.367276,1.337574,1.538716,2.581651,0.9353446,1.438305,
2.369591,1.340348,1.535168,2.583859,0.9403591,1.42788,
2.37189,1.342991,1.53129,2.586184,0.9459601,1.416855,
2.374285,1.345683,1.527252,2.588507,0.9513422,1.406047,
2.377014,1.34839,1.522973,2.591014,0.9569989,1.394899,
2.37965,1.351406,1.518091,2.593541,0.9627333,1.383053,
2.382451,1.354257,1.513441,2.596196,0.9689379,1.37176,
2.385476,1.357073,1.50815,2.598693,0.9749085,1.360004,
2.388276,1.360123,1.502665,2.601375,0.9811674,1.347594,
2.391306,1.363033,1.496919,2.604155,0.987798,1.335043,
2.394533,1.365799,1.490522,2.606785,0.9945988,1.322114,
2.397804,1.368946,1.483518,2.61003,1.001508,1.308395,
2.400984,1.371933,1.475224,2.613107,1.00874,1.294317,
2.40431,1.374894,1.46766,2.616148,1.01622,1.280319,
2.407751,1.378099,1.459252,2.619347,1.02351,1.266108,
2.411042,1.38117,1.450884,2.622656,1.031528,1.251971,
2.414668,1.384486,1.442446,2.625794,1.039051,1.238204,
2.418091,1.387601,1.434514,2.629357,1.047116,1.224373,
2.421555,1.390597,1.426741,2.633104,1.055861,1.210568,
2.425268,1.393749,1.419442,2.636201,1.06444,1.19726,
2.428991,1.396699,1.412673,2.640019,1.073457,1.183396,
2.432648,1.399656,1.406135,2.643826,1.082907,1.169823,
2.436349,1.402504,1.400701,2.64741,1.092439,1.156254,
2.440207,1.405496,1.395764,2.650861,1.101804,1.142522,
2.444042,1.408555,1.390622,2.654355,1.111941,1.12906,
2.447933,1.411549,1.385577,2.657152,1.121618,1.115832,
2.452139,1.41465,1.380306,2.660795,1.131723,1.102532,
2.456203,1.417675,1.374852,2.659931,1.142776,1.091178,
2.460725,1.421148,1.3685,2.663313,1.152371,1.078851,
2.465197,1.424259,1.361483,2.66631,1.163329,1.065987,
2.469588,1.427459,1.354809,2.671538,1.175375,1.052733,
2.474179,1.430826,1.347535,2.674151,1.184911,1.041499,
2.478764,1.434175,1.340603,2.676605,1.195084,1.031078,
2.483729,1.43768,1.333238,2.680026,1.204844,1.021069,
2.488796,1.441303,1.325994,2.682459,1.215145,1.011085,
2.493783,1.444655,1.318628,2.684038,1.224826,1.0021,
2.498801,1.447961,1.311617,2.686316,1.234365,0.9934005,
2.503904,1.451415,1.304521,2.687205,1.244028,0.9851652,
2.508857,1.454542,1.29785,2.688419,1.253301,0.9770123,
2.513607,1.457551,1.290957,2.689249,1.262601,0.9697061,
2.518766,1.460409,1.284388,2.689466,1.271284,0.9626447,
2.523713,1.463004,1.278111,2.689422,1.280746,0.9558989,
2.528224,1.465233,1.272161,2.689657,1.290172,0.9495478,
2.533019,1.467586,1.265663,2.689582,1.299285,0.943172,
2.537224,1.469422,1.259923,2.688605,1.30899,0.9373373,
2.541641,1.471074,1.254449,2.687852,1.31862,0.9326011,
2.545821,1.472262,1.248561,2.686115,1.327722,0.9279528,
2.549957,1.47348,1.243431,2.684437,1.336896,0.9241061,
2.554073,1.474519,1.23885,2.682417,1.346315,0.9211813,
2.557882,1.475099,1.230926,2.680092,1.354895,0.916272,
2.561776,1.475672,1.226661,2.677718,1.363815,0.9144934,
2.565776,1.476288,1.221349,2.675092,1.372815,0.9122187,
2.569691,1.476671,1.214141,2.672351,1.380832,0.9091377,
2.573333,1.476921,1.208818,2.669557,1.389267,0.9075189,
2.57726,1.477184,1.204564,2.667587,1.398353,0.9066816,
2.581335,1.477569,1.197198,2.664937,1.406048,0.9044476,
2.585021,1.47814,1.191689,2.662422,1.414162,0.9033864,
2.588981,1.478811,1.187653,2.660296,1.421854,0.9036825,
2.593274,1.479639,1.180013,2.658681,1.429221,0.9015364,
2.596897,1.480725,1.174513,2.65732,1.43683,0.9003848,
2.600745,1.481621,1.170167,2.656025,1.444366,0.9006079,
2.604894,1.483181,1.162855,2.655668,1.451173,0.8985013,
2.608431,1.484476,1.158173,2.656013,1.458707,0.8972129,
2.612236,1.485723,1.152578,2.656949,1.465742,0.8955033,
2.61618,1.487338,1.146271,2.658324,1.472437,0.8929296,
2.619456,1.488806,1.14229,2.66086,1.479922,0.8903806,
2.622785,1.489929,1.13778,2.662955,1.486827,0.887975,
2.626368,1.491507,1.131945,2.665682,1.493756,0.8842597,
2.629748,1.492774,1.127795,2.670643,1.501228,0.8790755,
2.632786,1.494034,1.125217,2.675029,1.508543,0.8753349,
2.636159,1.495504,1.120201,2.67915,1.515874,0.8700612,
2.639396,1.496902,1.117311,2.684211,1.523615,0.8646734,
2.642531,1.498213,1.114402,2.688738,1.531504,0.8596959,
2.645956,1.499458,1.110823,2.693077,1.538504,0.8541718,
2.649073,1.500525,1.108254,2.697375,1.545902,0.8491492,
2.652177,1.501323,1.107036,2.700954,1.553161,0.8460527,
2.655311,1.50217,1.10321,2.703683,1.558582,0.8422617,
2.658131,1.502761,1.101814,2.706681,1.564202,0.8397902,
2.660996,1.503196,1.101209,2.708933,1.569425,0.8391455,
2.663663,1.503876,1.098022,2.70994,1.572056,0.8384039,
2.66616,1.504449,1.097578,2.711658,1.575929,0.8387545,
2.668678,1.504811,1.096285,2.712491,1.578646,0.8398058,
2.671,1.505049,1.092392,2.712946,1.57993,0.8396967,
2.673389,1.505359,1.091367,2.712996,1.580949,0.8416006,
2.675489,1.505475,1.092658,2.713469,1.581831,0.8442026,
2.677637,1.505601,1.093705,2.713681,1.582582,0.8470572,
2.679437,1.505669,1.09416,2.713433,1.582894,0.8498807,
2.680967,1.505771,1.096636,2.713546,1.582987,0.8536702,
2.682408,1.505771,1.097925,2.713206,1.582972,0.8571388,
2.68345,1.505991,1.099826,2.712559,1.582654,0.8612338,
2.684694,1.506222,1.103322,2.712106,1.582704,0.8660755,
2.685722,1.50637,1.104336,2.711443,1.581961,0.8696197,
2.686786,1.506584,1.10859,2.711036,1.581608,0.8748861,
2.687836,1.506891,1.110928,2.710764,1.581219,0.8788093,
2.689156,1.507249,1.112865,2.709835,1.580499,0.8832601,
2.690434,1.507588,1.117063,2.709516,1.580558,0.8883403,
2.691609,1.507989,1.119765,2.708838,1.580498,0.8929991,
2.692795,1.508391,1.122147,2.707454,1.579866,0.8977235,
2.693953,1.508941,1.126859,2.706572,1.579726,0.9033401,
2.695467,1.50946,1.130065,2.706042,1.579753,0.9079101,
2.697028,1.509731,1.131751,2.70542,1.579198,0.9116803,
2.698781,1.510138,1.136308,2.705601,1.579072,0.9158113,
2.700747,1.510446,1.139026,2.705793,1.5794,0.9192457,
2.702721,1.510437,1.141181,2.706724,1.578888,0.9215504,
2.704569,1.510451,1.145337,2.707981,1.578907,0.9249175,
2.706418,1.510535,1.148571,2.708913,1.579112,0.9283077,
2.7081,1.510313,1.152306,2.710543,1.578973,0.9317378,
2.709475,1.510291,1.155906,2.712201,1.579432,0.9348819,
2.711043,1.510243,1.160051,2.714025,1.58015,0.9385799,
2.712487,1.510033,1.162699,2.715625,1.580188,0.9414542,
2.713845,1.509798,1.165499,2.71809,1.581022,0.943417,
2.715347,1.509487,1.169409,2.720092,1.581529,0.9466094,
2.716777,1.509274,1.171489,2.722229,1.582012,0.9484504,
2.718362,1.508965,1.174014,2.725106,1.582859,0.9495625,
2.720002,1.508558,1.177706,2.727525,1.583452,0.9520504,
2.721544,1.508068,1.179485,2.730009,1.583732,0.9528162,
2.72309,1.507827,1.181328,2.732538,1.584366,0.95363,
2.724867,1.50774,1.184158,2.73491,1.585213,0.9554507,
2.726738,1.507638,1.185576,2.737065,1.585558,0.9570171,
2.728394,1.507699,1.188082,2.739381,1.586597,0.9588488,
2.730366,1.507964,1.189447,2.741293,1.587657,0.9608016,
2.732347,1.508174,1.190879,2.743248,1.588289,0.9628537,
2.73438,1.508776,1.192136,2.745376,1.589344,0.9648333,
2.736626,1.509377,1.19405,2.747595,1.59129,0.9671848,
2.739028,1.510098,1.195221,2.749762,1.592518,0.9692004,
2.741318,1.510848,1.16923,2.75238,1.594792,0.9516249,
2.743922,1.511918,1.171859,2.754565,1.597126,0.9539638,
2.746529,1.51269,1.172773,2.757012,1.599309,0.95498,
2.749234,1.513714,1.173225,2.75954,1.601684,0.9553363,
2.751816,1.514873,1.173161,2.762249,1.605274,0.9552457,
2.75439,1.51602,1.173954,2.76465,1.607819,0.9560072,
2.75681,1.516989,1.174725,2.767288,1.611037,0.9561862,
2.759288,1.517993,1.174903,2.769541,1.614262,0.9566569,
2.761469,1.519061,1.175625,2.771503,1.617258,0.9576492,
2.76385,1.52008,1.176345,2.773887,1.620411,0.9584127,
2.7664,1.521171,1.177027,2.7758,1.623538,0.9600853,
2.768952,1.522494,1.17798,2.777689,1.626422,0.9620801,
2.771358,1.523686,1.179256,2.779503,1.629295,0.9645823,
2.774031,1.524794,1.18054,2.78152,1.632297,0.9669785,
2.777036,1.526217,1.181715,2.783416,1.634701,0.969589,
2.779995,1.527639,1.183092,2.785509,1.637222,0.9721457,
2.783059,1.529127,1.184682,2.787157,1.639804,0.9753815,
2.786266,1.530797,1.186505,2.788772,1.642311,0.9788685,
2.789614,1.532524,1.18827,2.790632,1.644623,0.98199,
2.793174,1.534387,1.190337,2.792342,1.647058,0.9859809,
2.797111,1.536242,1.192388,2.794392,1.648801,0.9898829,
2.800489,1.538339,1.195394,2.796388,1.650856,0.9943041,
2.804277,1.540459,1.197922,2.798793,1.652443,0.9981855,
2.808366,1.542702,1.200894,2.801406,1.65379,1.002647,
2.812071,1.544868,1.204556,2.804827,1.655015,1.006374,
2.816026,1.547286,1.207622,2.807709,1.656559,1.010398,
2.820076,1.549799,1.211011,2.811212,1.657875,1.014098,
2.824154,1.552141,1.214027,2.815636,1.659263,1.016671,
2.828243,1.554656,1.217614,2.819676,1.661081,1.020169,
2.832192,1.557188,1.221077,2.824389,1.662769,1.022727,
2.836154,1.559682,1.224653,2.829858,1.664856,1.024653,
2.840286,1.562248,1.2284,2.835637,1.666911,1.026541,
2.844611,1.564635,1.23209,2.842366,1.669109,1.027637,
2.848839,1.56726,1.235285,2.849314,1.672381,1.0279,
2.853488,1.570225,1.238124,2.856758,1.676971,1.027804,
2.858428,1.572851,1.24056,2.864615,1.67988,1.027186,
2.863369,1.575731,1.242838,2.87235,1.683346,1.026671,
2.868454,1.578701,1.244204,2.881189,1.686719,1.025128,
2.873347,1.581376,1.246035,2.889668,1.690119,1.024146,
2.877973,1.584353,1.247478,2.898378,1.693975,1.022855,
2.882852,1.587433,1.248773,2.907612,1.698251,1.021046,
2.887481,1.590104,1.250006,2.91643,1.701769,1.019397,
2.891822,1.593019,1.251571,2.925416,1.705929,1.017455,
2.896463,1.596136,1.252453,2.934842,1.710583,1.014578,
2.900773,1.598755,1.253496,2.943498,1.714038,1.012269,
2.904962,1.6016,1.254876,2.952488,1.718382,1.00953,
2.909475,1.604521,1.255965,2.961615,1.722255,1.006555,
2.913432,1.606955,1.257463,2.970167,1.725676,1.004046,
2.917936,1.60963,1.258565,2.97973,1.72944,1.000582,
2.922287,1.612477,1.25988,2.988574,1.73291,0.9977679,
2.926082,1.614655,1.261481,2.997443,1.736374,0.9948113,
2.930181,1.617053,1.262666,3.006308,1.739801,0.9919054,
2.934333,1.61951,1.263932,3.01478,1.742838,0.9893533,
2.93803,1.621337,1.265172,3.023194,1.74592,0.9865189,
2.942028,1.623296,1.266068,3.03221,1.749353,0.9831595,
2.946042,1.625373,1.266119,3.040301,1.752423,0.9798266,
2.94947,1.62652,1.266139,3.048225,1.755046,0.976469,
2.953419,1.628272,1.265612,3.055567,1.757609,0.9735452,
2.956739,1.629137,1.265013,3.070807,1.771933,0.9627588,
2.960211,1.629915,1.264299,3.077922,1.774154,0.95978,
2.964093,1.631353,1.263564,3.085694,1.776686,0.9562942,
2.967686,1.632694,1.262936,3.092142,1.778842,0.9540292,
2.970776,1.633159,1.262859,3.098175,1.780255,0.952164,
2.974507,1.634439,1.262338,3.103471,1.781164,0.950908,
2.97807,1.635367,1.262218,3.1082,1.781416,0.9502543,
2.981252,1.635742,1.262385,3.113063,1.781904,0.9494374,
2.984743,1.636762,1.26208,3.116716,1.781298,0.9491891,
2.988176,1.637472,1.261978,3.119788,1.780139,0.9498417,
2.991524,1.637784,1.261657,3.122863,1.778784,0.9502551,
2.994801,1.638427,1.261173,3.125086,1.776584,0.9511437,
2.998257,1.639084,1.260573,3.126883,1.774202,0.9524617,
3.001686,1.639498,1.259906,3.129425,1.772436,0.9531007,
3.00507,1.639993,1.258554,3.130436,1.769094,0.9545928,
3.008624,1.640485,1.257673,3.131315,1.765634,0.9566307,
3.012297,1.64074,1.256623,3.132204,1.761508,0.958709,
3.015776,1.64114,1.255184,3.133216,1.757681,0.9598116,
3.019416,1.641496,1.254088,3.133149,1.753019,0.9622947,
3.023466,1.641905,1.252732,3.133232,1.748023,0.9647781,
3.027056,1.642148,1.251464,3.133064,1.742882,0.9668911,
3.031125,1.642587,1.250158,3.132209,1.737041,0.9700245,
3.034752,1.642685,1.24896,3.131692,1.731827,0.9726715,
3.038306,1.642758,1.247347,3.130776,1.726275,0.9755042,
3.042042,1.642781,1.246213,3.129466,1.720852,0.9790178,
3.04557,1.642435,1.244989,3.128103,1.714969,0.9825057,
3.049255,1.64263,1.243446,3.126999,1.709863,0.9856076,
3.052675,1.642381,1.24248,3.125517,1.704574,0.9893487,
3.055847,1.641851,1.241619,3.124199,1.699371,0.9928964,
3.059247,1.641678,1.240325,3.123069,1.694715,0.9960558,
3.062448,1.641116,1.239649,3.122052,1.690321,0.9995158,
3.065835,1.640322,1.23894,3.121636,1.685915,1.00246,
3.068753,1.639564,1.238373,3.121865,1.682704,1.004468,
3.071656,1.638563,1.238067,3.121259,1.678515,1.007489,
3.0743,1.63737,1.23774,3.121578,1.675771,1.009575,
3.076889,1.636347,1.237106,3.122138,1.673594,1.011336,
3.079662,1.635273,1.236826,3.122829,1.671632,1.013124,
3.082436,1.634051,1.236543,3.123964,1.670131,1.014669,
3.084846,1.632623,1.236748,3.125939,1.669939,1.015239,
3.087564,1.631312,1.236809,3.127363,1.66893,1.016302,
3.090372,1.629941,1.236874,3.129493,1.669108,1.016823,
3.092865,1.628598,1.237191,3.1321,1.669813,1.016855,
3.095692,1.627408,1.237454,3.13448,1.670238,1.017222,
3.097966,1.625918,1.237946,3.137911,1.671889,1.016421,
3.100462,1.624653,1.238277,3.141444,1.673896,1.01558,
3.102924,1.623453,1.238724,3.144721,1.67543,1.015446,
3.105425,1.622133,1.239173,3.14903,1.678318,1.01507,
3.108001,1.621051,1.240031,3.153825,1.681773,1.014715,
3.110613,1.619974,1.241308,3.157978,1.684273,1.015493,
3.113238,1.618779,1.242409,3.162294,1.687479,1.016228,
3.11567,1.617814,1.243971,3.166654,1.691211,1.017692,
3.118462,1.616935,1.245444,3.170854,1.694804,1.019388,
3.120859,1.61591,1.24686,3.174906,1.698305,1.020938,
3.123264,1.615087,1.247718,3.178398,1.702055,1.022778,
3.125858,1.614355,1.248517,3.182069,1.705095,1.024657,
3.12803,1.613454,1.249377,3.185753,1.708594,1.026544,
3.130255,1.612815,1.249906,3.188954,1.712288,1.028805,
3.132543,1.612055,1.250703,3.192262,1.714804,1.031082,
3.134429,1.611215,1.251678,3.195175,1.717273,1.033769,
3.136356,1.610729,1.25236,3.198154,1.720091,1.036294,
3.138354,1.609897,1.253492,3.201107,1.722059,1.039333,
3.140233,1.609106,1.254596,3.204477,1.72409,1.041691,
3.142088,1.608554,1.255623,3.206819,1.72577,1.044902,
3.143843,1.607904,1.256575,3.208693,1.726505,1.048395,
3.145864,1.607291,1.257491,3.210356,1.72713,1.052001,
3.147969,1.607038,1.25796,3.211978,1.72744,1.054855,
3.150085,1.606692,1.258178,3.21268,1.726831,1.05806,
3.151884,1.606393,1.25785,3.213187,1.726356,1.060672,
3.153963,1.606389,1.257179,3.212835,1.725102,1.063708,
3.156058,1.606171,1.256853,3.212892,1.723744,1.066676,
3.158092,1.606157,1.256591,3.212553,1.722253,1.070047,
3.160001,1.606119,1.256257,3.211458,1.720347,1.07352,
3.162243,1.6061,1.256274,3.211031,1.718439,1.076877,
3.164382,1.606246,1.256539,3.210622,1.71668,1.080257,
3.166504,1.606838,1.257012,3.21022,1.715784,1.083701,
3.168762,1.60701,1.257546,3.210048,1.714088,1.08702,
3.171162,1.607503,1.257909,3.209827,1.71273,1.090318,
3.173606,1.608298,1.258541,3.209955,1.711909,1.093602,
3.176067,1.608834,1.259175,3.210271,1.711141,1.096946,
3.178666,1.609541,1.259587,3.210613,1.710504,1.100315,
3.181268,1.610371,1.260138,3.211211,1.710197,1.103748,
3.184003,1.611229,1.260734,3.211971,1.709883,1.107497,
3.186632,1.612092,1.261157,3.212672,1.70962,1.111037,
3.189448,1.613043,1.261813,3.213807,1.709988,1.114533,
3.192197,1.613662,1.262627,3.215366,1.710176,1.117946,
3.194975,1.614654,1.263267,3.217077,1.710669,1.120818,
3.197948,1.615814,1.26425,3.219364,1.711544,1.123384,
3.200846,1.616645,1.265132,3.221659,1.71245,1.126045,
3.203779,1.617885,1.266157,3.22472,1.713872,1.127973,
3.207022,1.619333,1.267069,3.227593,1.715365,1.130204,
3.210062,1.620187,1.268232,3.231057,1.716938,1.132113,
3.213261,1.621605,1.269301,3.234629,1.718907,1.133886,
3.216558,1.623049,1.270686,3.239756,1.721728,1.134199,
3.21974,1.624081,1.271559,3.244169,1.723704,1.134843,
3.223134,1.625627,1.272361,3.249669,1.726595,1.134477,
3.226597,1.627402,1.273386,3.256294,1.730658,1.133401,
3.230012,1.628657,1.274247,3.262629,1.734077,1.13264,
3.233472,1.6303,1.275235,3.270017,1.737863,1.130513,
3.236895,1.632163,1.276785,3.277785,1.741876,1.128375,
3.240237,1.633537,1.278436,3.284891,1.745164,1.127234,
3.243709,1.635261,1.28037,3.292252,1.748214,1.125867,
3.246922,1.636592,1.282766,3.300547,1.751723,1.123776,
3.250223,1.638182,1.285127,3.307519,1.753719,1.122709,
3.25369,1.640021,1.287743,3.315408,1.756402,1.121383,
3.257253,1.641884,1.29064,3.32282,1.758635,1.120535,
3.260915,1.643539,1.293552,3.331703,1.763317,1.119339,
3.264609,1.645406,1.296517,3.337918,1.763435,1.119392,
3.268639,1.647771,1.299513,3.344927,1.765258,1.119181,
3.27284,1.649573,1.30274,3.351563,1.766049,1.120013,
3.276947,1.651532,1.30572,3.358272,1.766783,1.120098,
3.281147,1.653659,1.309084,3.36454,1.76745,1.121026,
3.285074,1.65529,1.312389,3.370566,1.7681,1.122442,
3.288894,1.656895,1.315976,3.376756,1.768764,1.123697,
3.292817,1.65858,1.319576,3.382885,1.769658,1.124854,
3.296704,1.659937,1.323485,3.389049,1.770377,1.126445,
3.30027,1.6612,1.327392,3.395237,1.771528,1.128013,
3.303946,1.662488,1.330961,3.401071,1.772491,1.12939,
3.307579,1.663521,1.335245,3.407073,1.773914,1.131608,
3.311158,1.664533,1.339142,3.413123,1.775367,1.133428,
3.314674,1.66545,1.343076,3.418893,1.777214,1.135554,
3.318174,1.665979,1.346568,3.424132,1.778156,1.137766,
3.321693,1.66652,1.349321,3.429292,1.779508,1.139425,
3.325122,1.667268,1.351745,3.434221,1.781155,1.140831,
3.328466,1.667286,1.352882,3.438797,1.782023,1.141611,
3.331554,1.667389,1.353775,3.442741,1.7827,1.142824,
3.334711,1.667446,1.353683,3.447313,1.78403,1.142849,
3.337636,1.666993,1.353537,3.449899,1.783291,1.144325,
3.340445,1.666502,1.35333,3.453173,1.783218,1.145156,
3.343139,1.666137,1.352605,3.455529,1.782898,1.146743,
3.345583,1.665162,1.352285,3.457371,1.781587,1.149093,
3.348034,1.664193,1.351857,3.45928,1.780353,1.151301,
3.350305,1.663424,1.351794,3.460467,1.779026,1.154588,
3.352517,1.661858,1.351588,3.461316,1.776663,1.158224,
3.354748,1.660493,1.351296,3.462204,1.774638,1.161544,
3.356926,1.659339,1.3515,3.462443,1.772534,1.165805,
3.359002,1.657563,1.351613,3.462516,1.769795,1.170141,
3.361127,1.655841,1.351532,3.462718,1.767329,1.174075,
3.363272,1.654397,1.351037,3.462037,1.764685,1.178203,
3.365418,1.652247,1.349966,3.461129,1.76138,1.182215,
3.367645,1.650254,1.348765,3.460179,1.758171,1.186069,
3.36989,1.648369,1.347079,3.458292,1.754772,1.190183,
3.372056,1.646096,1.34548,3.456647,1.751053,1.194197,
3.374551,1.643931,1.343511,3.454661,1.747263,1.198684,
3.37687,1.64193,1.341971,3.452418,1.743825,1.20361,
3.379049,1.639418,1.34066,3.449545,1.739532,1.209336,
3.381453,1.637099,1.339009,3.446981,1.735296,1.214641,
3.383734,1.634757,1.337774,3.444259,1.731286,1.220295,
3.385857,1.632102,1.336756,3.441128,1.726563,1.226395,
3.388058,1.629568,1.335386,3.438221,1.722073,1.232029,
3.390273,1.627236,1.334225,3.435285,1.717724,1.237525,
3.392489,1.6247,1.333042,3.432737,1.713112,1.242706,
3.394501,1.622175,1.331701,3.43065,1.70918,1.247322,
3.396353,1.619718,1.330729,3.428575,1.705188,1.251788,
3.398448,1.616943,1.32976,3.42694,1.700629,1.255944,
3.400347,1.614521,1.328864,3.4255,1.696907,1.259907,
3.402049,1.612312,1.328431,3.424502,1.693387,1.263073,
3.403731,1.609557,1.328057,3.423673,1.689054,1.266028,
3.405341,1.60717,1.328076,3.423205,1.685568,1.268879,
3.406733,1.605052,1.328521,3.422975,1.682115,1.271242,
3.408073,1.60241,1.329141,3.42352,1.67812,1.272727,
3.409532,1.600002,1.329778,3.424282,1.674757,1.274166,
3.410956,1.59785,1.330675,3.425769,1.671661,1.274692,
3.412213,1.595276,1.332058,3.427433,1.668194,1.275418,
3.413517,1.592947,1.333135,3.429738,1.665411,1.275303,
3.414658,1.590862,1.335087,3.431542,1.662794,1.276169,
3.415939,1.588573,1.33708,3.433642,1.659007,1.276625,
3.417032,1.586909,1.339308,3.435645,1.656434,1.277338,
3.418037,1.585142,1.342205,3.437775,1.65383,1.27847,
3.419164,1.583239,1.345084,3.439784,1.650771,1.279827,
3.420023,1.581551,1.348347,3.44153,1.648276,1.281684,
3.421062,1.580395,1.352302,3.443573,1.646566,1.283872,
3.422081,1.578784,1.356173,3.445428,1.644406,1.286458,
3.423071,1.577323,1.359721,3.446802,1.642204,1.289404,
3.423892,1.576092,1.364138,3.44863,1.641557,1.293556,
3.424791,1.574373,1.368094,3.45006,1.639872,1.298053,
3.425515,1.572738,1.371856,3.45135,1.638365,1.302491,
3.42633,1.571274,1.375495,3.452897,1.637562,1.307447,
3.426949,1.569379,1.379428,3.454017,1.635944,1.313009,
3.427648,1.567815,1.383235,3.455009,1.635079,1.31887,
3.428491,1.566171,1.386769,3.456396,1.633787,1.324026,
3.429221,1.564161,1.389891,3.458006,1.632879,1.329011,
3.429955,1.56264,1.39264,3.459826,1.632617,1.333632,
3.430741,1.560796,1.395041,3.462304,1.633092,1.33774,
3.431291,1.558646,1.397287,3.464727,1.63317,1.3415,
3.431758,1.556747,1.39962,3.467719,1.634404,1.344921,
3.432314,1.554849,1.401736,3.470344,1.635081,1.348511,
3.432939,1.552577,1.403936,3.473542,1.636038,1.352151,
3.43342,1.550608,1.405919,3.476844,1.637716,1.355612,
3.433964,1.548827,1.407838,3.480093,1.640049,1.35953,
3.434732,1.5465,1.409488,3.483363,1.641333,1.363656,
3.435227,1.544571,1.411275,3.486772,1.643335,1.367556,
3.435618,1.542799,1.412856,3.489976,1.646087,1.372045,
3.43624,1.540591,1.41429,3.4933,1.648069,1.376641,
3.436503,1.538483,1.415921,3.496571,1.650482,1.381158,
3.436779,1.536667,1.417145,3.499602,1.653449,1.386104,
3.436915,1.534257,1.418647,3.502274,1.655581,1.391414,
3.437032,1.532189,1.42012,3.505494,1.658596,1.396386,
3.437063,1.530193,1.421736,3.508609,1.662073,1.401682,
3.436719,1.527615,1.423379,3.511548,1.665065,1.406791,
3.436496,1.525335,1.425115,3.514109,1.668351,1.41273,
3.436283,1.522826,1.42646,3.516854,1.671488,1.418108,
3.435802,1.519758,1.427914,3.519689,1.674669,1.42368,
3.435293,1.517012,1.429013,3.5224,1.678287,1.429072,
3.434763,1.514675,1.430264,3.525225,1.682379,1.434594,
3.434016,1.511854,1.431828,3.528325,1.686146,1.440037,
3.433101,1.50922,1.433287,3.531409,1.690659,1.445387,
3.432366,1.506735,1.434619,3.534541,1.694941,1.450612,
3.431423,1.503828,1.436067,3.537941,1.699255,1.455736,
3.430982,1.502056,1.436959,3.541356,1.704691,1.460896,
3.430495,1.499655,1.438354,3.545261,1.709952,1.466187,
3.429766,1.497536,1.439914,3.549011,1.714962,1.471057,
3.42906,1.49556,1.441995,3.552711,1.72038,1.476782,
3.428301,1.493801,1.44437,3.556348,1.726105,1.482646,
3.427424,1.491546,1.447007,3.560055,1.73115,1.488675,
3.426427,1.489598,1.449852,3.563566,1.737045,1.49539,
3.425585,1.487541,1.452976,3.566824,1.742086,1.502238,
3.424034,1.48515,1.457273,3.5697,1.746916,1.50983,
3.422637,1.483014,1.461071,3.572103,1.75244,1.517929,
3.421638,1.48107,1.465311,3.574965,1.757646,1.525804,
3.420482,1.478863,1.470215,3.577433,1.762282,1.53449,
3.419363,1.476843,1.474853,3.579292,1.766897,1.543689,
3.4183,1.475323,1.479655,3.581924,1.772296,1.552087,
3.417204,1.473282,1.484935,3.58402,1.776611,1.561155,
3.416183,1.471711,1.490392,3.586016,1.781461,1.57039,
3.414879,1.469679,1.496285,3.588175,1.786016,1.579349,
3.413498,1.46761,1.502967,3.589969,1.789514,1.588534,
3.411767,1.465955,1.510212,3.591251,1.793255,1.598196,
3.410464,1.464268,1.516837,3.592475,1.796683,1.607572,
3.409426,1.462627,1.524235,3.593877,1.800074,1.617566,
3.408308,1.461342,1.53211,3.594742,1.803559,1.628332,
3.407326,1.460527,1.539915,3.595602,1.807733,1.639074,
3.406111,1.459214,1.548239,3.596335,1.811194,1.649836,
3.404687,1.458137,1.557671,3.596331,1.815458,1.6621,
3.403554,1.456644,1.566391,3.596274,1.81901,1.674297,
3.402126,1.455375,1.576133,3.596181,1.823064,1.687097,
3.400671,1.454335,1.58606,3.594645,1.826984,1.70134,
3.399522,1.452771,1.595704,3.593312,1.830035,1.715407,
3.398128,1.451453,1.605559,3.592304,1.833912,1.72938,
3.396502,1.450337,1.615569,3.589889,1.836667,1.743766,
3.394762,1.448753,1.625406,3.588503,1.839161,1.756592,
3.393057,1.447109,1.635034,3.587493,1.841733,1.769086,
3.391429,1.446047,1.644444,3.587218,1.845006,1.78023,
3.390188,1.444553,1.652229,3.587138,1.847921,1.790305,
3.388296,1.44301,1.660417,3.586335,1.850575,1.800594,
3.38651,1.441695,1.667323,3.585954,1.854198,1.809775,
3.384736,1.439704,1.67411,3.584988,1.857022,1.819437,
3.382905,1.437929,1.679407,3.583799,1.86001,1.82824,
3.38107,1.436578,1.685413,3.582316,1.863285,1.837932,
3.379102,1.434616,1.690734,3.581157,1.866087,1.846826,
3.377362,1.432505,1.696318,3.580282,1.868574,1.855589,
3.375691,1.431019,1.700814,3.579158,1.871149,1.863657,
3.374219,1.428732,1.706178,3.578821,1.872533,1.870961,
3.372577,1.42681,1.711743,3.578232,1.874001,1.878309,
3.370941,1.425294,1.717765,3.578648,1.875558,1.884161,
3.369506,1.423401,1.723423,3.578513,1.876684,1.890949,
3.368033,1.421717,1.728895,3.578506,1.877764,1.897024,
3.366762,1.420369,1.734037,3.578184,1.878385,1.902813,
3.365517,1.418523,1.73884,3.578042,1.873196,1.90131,
3.364451,1.417168,1.743387,3.576062,1.869002,1.903737,
3.363429,1.416221,1.74759,3.577861,1.873437,1.908356,
3.362787,1.415044,1.751184,3.580426,1.874376,1.909769,
3.36159,1.413968,1.75489,3.582106,1.875934,1.912515,
3.360785,1.41306,1.758438,3.580661,1.874108,1.915707,
3.359964,1.411562,1.761889,3.581944,1.874261,1.917887,
3.359278,1.410737,1.765129,3.582676,1.873622,1.919393,
3.358482,1.41037,1.768426,3.583548,1.87527,1.922113,
3.357589,1.409212,1.771695,3.584087,1.874689,1.923209,
3.356572,1.408254,1.775053,3.58513,1.872616,1.921991,
3.355439,1.407363,1.77838,3.588082,1.869532,1.917005,
3.35403,1.405415,1.781521,3.593304,1.869405,1.911736,
3.352821,1.403953,1.784643,3.596068,1.866321,1.907174,
3.351437,1.403002,1.78744,3.597687,1.863091,1.903295,
3.349962,1.401059,1.78998,3.595319,1.8549,1.900605,
3.348725,1.399818,1.792639,3.592891,1.848336,1.899244,
3.347535,1.398903,1.794777,3.589113,1.842726,1.899754,
3.346136,1.397343,1.7966,3.583874,1.835808,1.900866,
3.34514,1.39631,1.798611,3.57978,1.829247,1.901024,
3.344137,1.395812,1.800677,3.573823,1.819886,1.900206,
3.343202,1.394811,1.802213,3.568604,1.810131,1.898159,
3.342554,1.394297,1.803859,3.56332,1.800253,1.896288,
3.342165,1.394228,1.805134,3.557771,1.790245,1.893741,
3.341613,1.393663,1.806537,3.55392,1.781034,1.890129,
3.341122,1.393331,1.807802,3.550274,1.771999,1.886254,
3.340603,1.393083,1.809084,3.546353,1.762904,1.882316,
3.340105,1.392186,1.81021,3.541749,1.753241,1.879499,
3.339481,1.391453,1.811316,3.53562,1.742743,1.877566,
3.338579,1.390899,1.812549,3.52884,1.732368,1.875937,
3.338099,1.389895,1.813337,3.52204,1.721696,1.875004,
3.337283,1.389109,1.814309,3.51393,1.709973,1.874293,
3.336459,1.388819,1.815271,3.506203,1.699421,1.873259,
3.335763,1.388048,1.816149,3.498454,1.687845,1.872045,
3.334983,1.387632,1.817114,3.490893,1.6766,1.870636,
3.33426,1.387632,1.818288,3.483545,1.666711,1.869319,
3.333583,1.387481,1.819406,3.476146,1.655456,1.867682,
3.332908,1.387638,1.820741,3.469152,1.645297,1.866471,
3.332144,1.388019,1.822321,3.462091,1.636297,1.865772,
3.331485,1.388622,1.823704,3.454948,1.6271,1.865211,
3.331061,1.389562,1.825055,3.448148,1.618813,1.86487,
3.330862,1.391296,1.826264,3.441495,1.611899,1.864662,
3.330406,1.392561,1.827344,3.434958,1.604507,1.864071,
3.330068,1.394363,1.828999,3.428927,1.597878,1.863495,
3.329801,1.396814,1.83043,3.422655,1.592314,1.863521,
3.329655,1.399232,1.831743,3.416343,1.586468,1.863662,
3.329489,1.402099,1.833076,3.410094,1.581141,1.8636,
3.329378,1.405552,1.83479,3.404455,1.578164,1.863958,
3.329374,1.408982,1.83695,3.39863,1.574385,1.865056,
3.329285,1.413119,1.839054,3.393126,1.571682,1.865792,
3.329026,1.417808,1.841359,3.387948,1.570511,1.86639,
3.329621,1.423168,1.843069,3.382673,1.567859,1.866659,
3.329891,1.428657,1.845521,3.377782,1.566486,1.867213,
3.330086,1.43461,1.848139,3.373734,1.566461,1.867085,
3.331216,1.441533,1.849641,3.369116,1.56454,1.866523,
3.331268,1.448327,1.852943,3.365534,1.564573,1.865778,
3.331372,1.455716,1.856091,3.363219,1.565899,1.863227,
3.33195,1.463708,1.859405,3.358839,1.561971,1.861621,
3.33195,1.472169,1.863766,3.357226,1.56295,1.858446,
3.332109,1.480845,1.868066,3.355196,1.564027,1.855453,
3.332221,1.489226,1.872614,3.354641,1.566294,1.851671,
3.333121,1.498589,1.876515,3.354542,1.569089,1.847559,
3.333652,1.507803,1.881004,3.355006,1.572111,1.842767,
3.335202,1.517525,1.884372,3.356062,1.575065,1.837442,
3.336991,1.527774,1.887588,3.356565,1.578524,1.832856,
3.339149,1.538358,1.890687,3.357183,1.582517,1.828499,
3.341756,1.548947,1.893525,3.357756,1.585529,1.824162,
3.344417,1.559877,1.89574,3.357961,1.588818,1.819709,
3.347511,1.571261,1.897732,3.354945,1.589314,1.817408,
3.349939,1.581654,1.900445,3.355212,1.591614,1.812578,
3.355706,1.595992,1.900271,3.354772,1.594371,1.808702,
3.35884,1.607023,1.901466,3.354294,1.596846,1.804065,
3.361803,1.617647,1.902992,3.353742,1.598335,1.799609,
3.367267,1.631184,1.901902,3.352135,1.599952,1.795954,
3.370473,1.642045,1.902941,3.350862,1.602076,1.792458,
3.373429,1.652424,1.90382,3.349398,1.602976,1.788719,
3.377895,1.664159,1.903468,3.347412,1.603989,1.785984,
3.38108,1.674795,1.903756,3.346417,1.604587,1.781451,
3.384355,1.684622,1.903732,3.346382,1.605821,1.776906,
3.388019,1.695402,1.903543,3.346503,1.606995,1.772041,
3.390966,1.705863,1.903667,3.346637,1.608836,1.767378,
3.393857,1.715496,1.903675,3.347009,1.609337,1.762161,
3.396557,1.725053,1.903641,3.347141,1.610235,1.757282,
3.399242,1.73459,1.904101,3.347055,1.610912,1.752854,
3.401637,1.743598,1.904554,3.34675,1.610698,1.748463,
3.403847,1.752614,1.904905,3.346484,1.610437,1.743735,
3.406182,1.761542,1.906008,3.346631,1.610798,1.73976,
3.408558,1.770321,1.907195,3.346646,1.609642,1.734979,
3.410293,1.778712,1.908236,3.346919,1.609052,1.729777,
3.412144,1.786826,1.910186,3.347916,1.608609,1.724632,
3.413615,1.794587,1.911995,3.348653,1.607322,1.719008,
3.41486,1.802078,1.913741,3.349636,1.606318,1.713202,
3.4161,1.809356,1.915833,3.351217,1.605529,1.707106,
3.41721,1.816554,1.917815,3.352731,1.603778,1.700344,
3.417773,1.823103,1.91977,3.354377,1.602307,1.693426,
3.418509,1.829971,1.922268,3.35601,1.601542,1.687548,
3.419324,1.836636,1.924168,3.357824,1.599652,1.680617,
3.419275,1.842491,1.925752,3.359363,1.597982,1.673438,
3.41941,1.848302,1.927785,3.361189,1.597274,1.667305,
3.419444,1.853823,1.92967,3.362616,1.595354,1.661005,
3.418927,1.859015,1.931418,3.363856,1.594078,1.654774,
3.418533,1.864397,1.93321,3.363874,1.592464,1.650002,
3.418321,1.869546,1.935462,3.363334,1.59038,1.646509,
3.417496,1.874589,1.937871,3.362641,1.588535,1.642693,
3.416864,1.879783,1.94021,3.360868,1.58696,1.640398,
3.416639,1.885213,1.942477,3.358657,1.584957,1.638734,
3.416127,1.890378,1.944189,3.355879,1.583402,1.637539,
3.415803,1.895463,1.946026,3.352467,1.581166,1.63712,
3.415766,1.901066,1.947811,3.348641,1.579051,1.637236,
3.415788,1.906426,1.949026,3.345445,1.577192,1.636476,
3.416126,1.911964,1.950164,3.342236,1.576044,1.636371,
3.416978,1.917747,1.951487,3.338295,1.574001,1.637264,
3.417877,1.923531,1.952434,3.334407,1.572426,1.638201,
3.419092,1.929634,1.95317,3.329919,1.570762,1.639793,
3.420911,1.935975,1.953637,3.324898,1.568542,1.642144,
3.423036,1.942735,1.953192,3.319958,1.566815,1.644076,
3.425129,1.949151,1.952973,3.314804,1.564943,1.646532,
3.427472,1.956056,1.952516,3.309499,1.563124,1.648871,
3.430227,1.96331,1.95119,3.303751,1.561315,1.651452,
3.432573,1.970043,1.950376,3.297948,1.55927,1.654377,
3.434985,1.976855,1.949346,3.292407,1.557284,1.656905,
3.437315,1.983802,1.947871,3.28668,1.555468,1.65925,
3.439325,1.990471,1.946758,3.280771,1.554617,1.662536,
3.441509,1.99733,1.945779,3.275584,1.553869,1.665218,
3.442967,2.003695,1.944031,3.286306,1.573652,1.657643,
3.444418,2.00966,1.942832,3.282551,1.57627,1.660153,
3.445994,2.016221,1.941683,3.275953,1.575989,1.664425,
3.44721,2.022453,1.940413,3.269909,1.576394,1.66819,
3.448218,2.028802,1.939195,3.263103,1.577217,1.672977,
3.449098,2.034919,1.938712,3.256783,1.57794,1.677554,
3.449478,2.040428,1.93751,3.250829,1.579745,1.681864,
3.449859,2.045917,1.936649,3.244057,1.581131,1.687233,
3.449942,2.051336,1.935539,3.237462,1.582734,1.691956,
3.449299,2.055989,1.934252,3.230488,1.584961,1.697189,
3.448695,2.060414,1.932712,3.222843,1.586375,1.702966,
3.448601,2.06487,1.930796,3.216448,1.588265,1.707632,
3.447791,2.069171,1.928653,3.209895,1.590715,1.711806,
3.44697,2.073067,1.926126,3.203723,1.593145,1.715511,
3.446129,2.076664,1.923165,3.197946,1.596122,1.718849,
3.445041,2.080162,1.919797,3.192545,1.599045,1.721107,
3.443867,2.083283,1.91638,3.187534,1.601957,1.723228,
3.442715,2.086758,1.913802,3.182881,1.604851,1.725286,
3.441009,2.089394,1.910338,3.178384,1.608325,1.726998,
3.439412,2.091901,1.907907,3.174295,1.611465,1.72935,
3.437666,2.094201,1.905461,3.170369,1.614439,1.731608,
3.435948,2.096714,1.903394,3.166154,1.61782,1.734791,
3.43424,2.098848,1.902109,3.161928,1.620937,1.739023,
3.432888,2.101432,1.901218,3.158328,1.624129,1.742853,
3.431036,2.103547,1.90038,3.155259,1.627766,1.746127,
3.42923,2.105483,1.900736,3.152061,1.630831,1.750397,
3.427762,2.107342,1.9014,3.149123,1.633475,1.754599,
3.425796,2.109071,1.902131,3.146561,1.636746,1.75816,
3.423913,2.110387,1.902861,3.144036,1.638772,1.760994,
3.421944,2.111649,1.903198,3.142379,1.640514,1.762252,
3.419901,2.112896,1.90312,3.140365,1.642878,1.763567,
3.417912,2.114058,1.902867,3.138515,1.644127,1.763448,
3.415732,2.114772,1.902047,3.136931,1.645274,1.763085,
3.413396,2.115418,1.900489,3.134757,1.645846,1.762063,
3.411096,2.115968,1.899038,3.13241,1.646168,1.761389,
3.408685,2.11633,1.897337,3.129874,1.646063,1.760623,
3.406118,2.116391,1.895137,3.116498,1.634525,1.767514,
3.403616,2.116281,1.893708,3.117073,1.63849,1.765366,
3.400846,2.115706,1.892023,3.112101,1.636023,1.767051,
3.397963,2.115175,1.890589,3.107178,1.633623,1.768998,
3.394684,2.113855,1.889682,3.102852,1.631646,1.771066,
3.391352,2.112297,1.888529,3.09638,1.62779,1.774888,
3.387764,2.110774,1.887609,3.09022,1.624587,1.778468,
3.384015,2.108828,1.88719,3.08349,1.620828,1.782984,
3.379999,2.1067,1.886639,3.075815,1.616505,1.787992,
3.375862,2.104485,1.886078,3.067905,1.612433,1.793253,
3.371605,2.10193,1.885831,3.059304,1.607764,1.799237,
3.367107,2.099335,1.885435,3.050519,1.60324,1.805243,
3.362277,2.096483,1.8851,3.041838,1.599406,1.811092,
3.357289,2.093517,1.885227,3.033076,1.595129,1.817028,
3.352165,2.090198,1.885189,3.023629,1.590528,1.823629,
3.346935,2.087136,1.885238,3.014452,1.586903,1.830234,
3.341379,2.083765,1.885709,3.004598,1.5827,1.837463,
3.335855,2.080299,1.88567,2.994787,1.578694,1.844501,
3.329913,2.076861,1.886097,2.985494,1.575558,1.851327,
3.323774,2.073302,1.8867,2.975624,1.571797,1.85849,
3.317669,2.069537,1.887015,2.965636,1.568213,1.865922,
3.31118,2.065755,1.887616,2.956142,1.565516,1.873028,
3.304368,2.061544,1.8884,2.946314,1.562048,1.88024,
3.297523,2.057406,1.889423,2.93643,1.558807,1.887676,
3.290264,2.053256,1.890848,2.927041,1.556381,1.89482,
3.282476,2.048693,1.892538,2.917274,1.55329,1.902047,
3.274785,2.044321,1.894446,2.907977,1.550656,1.909008,
3.266936,2.039955,1.896659,2.898397,1.547945,1.916312,
3.258679,2.035311,1.899181,2.889,1.545108,1.923377,
3.25052,2.031021,1.901868,2.879682,1.542354,1.93042,
3.242116,2.026761,1.904683,2.87038,1.539822,1.937199,
3.23336,2.02231,1.90803,2.861345,1.537063,1.943898,
3.224958,2.018109,1.911007,2.852113,1.534384,1.950764,
3.2162,2.013947,1.914224,2.843291,1.532464,1.957258,
3.207228,2.009611,1.91755,2.834792,1.529824,1.963113,
3.198545,2.005558,1.9206,2.825792,1.527346,1.969558,
3.189706,2.001773,1.923691,2.817068,1.525218,1.975474,
3.181128,1.997864,1.926874,2.808741,1.52268,1.981372,
3.172395,1.994302,1.929657,2.800287,1.520049,1.986807,
3.164166,1.991041,1.932639,2.791922,1.517919,1.992819,
3.156115,1.987941,1.935621,2.784057,1.515423,1.998093,
3.14786,1.984969,1.937866,2.77558,1.512917,2.003514,
3.139821,1.981952,1.940085,2.767591,1.511166,2.00871,
3.132098,1.978926,1.942041,2.759397,1.509198,2.014332,
3.124398,1.976081,1.943534,2.750846,1.507007,2.019937,
3.117092,1.973675,1.944776,2.742385,1.505193,2.025434,
3.11022,1.97135,1.945343,2.733993,1.503304,2.030561,
3.103164,1.968941,1.945855,2.725314,1.501228,2.035939,
3.096252,1.966633,1.945802,2.717185,1.499845,2.040595,
3.089554,1.964284,1.945596,2.709288,1.498251,2.044756,
3.082738,1.962091,1.945338,2.700603,1.496277,2.049651,
3.076147,1.960082,1.944695,2.691865,1.494369,2.054293,
3.069859,1.957932,1.944572,2.683946,1.492936,2.05858,
3.063715,1.958037,1.945427,2.675403,1.491192,2.063375,
3.056046,1.954436,1.947115,2.667146,1.4898,2.068403,
3.049742,1.952628,1.948006,2.659861,1.489068,2.072715,
3.043391,1.950974,1.949106,2.651762,1.488057,2.078138,
3.037242,1.949684,1.951652,2.644012,1.487934,2.084347,
3.030941,1.948061,1.954923,2.636451,1.488367,2.090775,
3.02463,1.945581,1.957134,2.628459,1.488536,2.097566,
3.019703,1.945859,1.958991,2.620471,1.488982,2.104239,
3.013335,1.944587,1.963122,2.612831,1.489834,2.111339,
3.006827,1.942979,1.965755,2.604604,1.48997,2.118265,
3.000816,1.942231,1.967968,2.596881,1.490463,2.124353,
2.994309,1.941194,1.971145,2.589568,1.491096,2.130019,
2.987733,1.939794,1.97304,2.581473,1.490499,2.135604,
2.981777,1.939471,1.97379,2.573885,1.490719,2.139805,
2.975309,1.938736,1.975522,2.567082,1.490643,2.143144,
2.968676,1.937573,1.97662,2.559135,1.489458,2.147333,
2.962262,1.937103,1.977734,2.551782,1.489276,2.151079,
2.955793,1.936152,1.979401,2.544451,1.488297,2.154761,
2.949199,1.934918,1.980719,2.536598,1.486589,2.158943,
2.943001,1.934373,1.982066,2.529214,1.485507,2.162739,
2.936446,1.93305,1.984369,2.522559,1.484017,2.166029,
2.930219,1.931873,1.985763,2.51543,1.482042,2.169779,
2.924425,1.931377,1.987387,2.508032,1.479756,2.173831,
2.91836,1.930447,1.989478,2.502282,1.478725,2.176323,
2.912641,1.929482,1.990917,2.496476,1.477345,2.179095,
2.906892,1.928774,1.992333,2.490067,1.476108,2.182384,
2.901108,1.928028,1.993734,2.484847,1.47578,2.184368,
2.895533,1.927338,1.995149,2.4795,1.476032,2.187041,
2.889993,1.926974,1.996716,2.473933,1.476331,2.190033,
2.884455,1.926517,1.998335,2.469193,1.477584,2.192174,
2.87882,1.926083,2.000406,2.463679,1.477877,2.19545,
2.873094,1.925628,2.002847,2.459241,1.478886,2.197798,
2.867996,1.925461,2.004882,2.454433,1.479421,2.200606,
2.862478,1.925197,2.007009,2.449375,1.47935,2.203517,
2.856949,1.924766,2.009315,2.445729,1.479733,2.205183,
2.851783,1.924456,2.010994,2.442155,1.479526,2.206497,
2.846415,1.924008,2.012773,2.438405,1.478452,2.207992,
2.841255,1.923739,2.014105,2.434787,1.477728,2.209189,
2.836112,1.923246,2.014887,2.432743,1.476349,2.208434,
2.830805,1.922583,2.015967,2.430301,1.474756,2.208475,
2.826005,1.922504,2.016519,2.428188,1.473495,2.207999,
2.821485,1.922597,2.017033,2.428033,1.472403,2.205315,
2.816584,1.922505,2.018,2.427382,1.470408,2.203469,
2.811812,1.922402,2.018998,2.426955,1.469145,2.201418,
2.806825,1.921908,2.019735,2.42772,1.466545,2.197747,
2.801708,1.921452,2.020696,2.427209,1.464141,2.195873,
2.796589,1.921085,2.021406,2.427102,1.46148,2.19342,
2.791231,1.920294,2.022196,2.428019,1.459086,2.190047,
2.785859,1.919679,2.023345,2.428368,1.456231,2.187473,
2.78046,1.919064,2.024667,2.428363,1.45355,2.18532,
2.775049,1.918097,2.025615,2.429063,1.451496,2.182168,
2.769375,1.916997,2.026741,2.42899,1.449162,2.179869,
2.763825,1.915849,2.027388,2.428908,1.44709,2.177531,
2.758507,1.914632,2.027208,2.42954,1.446126,2.173852,
2.752748,1.913295,2.027603,2.429672,1.444262,2.17116,
2.746983,1.911855,2.027288,2.430995,1.443028,2.167005,
2.74149,1.910217,2.026361,2.432139,1.441048,2.163085,
2.735352,1.90851,2.025696,2.433615,1.438912,2.158483,
2.729556,1.906698,2.024319,2.43618,1.437411,2.152419,
2.723514,1.904536,2.022875,2.437362,1.433772,2.148828,
2.717391,1.902536,2.022113,2.439579,1.431588,2.143702,
2.71139,1.900569,2.021042,2.442293,1.429809,2.138005,
2.705179,1.898038,2.019905,2.444617,1.427212,2.133236,
2.698972,1.895642,2.019728,2.447335,1.425332,2.12834,
2.693145,1.893282,2.019331,2.450109,1.423735,2.123579,
2.687276,1.890781,2.019659,2.45371,1.421985,2.118901,
2.680931,1.888077,2.02175,2.452489,1.417198,2.122834,
2.674937,1.885368,2.024078,2.462939,1.423299,2.108355,
2.668583,1.88207,2.027055,2.466582,1.421153,2.105827,
2.6617,1.878805,2.03168,2.470037,1.419332,2.103798,
2.655867,1.875643,2.035543,2.47392,1.418964,2.101394,
2.649709,1.872191,2.039649,2.477361,1.417539,2.099828,
2.644689,1.868961,2.042155,2.480372,1.416864,2.098678,
2.638621,1.865559,2.045512,2.483776,1.416359,2.096661,
2.632921,1.862002,2.047633,2.487436,1.415998,2.093743,
2.627195,1.858859,2.04955,2.490847,1.416087,2.091259,
2.621002,1.85519,2.051326,2.495032,1.416466,2.087002,
2.614628,1.851549,2.053188,2.498743,1.416293,2.083549,
2.608329,1.847575,2.055216,2.502128,1.416423,2.080591,
2.602061,1.843673,2.056945,2.505504,1.416917,2.077337,
2.595604,1.839514,2.058903,2.508692,1.417635,2.074604,
2.589138,1.835309,2.061322,2.511965,1.418932,2.072066,
2.582353,1.831075,2.064389,2.515243,1.420713,2.06973,
2.575762,1.82684,2.067788,2.518568,1.422536,2.067914,
2.568821,1.822452,2.071705,2.521558,1.425024,2.0665,
2.561773,1.818004,2.076217,2.524653,1.42685,2.06544,
2.55459,1.81363,2.081151,2.527431,1.428674,2.064798,
2.547233,1.809139,2.086418,2.529797,1.430684,2.064659,
2.539812,1.804498,2.091733,2.532102,1.432416,2.06439,
2.532186,1.799986,2.097331,2.533739,1.433585,2.065041,
2.524177,1.795162,2.103346,2.534652,1.435112,2.066302,
2.515874,1.790446,2.109449,2.535237,1.43707,2.067268,
2.507496,1.785428,2.115453,2.535024,1.438454,2.068962,
2.498777,1.780258,2.122076,2.534735,1.440336,2.0708,
2.489775,1.775278,2.12873,2.534042,1.441949,2.072638,
2.4807,1.769909,2.135333,2.532344,1.442328,2.075359,
2.471461,1.764566,2.14221,2.530127,1.443026,2.078489,
2.462094,1.759419,2.149153,2.527796,1.443268,2.081581,
2.452803,1.754049,2.156262,2.525029,1.443203,2.085129,
2.443166,1.748603,2.163791,2.521116,1.442799,2.089832,
2.43347,1.743315,2.1713,2.51681,1.442277,2.094532,
2.423432,1.737811,2.17922,2.511908,1.441369,2.099977,
2.413133,1.732293,2.187709,2.505512,1.440286,2.107204,
2.402911,1.726888,2.195928,2.498735,1.438912,2.114576,
2.3926,1.72141,2.204511,2.491244,1.43717,2.122947,
2.381939,1.715761,2.213375,2.48317,1.435704,2.131608,
2.371359,1.710126,2.222172,2.473257,1.433347,2.142394,
2.360954,1.704687,2.231048,2.464179,1.430818,2.152333,
2.350431,1.699198,2.240398,2.453166,1.428034,2.164499,
2.339947,1.693902,2.249995,2.442408,1.424195,2.177281,
2.329559,1.688934,2.259969,2.430772,1.419756,2.19192,
2.319493,1.684186,2.270104,2.417829,1.415039,2.20823,
2.309923,1.680127,2.280278,2.405254,1.409911,2.22522,
2.30121,1.676768,2.290706,2.393218,1.405321,2.242156,
2.291693,1.673462,2.302017,2.379526,1.399917,2.262422,
2.282219,1.670534,2.31308,2.365411,1.394784,2.285305,
2.273651,1.667903,2.323277,2.351253,1.390115,2.310371,
2.265576,1.665532,2.33295,2.337134,1.385936,2.336095,
2.258122,1.663277,2.341912,2.321779,1.382583,2.368321,
2.250818,1.661357,2.350462,2.305608,1.380329,2.403346,
2.243858,1.65937,2.358433,2.287782,1.379178,2.442819,
2.237887,1.657716,2.36515,2.270001,1.378622,2.484064,
2.231585,1.655738,2.372135,2.249105,1.377983,2.533682,
2.225477,1.653358,2.378344,2.225693,1.37746,2.589056,
2.220353,1.650812,2.383049,2.200493,1.375101,2.651182,
2.215621,1.648189,2.387415,2.173369,1.372038,2.714951,
2.211102,1.645302,2.390641,2.136827,1.364884,2.791289,
2.207345,1.642356,2.392792,2.091106,1.353898,2.86985,
2.203219,1.639627,2.39526,2.039095,1.335446,2.941492,
2.198919,1.637011,2.397349,1.995947,1.313309,2.991786,
2.194496,1.634145,2.399116,1.95977,1.289339,3.016033,
2.189706,1.631656,2.40135,1.924822,1.270403,3.031239,
2.18468,1.62961,2.404456,1.891482,1.25696,3.062041,
2.180119,1.62853,2.407097,1.844482,1.216508,3.003783,
2.175761,1.628213,2.40855,1.857501,1.246108,2.980918,
2.172079,1.628303,2.407365,1.872239,1.22688,2.986614,
2.16869,1.628602,2.405358,1.877235,1.208208,2.986042,
2.165517,1.627963,2.40214,1.893032,1.270284,2.949433,
2.1626,1.627056,2.397908,1.851127,1.286693,2.958255,
2.160142,1.626651,2.393161,1.811877,1.296119,2.960042,
2.15666,1.625788,2.390656,1.77416,1.300891,2.960374,
2.153691,1.625402,2.388077,1.753045,1.300224,2.951929,
2.151417,1.625683,2.384999,1.734546,1.298102,2.945131,
2.149085,1.625525,2.382389,1.71633,1.282759,2.942949,
2.146822,1.624973,2.380187,1.69931,1.274085,2.937472,
2.144777,1.62455,2.3782,1.687341,1.260359,2.929158,
2.142664,1.623863,2.376286,1.668777,1.249807,2.925319,
2.140705,1.622986,2.374711,1.653173,1.242738,2.91843,
2.138853,1.62202,2.373231,1.640579,1.233996,2.909591,
2.136895,1.621245,2.371824,1.626689,1.229442,2.900825,
2.134907,1.620509,2.370824,1.612649,1.224924,2.891397,
2.133285,1.620327,2.369133,1.601392,1.223098,2.880689,
2.131176,1.620149,2.367335,1.592665,1.223711,2.866482,
2.129097,1.619936,2.365297,1.584362,1.223024,2.85393,
2.127123,1.620109,2.362744,1.579189,1.224876,2.838623,
2.124931,1.620371,2.360628,1.576444,1.226486,2.822474,
2.122801,1.620545,2.358619,1.575371,1.229528,2.805704,
2.120861,1.621114,2.356458,1.574109,1.233786,2.790525,
2.118688,1.62156,2.355126,1.576969,1.237497,2.773363,
2.116526,1.62188,2.354032,1.579831,1.241458,2.756835,
2.114283,1.622308,2.353322,1.584879,1.245232,2.739797,
2.112303,1.62272,2.352284,1.590145,1.250189,2.722342,
2.110358,1.62307,2.351204,1.59652,1.256232,2.704044,
2.10854,1.623557,2.350095,1.602933,1.263647,2.686211,
2.106725,1.624085,2.348812,1.609669,1.272237,2.667818,
2.10494,1.624602,2.347436,1.617236,1.280723,2.649489,
2.103547,1.625457,2.345397,1.625094,1.288537,2.631927,
2.10168,1.626061,2.343638,1.634404,1.295495,2.613859,
2.100017,1.626388,2.341869,1.644104,1.303204,2.595262,
2.098435,1.626712,2.339387,1.653509,1.30925,2.578333,
2.097039,1.627072,2.337267,1.661974,1.317282,2.561782,
2.095567,1.627296,2.335055,1.669896,1.325086,2.546339,
2.094345,1.627453,2.332832,1.678666,1.331828,2.531065,
2.09312,1.627407,2.330702,1.685462,1.337145,2.518887,
2.092246,1.627141,2.32853,1.693291,1.342478,2.505736,
2.091611,1.626906,2.326356,1.70098,1.346283,2.493809,
2.09114,1.62651,2.323865,1.705423,1.349622,2.485421,
2.090873,1.625992,2.321224,1.711128,1.354813,2.474758,
2.09117,1.625653,2.31821,1.71436,1.356749,2.468539,
2.091246,1.625337,2.315439,1.715118,1.359868,2.464201,
2.091534,1.624895,2.312961,1.715952,1.363325,2.45976,
2.091999,1.625054,2.310282,1.716214,1.364389,2.457386,
2.092566,1.625388,2.307573,1.711404,1.363794,2.461188,
2.093256,1.62582,2.305051,1.709805,1.36475,2.461099,
2.09411,1.626361,2.302578,1.70571,1.360729,2.466596,
2.094827,1.627122,2.300296,1.700182,1.356173,2.474243,
2.095574,1.627969,2.29873,1.697556,1.353473,2.478263,
2.096671,1.629009,2.296974,1.694387,1.345233,2.486429,
2.097567,1.630266,2.295179,1.690505,1.338006,2.494638,
2.098372,1.631502,2.293997,1.688616,1.332977,2.499931,
2.099286,1.632868,2.292583,1.687609,1.323757,2.507283,
2.100053,1.634257,2.291399,1.68547,1.317091,2.514395,
2.100717,1.635497,2.29053,1.684816,1.312968,2.518522,
2.101407,1.637031,2.290033,1.683317,1.306101,2.526126,
2.101906,1.638328,2.289529,1.681377,1.302457,2.531944,
2.102326,1.6393,2.289335,1.680625,1.30096,2.535188,
2.102598,1.640512,2.289484,1.678341,1.297064,2.542289,
2.102809,1.641607,2.289273,1.675858,1.29712,2.546492,
2.102775,1.642662,2.289362,1.674182,1.296503,2.550378,
2.10275,1.643557,2.28875,1.670675,1.297142,2.555191,
2.102742,1.644623,2.287857,1.668402,1.297806,2.558451,
2.102718,1.645589,2.286932,1.666348,1.298401,2.561487,
2.102345,1.646756,2.285277,1.663235,1.299997,2.564372,
2.101922,1.647946,2.283978,1.661452,1.301014,2.566447,
2.101248,1.649171,2.283196,1.660243,1.302251,2.568114,
2.100446,1.650422,2.282975,1.658492,1.303733,2.570817,
2.099465,1.651865,2.28332,1.658088,1.305364,2.572484,
2.098372,1.65329,2.284196,1.657083,1.306669,2.575452,
2.097208,1.655065,2.286088,1.656344,1.30885,2.578751,
2.095623,1.656765,2.287631,1.656075,1.311845,2.580132,
2.093796,1.658452,2.289705,1.655745,1.314957,2.582055,
2.091825,1.660296,2.292226,1.655326,1.319104,2.583504,
2.089442,1.662265,2.294642,1.654435,1.323549,2.584946,
2.086342,1.664327,2.298005,1.653966,1.328905,2.585315,
2.083336,1.666081,2.300601,1.652644,1.335041,2.585173,
2.080332,1.668084,2.301832,1.652115,1.341363,2.582726,
2.076706,1.670177,2.302652,1.651057,1.347252,2.580336,
2.07315,1.671973,2.30243,1.649557,1.354704,2.576331,
2.069537,1.673839,2.302567,1.649115,1.362023,2.572124,
2.065357,1.675587,2.302364,1.648349,1.368867,2.56739,
2.061055,1.677388,2.302204,1.647083,1.377524,2.562143,
2.056659,1.679196,2.302069,1.64675,1.385186,2.556461,
2.052027,1.680905,2.301968,1.645781,1.393036,2.551226,
2.047132,1.683137,2.302183,1.644295,1.401487,2.546468,
2.041963,1.685113,2.303169,1.642928,1.409703,2.542062,
2.036325,1.686909,2.3054,1.641493,1.417656,2.538312,
2.031418,1.689218,2.306544,1.638667,1.426101,2.535865,
2.025824,1.691283,2.308854,1.636093,1.434319,2.533762,
2.019561,1.693293,2.312547,1.633023,1.442265,2.532752,
2.013622,1.695087,2.316133,1.627964,1.450154,2.533887,
2.007684,1.697204,2.319677,1.624672,1.457868,2.53363,
2.001595,1.699286,2.323464,1.620988,1.465294,2.533934,
1.995181,1.701541,2.327304,1.616657,1.472309,2.534687,
1.988847,1.703923,2.330959,1.612294,1.479116,2.535653,
1.982079,1.706406,2.335,1.608392,1.486082,2.535692,
1.975714,1.709582,2.337415,1.603632,1.491992,2.536675,
1.969001,1.712261,2.340784,1.599095,1.498109,2.537721,
1.962391,1.714782,2.343668,1.594758,1.504005,2.538303,
1.955422,1.717844,2.346104,1.590789,1.50943,2.537975,
1.948457,1.72072,2.348741,1.585736,1.514353,2.53934,
1.940986,1.723528,2.352241,1.580779,1.519019,2.540648,
1.933805,1.726698,2.354507,1.575833,1.523557,2.541459,
1.926419,1.729831,2.356859,1.570768,1.528192,2.54235,
1.918408,1.732949,2.359951,1.565493,1.532661,2.543205,
1.910687,1.736238,2.362309,1.560413,1.537086,2.54393,
1.903087,1.739625,2.364374,1.555085,1.541829,2.544667,
1.894893,1.742928,2.36732,1.554819,1.552936,2.536736,
1.887158,1.746627,2.369339,1.54906,1.558509,2.537443,
1.879032,1.750208,2.371696,1.545028,1.559367,2.539803,
1.870574,1.753875,2.374752,1.539526,1.565391,2.540336,
1.861506,1.757422,2.378104,1.532619,1.571969,2.541842,
1.852849,1.761364,2.380849,1.526489,1.577495,2.543804,
1.843788,1.765439,2.383833,1.519964,1.583542,2.545779,
1.833994,1.769637,2.38747,1.512117,1.590963,2.548457,
1.82416,1.774268,2.390366,1.505131,1.597539,2.5509,
1.813597,1.779045,2.393838,1.497532,1.60416,2.55403,
1.803137,1.784015,2.396445,1.489589,1.611902,2.556904,
1.792111,1.7889,2.398235,1.48222,1.619513,2.558723,
1.780751,1.793616,2.399935,1.474843,1.626857,2.560608,
1.769466,1.798581,2.400886,1.46715,1.634831,2.562526,
1.758418,1.803488,2.400769,1.459911,1.642146,2.564251,
1.747081,1.808227,2.400525,1.452203,1.650171,2.566036,
1.736331,1.812872,2.399565,1.445191,1.657631,2.567793,
1.725535,1.817666,2.398366,1.438038,1.665311,2.569913,
1.714469,1.822486,2.395995,1.431136,1.672994,2.570819,
1.703571,1.827676,2.393454,1.423928,1.680699,2.572795,
1.692558,1.832996,2.390369,1.417452,1.687553,2.574457,
1.681898,1.838476,2.386125,1.410543,1.69468,2.576447,
1.67054,1.844156,2.38348,1.403368,1.702614,2.579116,
1.659985,1.849887,2.380222,1.396343,1.710161,2.58229,
1.649711,1.855538,2.377128,1.38943,1.71803,2.58608,
1.639972,1.860825,2.373868,1.382415,1.72632,2.590209,
1.630156,1.865806,2.371083,1.37597,1.734501,2.594346,
1.620188,1.870957,2.368524,1.370253,1.742018,2.598341,
1.610741,1.876122,2.36574,1.364235,1.749971,2.60242,
1.6013,1.88065,2.364106,1.359632,1.756468,2.606659,
1.592275,1.884735,2.362883,1.35549,1.763148,2.611152,
1.583682,1.88949,2.361295,1.351968,1.769255,2.615803,
1.574743,1.893852,2.360317,1.34908,1.774829,2.620315,
1.566823,1.897067,2.358562,1.346683,1.780916,2.623976,
1.559713,1.901661,2.355035,1.343275,1.787942,2.627458,
1.552085,1.905725,2.351889,1.341201,1.793761,2.630008,
1.544843,1.909523,2.348348,1.339262,1.800458,2.631657,
1.538172,1.914553,2.344033,1.336892,1.807775,2.633296,
1.531277,1.918728,2.340582,1.334713,1.815169,2.634357,
1.524745,1.92315,2.33703,1.3329,1.823278,2.634604,
1.519021,1.927845,2.332651,1.330327,1.831926,2.634535,
1.512387,1.932179,2.329987,1.32838,1.841148,2.633906,
1.50705,1.935789,2.326581,1.326802,1.850699,2.632955,
1.50303,1.939463,2.321823,1.324736,1.860657,2.632052,
1.498268,1.942969,2.318104,1.323218,1.870171,2.630746,
1.493737,1.94611,2.314616,1.321935,1.879005,2.629771,
1.489877,1.949661,2.310444,1.320915,1.886492,2.628822,
1.486327,1.952895,2.306425,1.319673,1.89397,2.628547,
1.483464,1.955974,2.302102,1.318399,1.900099,2.629236,
1.481347,1.959141,2.297107,1.317059,1.90677,2.629827,
1.478859,1.962277,2.292864,1.315913,1.912294,2.631554,
1.476482,1.965765,2.288618,1.314839,1.918189,2.633462,
1.474151,1.969566,2.284464,1.31316,1.92417,2.636059,
1.472002,1.97303,2.280676,1.311717,1.92883,2.639165,
1.470174,1.9767,2.277076,1.310469,1.934399,2.641875,
1.469016,1.980289,2.273317,1.309733,1.939017,2.644188,
1.467582,1.983593,2.270151,1.309207,1.943908,2.6465,
1.466187,1.986841,2.267083,1.309451,1.948769,2.647901,
1.465118,1.990131,2.263761,1.309276,1.953285,2.649387,
1.464109,1.993201,2.260359,1.310093,1.957423,2.64968,
1.463273,1.996209,2.256983,1.310899,1.961183,2.649506,
1.463193,1.999131,2.252898,1.312106,1.96471,2.648797,
1.463169,2.001457,2.249053,1.312982,1.968605,2.648051,
1.463116,2.004117,2.245105,1.313856,1.972523,2.64707,
1.463358,2.006648,2.241044,1.313974,1.976547,2.646411,
1.463533,2.009027,2.23745,1.31364,1.981162,2.64528,
1.463414,2.011446,2.234185,1.3139,1.98528,2.643901,
1.463752,2.013541,2.23084,1.314088,1.989524,2.642623,
1.463836,2.015306,2.228344,1.315346,1.993574,2.64031,
1.463838,2.017031,2.225911,1.316923,1.997273,2.638181,
1.464141,2.018731,2.223392,1.318512,2.000919,2.635182,
1.464336,2.02013,2.221027,1.319929,2.004906,2.631363,
1.465334,2.022548,2.21749,1.320783,2.008531,2.627548,
1.465953,2.023723,2.21489,1.321842,2.012655,2.622602,
1.466112,2.024816,2.212457,1.324262,2.01614,2.617889,
1.466553,2.026452,2.209532,1.326551,2.019197,2.613787,
1.466599,2.027432,2.207203,1.329594,2.021541,2.609631,
1.466536,2.028229,2.204699,1.333614,2.02366,2.603911,
1.466408,2.029331,2.202299,1.338211,2.02489,2.597934,
1.466334,2.029707,2.200278,1.342279,2.026086,2.592973,
1.46646,2.030046,2.198247,1.347658,2.026899,2.586568,
1.466422,2.030421,2.196652,1.352178,2.028508,2.580954,
1.466266,2.030562,2.195982,1.354884,2.030407,2.576212,
1.465988,2.030601,2.195578,1.356508,2.032481,2.571856,
1.465491,2.03076,2.196038,1.356623,2.03438,2.568673,
1.465153,2.03066,2.197004,1.356702,2.036145,2.566378,
1.46486,2.030547,2.197838,1.35686,2.038481,2.5623,
1.464366,2.030525,2.199662,1.35622,2.040173,2.559299,
1.464358,2.030293,2.201763,1.356297,2.041396,2.556548,
1.464229,2.029981,2.204033,1.356517,2.04342,2.553365,
1.464034,2.029614,2.206336,1.357328,2.044133,2.549808,
1.463947,2.029339,2.208025,1.357559,2.045045,2.544886,
1.463948,2.028994,2.20898,1.357452,2.045592,2.53776,
1.463691,2.028624,2.209756,1.35719,2.045594,2.531261,
1.463747,2.028275,2.209803,1.356035,2.045221,2.524566,
1.46398,2.027906,2.209402,1.354676,2.044624,2.517941,
1.464052,2.02766,2.209308,1.353534,2.043397,2.511925,
1.464479,2.027252,2.208725,1.351757,2.041807,2.506207,
1.464967,2.026792,2.208683,1.34985,2.039082,2.501245,
1.465509,2.026466,2.209016,1.347922,2.036579,2.496691,
1.46617,2.026118,2.209271,1.345593,2.034068,2.492134,
1.467068,2.025623,2.209959,1.341927,2.029939,2.489187,
1.467844,2.025197,2.21088,1.339179,2.026328,2.486103,
1.468855,2.02479,2.211997,1.335443,2.021774,2.484157,
1.470061,2.024303,2.213049,1.331151,2.016276,2.483068,
1.471046,2.023464,2.214978,1.326805,2.010302,2.482494,
1.472401,2.022903,2.216187,1.322784,2.004713,2.480953,
1.474107,2.0222,2.218865,1.317846,1.997885,2.482238,
1.475625,2.021114,2.221251,1.313586,1.991222,2.481839,
1.477678,2.020603,2.22267,1.309157,1.98449,2.481281,
1.480017,2.020016,2.224523,1.304073,1.976559,2.481665,
1.481965,2.018889,2.227267,1.2995,1.968865,2.481323,
1.484792,2.018357,2.22864,1.295408,1.961302,2.480659,
1.488143,2.01768,2.230442,1.291795,1.952769,2.48059,
1.490916,2.016031,2.233934,1.287576,1.945126,2.480678,
1.494591,2.015563,2.235652,1.283999,1.936741,2.480887,
1.499304,2.014756,2.237726,1.279273,1.927464,2.483697,
1.503568,2.013483,2.240519,1.274608,1.918523,2.48605,
1.508755,2.012792,2.242522,1.269112,1.908773,2.49031,
1.514251,2.011987,2.244756,1.263649,1.897984,2.495629,
1.520176,2.0107,2.247705,1.258352,1.887532,2.501116,
1.526486,2.00966,2.25023,1.253064,1.877239,2.50694,
1.53317,2.008263,2.2545,1.248532,1.867156,2.513959,
1.540375,2.007297,2.256871,1.244061,1.857061,2.520388,
1.547763,2.0057,2.260118,1.240341,1.847041,2.52686,
1.555584,2.003284,2.263619,1.236345,1.836797,2.534,
,,,,

1.563531,2.001387,2.267184,1.233316,1.826844,2.541634,
1.580149,1.996531,2.274498,1.227722,1.796253,2.5676,
1.597079,1.989942,2.285311,1.228751,1.776365,2.586701,
1.61419,1.982793,2.297388,1.236994,1.747428,2.619873,
1.639923,1.972121,2.317523,1.259583,1.718356,2.656235,
1.671537,1.950954,2.346493,1.283445,1.698636,2.680128,
1.68615,1.939312,2.359959,1.311729,1.680454,2.702084,
1.692951,1.933364,2.364649,1.346402,1.662186,2.722033,
1.711633,1.913352,2.384181,1.387862,1.64435,2.737946,
1.717122,1.906536,2.388059,1.432995,1.628698,2.750486,
1.731659,1.8847,2.410118,1.480105,1.612421,2.761618,
1.735803,1.877596,2.415184,1.527922,1.596078,2.770403,
1.745577,1.854671,2.439988,1.571725,1.580892,2.778461,
1.748107,1.847735,2.448752,1.614617,1.56438,2.78778,
1.752699,1.833282,2.464762,1.635104,1.558135,2.788281,
1.757022,1.812089,2.491024,1.690946,1.535098,2.797614,
1.759337,1.799647,2.504775,1.722698,1.520902,2.803463,
1.759426,1.792334,2.513607,1.736817,1.514214,2.804542,
1.759262,1.773871,2.533442,1.774364,1.494794,2.807371,
1.758417,1.763027,2.544727,1.793682,1.483825,2.808455,
1.757361,1.757208,2.555048,1.808113,1.475731,2.813969,
1.75412,1.740961,2.576698,1.819191,1.468054,2.81791,
1.753001,1.736203,2.585404,1.8228,1.464463,2.822155,
1.748557,1.722262,2.610409,1.832486,1.45401,2.836527,
1.745685,1.713034,2.630215,1.835959,1.447371,2.852076,
1.743368,1.704772,2.647634,1.837439,1.440474,2.867675,
1.742397,1.700464,2.661948,1.834758,1.43282,2.892647,
1.73963,1.689655,2.688101,1.832113,1.426484,2.915719,
1.739004,1.686648,2.69972,1.829699,1.4213,2.948814,
1.736876,1.676398,2.727071,1.825702,1.418245,2.985985,
1.736051,1.669935,2.742213,1.820643,1.418389,3.024231,
1.735824,1.667267,2.751401,1.814267,1.425506,3.071633,
1.733765,1.658343,2.774468,1.803452,1.441046,3.133304,
1.732598,1.655258,2.785711,1.787494,1.46497,3.21552,
1.730242,1.646906,2.803923,1.760041,1.496124,3.303535,
1.729782,1.643791,2.808783,1.737487,1.512544,3.351459,
1.729241,1.634166,2.819499,1.666567,1.528914,3.471594,
1.729126,1.631084,2.820658,1.63588,1.504031,3.508265,
1.728979,1.620637,2.825199,1.572352,1.487099,3.49268,
1.728682,1.617521,2.821695,1.515128,1.474257,3.442899,
1.726595,1.607648,2.832777,1.526048,1.454571,3.43888,
1.725876,1.60495,2.835686,1.52428,1.430481,3.435998,
1.723567,1.595418,2.83686,1.494592,1.428791,3.417859,
1.723054,1.592515,2.834029,1.454363,1.430717,3.394321,
1.722068,1.585553,2.831896,1.403929,1.436855,3.364165,
1.722071,1.583598,2.83077,1.355671,1.435962,3.341149,
1.722106,1.577397,2.826886,1.309902,1.432828,3.312808,
1.722167,1.575816,2.825794,1.268257,1.428224,3.286811,
1.723459,1.570654,2.824209,1.238722,1.421022,3.260166,
1.724254,1.567409,2.823493,1.214717,1.416161,3.230376,
1.725373,1.564689,2.819773,1.197994,1.412723,3.195024,
1.726402,1.562147,2.816139,1.184974,1.411974,3.157714,
1.726346,1.562551,2.809441,1.181583,1.412146,3.132911,
1.727364,1.561173,2.807652,1.177655,1.413694,3.113539,
1.727789,1.560695,2.803861,1.169743,1.419479,3.074091,
1.728862,1.56171,2.795502,1.164257,1.429292,3.032492,
1.729578,1.562281,2.788363,1.161831,1.439293,2.992169,
1.7306,1.566308,2.774449,1.163405,1.458902,2.929888,
1.732047,1.568941,2.763787,1.167011,1.473615,2.887591,
1.733283,1.570333,2.757439,1.173525,1.488393,2.846922,
1.737694,1.573711,2.744539,1.181468,1.502179,2.810858,
1.740341,1.573381,2.741342,1.193053,1.516939,2.771361,
1.748569,1.576478,2.737827,1.206791,1.535271,2.728758,
1.751671,1.576872,2.733665,1.215873,1.543928,2.707445,
1.76282,1.577161,2.725623,1.250098,1.565778,2.650736,
1.770672,1.576415,2.720384,1.276044,1.575897,2.619388,
1.779316,1.57616,2.714995,1.300463,1.580814,2.598517,
1.788587,1.574624,2.704576,1.323045,1.583805,2.576014,
1.79307,1.574235,2.698272,1.343962,1.585336,2.55981,
1.807797,1.571098,2.692195,1.363854,1.584627,2.549895,
1.813056,1.569947,2.69036,1.372415,1.584148,2.546148,
1.827981,1.566748,2.684047,1.398083,1.58278,2.5362,
1.837697,1.56428,2.683196,1.412287,1.583306,2.531828,
1.842993,1.563129,2.681319,1.426191,1.58374,2.527329,
1.8575,1.559992,2.681574,1.440877,1.583913,2.524182,
1.866347,1.55747,2.686357,1.454354,1.584185,2.525133,
1.874628,1.555278,2.690209,1.468419,1.584348,2.524987,
1.881974,1.553635,2.686839,1.483471,1.584003,2.519362,
1.885589,1.552753,2.684295,1.498632,1.583055,2.516147,
1.894677,1.551715,2.678094,1.515256,1.581654,2.510969,
1.89397,1.552484,2.674483,1.524324,1.580549,2.508312,
1.903312,1.553657,2.664963,1.547924,1.578091,2.503035,
1.90598,1.555076,2.656617,1.563678,1.575908,2.498497,
1.907265,1.556157,2.650953,1.578956,1.573503,2.49574,
1.909625,1.56068,2.638685,1.59454,1.579319,2.483758,
1.910427,1.564695,2.63283,1.6129,1.575633,2.486938,
1.911164,1.569565,2.623309,1.628862,1.577515,2.481942,
1.91184,1.575348,2.609892,1.642198,1.581451,2.471481,
1.911486,1.576247,2.608567,1.63968,1.583212,2.469105,
1.911844,1.579494,2.600165,1.645815,1.590831,2.457025,
1.91256,1.586931,2.589183,1.64863,1.595107,2.450639,
1.912515,1.59076,2.586151,1.647733,1.60162,2.445537,
1.912874,1.595129,2.578865,1.64704,1.608992,2.436131,
1.913576,1.60339,2.567015,1.647032,1.62178,2.421009,
1.913964,1.613692,2.550879,1.643471,1.636357,2.402316,
1.913985,1.624992,2.533944,1.631285,1.651047,2.383806,
1.913634,1.637534,2.52182,1.620527,1.665748,2.370773,
1.913356,1.638493,2.519597,1.619518,1.666069,2.369704,
1.913052,1.644881,2.51288,1.616041,1.673653,2.362991,
1.912976,1.651526,2.505211,1.611431,1.680615,2.356002,
1.912633,1.658691,2.493706,1.60816,1.687999,2.345834,
1.91221,1.666109,2.487128,1.605288,1.695663,2.33993,
1.911742,1.673626,2.47865,1.602737,1.703329,2.332556,
1.911207,1.681411,2.466981,1.600334,1.71112,2.322614,
1.910504,1.689563,2.458336,1.598459,1.719342,2.315124,
1.909602,1.697505,2.449122,1.597139,1.72747,2.307266,
1.908801,1.705567,2.440165,1.595224,1.735676,2.299697,
1.907869,1.714009,2.431706,1.594073,1.744539,2.292369,
1.906918,1.722377,2.422255,1.593841,1.754038,2.283859,
1.905899,1.730872,2.412928,1.592976,1.763835,2.27562,
1.904963,1.739678,2.403888,1.59215,1.774012,2.267679,
1.904257,1.748832,2.393701,1.591588,1.784401,2.25899,
1.903864,1.758368,2.383731,1.591365,1.795236,2.250689,
1.903477,1.768084,2.372562,1.590618,1.805788,2.241773,
1.902873,1.777325,2.361281,1.590228,1.816496,2.232449,
1.90216,1.786926,2.346684,1.589854,1.827425,2.220832,
1.901558,1.796314,2.334893,1.58902,1.839262,2.210647,
1.900459,1.805135,2.321208,1.588805,1.851014,2.199359,
1.899781,1.813925,2.308733,1.58933,1.863641,2.188917,
1.899206,1.822924,2.296385,1.589919,1.87594,2.178905,
1.898378,1.831007,2.297005,1.591295,1.887742,2.180205,
1.897833,1.839583,2.284669,1.592506,1.899354,2.170731,
1.897388,1.848121,2.267379,1.594138,1.910808,2.159132,
1.89678,1.856428,2.254814,1.596321,1.921893,2.149985,
1.896193,1.864667,2.242565,1.598266,1.93328,2.140951,
1.895921,1.872902,2.230247,1.600236,1.944579,2.131804,
1.895062,1.879935,2.217765,1.6027,1.955881,2.12209,
1.89457,1.887194,2.206056,1.605351,1.967367,2.113529,
1.894477,1.894402,2.194544,1.607739,1.978579,2.105356,
1.893832,1.901363,2.182497,1.610962,1.98956,2.097076,
1.893351,1.908342,2.170734,1.614627,2.000121,2.090136,
1.894025,1.915677,2.160002,1.618356,2.010582,2.083683,
1.893759,1.921821,2.150096,1.623094,2.020182,2.078488,
1.893723,1.928171,2.138819,1.627459,2.030049,2.071855,
1.89372,1.934129,2.129957,1.631801,2.039628,2.06717,
1.893608,1.940073,2.121211,1.636923,2.049459,2.062625,
1.893834,1.945868,2.112413,1.641853,2.059392,2.058235,
1.894168,1.951747,2.104572,1.646446,2.068589,2.05532,
1.894556,1.95751,2.096903,1.65134,2.077204,2.053314,
1.895225,1.96338,2.089286,1.656741,2.085781,2.051752,
1.895748,1.96891,2.082485,1.661753,2.093437,2.05138,
1.896227,1.974168,2.075951,1.66673,2.100951,2.051065,
1.896664,1.979228,2.069164,1.67163,2.108254,2.050498,
1.89732,1.984258,2.063574,1.67619,2.115585,2.050619,
1.898248,1.989128,2.057738,1.6808,2.122572,2.05066,
1.898803,1.994067,2.052294,1.685608,2.130237,2.050743,
1.899538,1.998976,2.047449,1.689974,2.137421,2.051309,
1.90064,2.00409,2.042496,1.694804,2.144605,2.051769,
1.901872,2.008936,2.038233,1.699481,2.151584,2.052793,
1.903388,2.013697,2.034391,1.703055,2.15794,2.053634,
1.905071,2.018214,2.030859,1.706283,2.163967,2.054444,
1.90678,2.022871,2.02736,1.7095,2.169552,2.056159,
1.908758,2.02752,2.02423,1.712269,2.174118,2.058746,
1.910269,2.031475,2.021389,1.715637,2.178236,2.062013,
1.911826,2.035712,2.018301,1.719321,2.18156,2.065787,
1.913595,2.039871,2.015386,1.723295,2.185092,2.06883,
1.915087,2.043955,2.012075,1.726485,2.188598,2.070495,
1.916647,2.047983,2.008834,1.728757,2.193295,2.070574,
1.918289,2.051776,2.005536,1.72927,2.197522,2.069381,
1.919535,2.055638,2.00202,1.731659,2.201754,2.06971,
1.920674,2.058707,1.998789,1.732995,2.205788,2.069121,
1.92211,2.061923,1.995425,1.736064,2.208331,2.068806,
1.923923,2.065269,1.992,1.740487,2.211377,2.06729,
1.925395,2.068527,1.988439,1.745632,2.214156,2.066729,
1.92716,2.071582,1.985462,1.750513,2.215861,2.066588,
1.928982,2.0747,1.981249,1.754503,2.217989,2.065077,
1.930481,2.077642,1.977488,1.758436,2.218984,2.063568,
1.932131,2.080582,1.973769,1.76133,2.220092,2.060859,
1.933722,2.083445,1.9692,1.764188,2.22169,2.056197,
1.935291,2.086293,1.964854,1.767359,2.223283,2.05096,
1.936685,2.089151,1.960006,1.769511,2.224571,2.044513,
1.938088,2.091963,1.954465,1.771583,2.225582,2.038398,
1.939355,2.094662,1.948996,1.772992,2.225451,2.032455,
1.940393,2.097352,1.943154,1.773675,2.224668,2.026629,
1.941456,2.100063,1.936865,1.774248,2.2235,2.020381,
1.942397,2.102597,1.930301,1.774693,2.221997,2.013304,
1.943288,2.104847,1.924075,1.774988,2.220213,2.006565,
1.944289,2.107261,1.917166,1.77474,2.218354,1.999644,
1.945163,2.109426,1.910218,1.773889,2.216171,1.991499,
1.946021,2.111291,1.903226,1.772564,2.214123,1.982553,
1.946934,2.113197,1.896145,1.771513,2.211596,1.97402,
1.948015,2.11526,1.889348,1.770338,2.208926,1.966235,
1.94911,2.117223,1.882679,1.768713,2.205692,1.958832,
1.950243,2.119192,1.876215,1.766914,2.201929,1.951975,
1.951391,2.12111,1.869981,1.764559,2.198321,1.944736,
1.952444,2.122972,1.864156,1.761544,2.194543,1.938002,
1.953477,2.124374,1.858898,1.758624,2.19075,1.931084,
1.954427,2.125961,1.85333,1.755506,2.186955,1.92402,
1.955398,2.12738,1.848111,1.751768,2.182943,1.916661,
1.956299,2.128581,1.843416,1.748037,2.17905,1.909253,
1.957143,2.129666,1.838851,1.744142,2.175018,1.90204,
1.958032,2.130698,1.834883,1.740634,2.170844,1.895309,
1.958819,2.131387,1.831303,1.736547,2.166059,1.889022,
1.959791,2.132283,1.827989,1.732005,2.161457,1.882928,
1.960826,2.1332,1.824706,1.727041,2.156822,1.876626,
1.961683,2.133735,1.822586,1.722263,2.152411,1.871031,
1.962813,2.134433,1.820424,1.716664,2.148401,1.864769,
1.964014,2.135003,1.818107,1.711568,2.144326,1.858508,
1.964861,2.135247,1.816282,1.705832,2.140553,1.852124,
1.965824,2.13554,1.814447,1.700062,2.136845,1.845648,
1.966697,2.135536,1.812614,1.694337,2.133237,1.838965,
1.967465,2.13508,1.811429,1.688787,2.129838,1.832446,
1.96801,2.134432,1.810004,1.682925,2.126204,1.82572,
1.968447,2.133511,1.808727,1.677002,2.122863,1.818774,
1.968673,2.132103,1.808285,1.67113,2.119507,1.812337,
1.968935,2.130747,1.807945,1.664388,2.11647,1.805536,
1.990886,2.136175,1.810425,1.658414,2.113283,1.799419,
1.991278,2.134207,1.810832,1.653855,2.110365,1.792913,
1.99105,2.13205,1.812019,1.650647,2.107735,1.786669,
1.990356,2.129161,1.813757,1.647934,2.105257,1.780521,
1.990158,2.126356,1.815486,1.646497,2.102946,1.773944,
1.989781,2.123441,1.817806,1.645148,2.100983,1.767716,
1.988385,2.11972,1.820523,1.643865,2.099349,1.761102,
1.987765,2.116463,1.823506,1.641741,2.097141,1.755788,
1.986735,2.112499,1.826713,1.638798,2.094962,1.750438,
1.985496,2.10817,1.830352,1.63585,2.09294,1.745454,
1.98452,2.103638,1.834011,1.632627,2.090288,1.741391,
1.98352,2.098427,1.838352,1.628323,2.087646,1.737663,
1.982058,2.09265,1.843241,1.623192,2.084636,1.734964,
1.980789,2.087099,1.847594,1.618699,2.081118,1.732975,
1.97961,2.080994,1.852353,1.612616,2.076943,1.732049,
1.977949,2.074543,1.857351,1.607215,2.072973,1.73159,
1.976357,2.06762,1.862864,1.60165,2.068081,1.732717,
1.974995,2.06098,1.867733,1.595832,2.062605,1.734647,
1.9734,2.053982,1.8732,1.590037,2.056611,1.737861,
1.971632,2.046873,1.877944,1.584157,2.049232,1.742476,
1.970216,2.039635,1.88328,1.578566,2.041662,1.748026,
1.968434,2.03236,1.888525,1.573513,2.03433,1.754115,
1.966456,2.024793,1.893588,1.56698,2.024518,1.762946,
1.964966,2.017391,1.898888,1.561597,2.015647,1.771453,
1.963037,2.009656,1.904032,1.555833,2.005125,1.782177,
1.960935,2.001376,1.909087,1.550223,1.992959,1.794768,
1.959445,1.99334,1.914191,1.545728,1.981212,1.807429,
1.957556,1.985242,1.918612,1.54117,1.966942,1.822817,
1.955405,1.976782,1.922673,1.537883,1.952587,1.83831,
1.953491,1.968684,1.927064,1.535348,1.939466,1.853571,
1.951544,1.960667,1.931186,1.533955,1.922663,1.872464,
1.94941,1.952254,1.935697,1.533561,1.905728,1.892059,
1.947199,1.943655,1.940334,1.533985,1.888949,1.91147,
1.944684,1.935071,1.944564,1.535822,1.870749,1.932457,
1.942388,1.926183,1.948702,1.538672,1.852127,1.953108,
1.940459,1.917507,1.952672,1.542396,1.833493,1.974146,
1.938093,1.908913,1.956144,1.548125,1.813071,1.996347,
1.935545,1.899967,1.95973,1.554161,1.792951,2.018216,
1.93345,1.89124,1.963118,1.561613,1.772826,2.039735,
1.930762,1.882651,1.96564,1.571008,1.752232,2.061013,
1.928262,1.873566,1.969091,1.582361,1.731993,2.081915,
1.925749,1.864523,1.972142,1.594297,1.712307,2.101942,
1.923044,1.855832,1.975009,1.610748,1.692533,2.120859,
1.920398,1.846338,1.978228,1.626038,1.673313,2.138887,
1.917768,1.83674,1.981435,1.642371,1.654811,2.155909,
1.91517,1.827569,1.983993,1.660858,1.637612,2.169469,
1.912616,1.817708,1.987044,1.678237,1.620626,2.183517,
1.910067,1.807906,1.9908,1.69558,1.604715,2.196585,
1.907492,1.798678,1.994259,1.71256,1.588927,2.209466,
1.904846,1.788703,1.999449,1.729023,1.573204,2.222116,
1.903087,1.779264,2.004296,1.744983,1.558623,2.234539,
1.900463,1.771115,2.007972,1.760143,1.54433,2.246081,
1.898085,1.762283,2.01383,1.773571,1.53011,2.257229,
1.896619,1.754217,2.018659,1.786967,1.517616,2.267045,
1.894847,1.746284,2.023541,1.797837,1.506815,2.272495,
1.892708,1.738102,2.02839,1.809222,1.494866,2.282199,
1.890656,1.730104,2.032928,1.820944,1.483945,2.290291,
1.888708,1.722228,2.036937,1.830202,1.472663,2.297407,
1.886436,1.71445,2.040795,1.838767,1.463714,2.303017,
1.884146,1.706529,2.044651,1.849053,1.453572,2.308869,
1.881866,1.699386,2.047734,1.857144,1.443776,2.31316,
1.879648,1.692489,2.050807,1.864937,1.435383,2.31573,
1.877522,1.685817,2.054276,1.872836,1.426925,2.319455,
1.875453,1.679812,2.057201,1.879907,1.418716,2.321744,
1.873463,1.673943,2.059974,1.886516,1.411228,2.323369,
1.871551,1.66898,2.062264,1.893331,1.403731,2.325861,
1.869258,1.664106,2.064682,1.89892,1.397021,2.326908,
1.867068,1.659483,2.067049,1.904276,1.390585,2.328125,
1.865032,1.655572,2.069357,1.909298,1.384559,2.328492,
1.862682,1.651775,2.071803,1.913892,1.378931,2.328299,
1.860133,1.647867,2.074336,1.91794,1.373186,2.327919,
1.85823,1.644345,2.076941,1.922122,1.367687,2.32776,
1.855839,1.641111,2.079345,1.925329,1.362855,2.326719,
1.853425,1.637894,2.081589,1.927899,1.358021,2.325727,
1.851414,1.635147,2.083611,1.930449,1.353564,2.324369,
1.848964,1.632401,2.085549,1.931345,1.349584,2.322791,
1.846447,1.629503,2.087331,1.932647,1.345079,2.321177,
1.844014,1.627023,2.08902,1.932496,1.341597,2.319046,
1.841441,1.624374,2.090935,1.932281,1.338171,2.316975,
1.838509,1.621463,2.092781,1.931353,1.334536,2.314687,
1.835762,1.618706,2.094547,1.929432,1.331676,2.312394,
1.832463,1.616076,2.096057,1.926884,1.328414,2.310293,
1.829292,1.613237,2.097522,1.923959,1.325409,2.308021,
1.825639,1.610886,2.099103,1.921051,1.322868,2.305984,
1.82186,1.608645,2.100229,1.917016,1.320492,2.304369,
1.818236,1.606038,2.101288,1.913309,1.318099,2.303093,
1.814033,1.604088,2.102001,1.909559,1.315927,2.301668,
1.809611,1.602225,2.1025,1.90572,1.313796,2.300033,
1.805337,1.600188,2.102742,1.901358,1.311924,2.298391,
1.800751,1.598677,2.102812,1.896819,1.31084,2.296507,
1.795902,1.597224,2.102609,1.891862,1.310163,2.294514,
1.7909,1.59592,2.101711,1.886721,1.309529,2.292438,
1.786008,1.595044,2.100848,1.881275,1.310094,2.289637,
1.780469,1.59437,2.099782,1.876346,1.310282,2.287502,
1.775433,1.593257,2.098463,1.871503,1.310557,2.285472,
1.769915,1.59301,2.09711,1.866531,1.311483,2.283123,
1.764151,1.592803,2.095341,1.861879,1.312202,2.280879,
1.758665,1.592311,2.093359,1.857509,1.313035,2.27834,
1.752847,1.592358,2.091267,1.85384,1.31384,2.275527,
1.747198,1.592199,2.089085,1.850251,1.31387,2.272972,
1.741357,1.591892,2.086732,1.847434,1.313546,2.269809,
1.735177,1.591754,2.084822,1.844898,1.31311,2.266195,
1.729085,1.591699,2.083075,1.842337,1.311918,2.262849,
1.723593,1.59168,2.081249,1.839678,1.311141,2.2587,
1.718721,1.593211,2.080292,1.83682,1.311187,2.254334,
1.713545,1.594988,2.080095,1.83322,1.311381,2.250741,
1.708677,1.596594,2.080378,1.828771,1.312217,2.247465,
1.703633,1.599196,2.080564,1.82356,1.314443,2.244762,
1.698597,1.601204,2.080773,1.817989,1.316509,2.24303,
1.693361,1.60323,2.080693,1.812315,1.319016,2.241609,
1.688445,1.604995,2.081063,1.806398,1.322194,2.239619,
1.683373,1.606763,2.081056,1.800033,1.324592,2.238832,
1.678738,1.607936,2.080814,1.794206,1.326812,2.238836,
1.673735,1.609776,2.081564,1.78806,1.329194,2.238868,
1.668979,1.611238,2.082803,1.781702,1.331245,2.23951,
1.664279,1.612584,2.084286,1.775489,1.332942,2.241306,
1.659952,1.614331,2.085953,1.769466,1.334869,2.242639,
1.655608,1.616126,2.087617,1.763278,1.336796,2.244148,
1.651502,1.617639,2.087967,1.757057,1.338882,2.244343,
1.647337,1.619832,2.088647,1.751247,1.34138,2.245605,
1.642927,1.62203,2.090815,1.745422,1.344023,2.248561,
1.63851,1.624082,2.093534,1.739772,1.346627,2.252675,
1.63407,1.626524,2.096372,1.73411,1.349952,2.256685,
1.629688,1.629091,2.099326,1.728193,1.353127,2.261371,
1.625433,1.631476,2.102447,1.722925,1.356043,2.266974,
1.621293,1.634239,2.105363,1.717557,1.359588,2.27272,
1.61703,1.636857,2.107943,1.711941,1.363035,2.279145,
1.612932,1.639342,2.110715,1.706383,1.366879,2.286351,
1.609022,1.642007,2.113573,1.700814,1.371654,2.295302,
1.604837,1.644626,2.116643,1.69498,1.376845,2.304768,
1.600802,1.646981,2.119851,1.689598,1.382342,2.317303,
1.596701,1.649413,2.123635,1.684245,1.389505,2.332548,
1.592666,1.651657,2.126788,1.678584,1.39782,2.350353,
1.588777,1.653519,2.13031,1.674086,1.40663,2.36964,
1.585017,1.655034,2.133934,1.669404,1.419218,2.397461,
1.581117,1.656289,2.137399,1.665131,1.431007,2.423589,
1.577435,1.656745,2.141426,1.662534,1.44555,2.458875,
1.573803,1.657232,2.145272,1.659769,1.461986,2.497832,
1.570185,1.657375,2.149402,1.656787,1.478201,2.538658,
1.567026,1.656532,2.153693,1.653909,1.497647,2.588826,
1.563814,1.655892,2.157768,1.646101,1.518533,2.642227,
1.560863,1.654804,2.161757,1.636891,1.539342,2.697665,
1.558302,1.65327,2.166205,1.627453,1.559471,2.751161,
1.555527,1.652207,2.170594,1.609308,1.574545,2.804729,
1.552871,1.651013,2.174707,1.594724,1.58754,2.849355,
1.550663,1.649684,2.179476,1.574289,1.591224,2.880925,
1.548466,1.649176,2.183946,1.553207,1.587741,2.893695,
1.546286,1.649035,2.188793,1.530884,1.579704,2.888206,
1.544048,1.649086,2.194589,1.508209,1.573282,2.888295,
1.541521,1.650254,2.200071,1.486176,1.564516,2.87388,
1.538858,1.651165,2.205179,1.482413,1.564379,2.868014,
1.536115,1.651915,2.210015,1.496842,1.554462,2.870434,
1.533069,1.652703,2.214022,1.503992,1.536218,2.870673,
1.529844,1.65287,2.217788,1.505211,1.532082,2.865072,
1.52691,1.652569,2.222498,1.488667,1.546019,2.868537,
1.523623,1.652622,2.226345,1.457016,1.567015,2.868129,
1.520151,1.652447,2.230296,1.424646,1.580797,2.866793,
1.516965,1.652278,2.235472,1.403041,1.587575,2.86569,
1.51343,1.652607,2.240133,1.380106,1.595347,2.864002,
1.509807,1.652713,2.24479,1.365981,1.590681,2.869432,
1.506368,1.652512,2.250441,1.351417,1.587007,2.869865,
1.502628,1.652321,2.255631,1.340546,1.57883,2.871112,
1.49886,1.651591,2.261233,1.32538,1.575959,2.875913,
1.495376,1.650647,2.267786,1.309442,1.571406,2.876435,
1.491793,1.649828,2.273101,1.29309,1.567822,2.876995,
1.488298,1.648671,2.278609,1.273442,1.567524,2.87707,
1.484999,1.64778,2.284559,1.253424,1.56725,2.873621,
1.481814,1.647721,2.290165,1.234685,1.567733,2.870389,
1.478733,1.647856,2.29524,1.216854,1.566434,2.863029,
1.47615,1.6481,2.300119,1.201528,1.563935,2.856103,
1.473679,1.648641,2.303845,1.186558,1.562028,2.847746,
1.471261,1.649271,2.306619,1.172107,1.559803,2.839511,
1.4689,1.650076,2.309388,1.158885,1.556503,2.82945,
1.466572,1.651513,2.311231,1.1471,1.553479,2.818835,
1.464162,1.652843,2.313002,1.135556,1.550422,2.806826,
1.462111,1.65427,2.315126,1.12543,1.546908,2.794278,
1.460105,1.655886,2.317153,1.116481,1.543507,2.781616,
1.458079,1.657383,2.319379,1.107706,1.540057,2.768748,
1.456398,1.658802,2.322515,1.099088,1.536857,2.756091,
1.454563,1.66055,2.325369,1.091464,1.533806,2.74328,
1.452607,1.661948,2.328953,1.083482,1.5313,2.730754,
1.450891,1.663102,2.333579,1.076271,1.528926,2.718306,
1.448928,1.664702,2.337986,1.070062,1.527259,2.706701,
1.446745,1.665773,2.342063,1.064066,1.525405,2.695124,
1.444658,1.66732,2.346674,1.059256,1.523825,2.683939,
1.442478,1.668455,2.350125,1.055482,1.522198,2.673785,
1.440048,1.669132,2.353203,1.052354,1.520005,2.663559,
1.437748,1.670069,2.356085,1.049968,1.51791,2.652982,
1.435529,1.670871,2.358266,1.048502,1.515916,2.643284,
1.433253,1.671225,2.359576,1.046561,1.514132,2.632112,
1.431458,1.671308,2.360714,1.045422,1.512363,2.621845,
1.429745,1.671784,2.361223,1.045133,1.510809,2.612499,
1.427907,1.671936,2.361693,1.044073,1.509783,2.602925,
1.426679,1.671669,2.362375,1.043222,1.509077,2.594187,
1.425248,1.672215,2.363027,1.043004,1.508113,2.586296,
1.423878,1.672656,2.36371,1.042253,1.507457,2.577893,
1.422356,1.674014,2.36558,1.041719,1.507235,2.571112,
1.420775,1.675332,2.367393,1.041721,1.506819,2.565127,
1.418945,1.676768,2.369273,1.040998,1.507133,2.559931,
1.417105,1.678166,2.371426,1.040287,1.507284,2.555134,
1.415004,1.679916,2.373504,1.039683,1.507732,2.552292,
1.412492,1.681262,2.37572,1.038818,1.508001,2.548053,
1.40991,1.683099,2.378149,1.037871,1.508719,2.547602,
1.40718,1.684926,2.38037,1.03716,1.509348,2.547694,
1.404063,1.68619,2.382741,1.036467,1.509466,2.546152,
1.400803,1.687958,2.385979,1.036079,1.509544,2.54847,
1.397233,1.689852,2.389203,1.035501,1.510194,2.551805,
1.393319,1.691594,2.39288,1.034909,1.510566,2.55588,
1.389389,1.693338,2.396944,1.034319,1.510817,2.560382,
1.385324,1.695373,2.401313,1.034333,1.511056,2.56702,
1.380654,1.696927,2.405897,1.033717,1.511366,2.573114,
1.376045,1.699082,2.410923,1.033291,1.511842,2.580611,
1.371335,1.700853,2.419704,1.03177,1.513563,2.594592,
1.361855,1.705546,2.428019,1.030756,1.515178,2.602788,
1.357406,1.707564,2.433656,1.029654,1.516769,2.610357,
1.352726,1.709381,2.446855,1.025519,1.521835,2.633027,
1.334584,1.717773,2.465267,1.02173,1.526551,2.64825,
1.325728,1.722943,2.479651,1.017558,1.532471,2.665123,
1.316919,1.728504,2.495829,1.012463,1.538724,2.682702,
1.307643,1.735286,2.513456,1.006099,1.546887,2.702031,
1.307163,1.736406,2.514756,1.005217,1.547999,2.703032,
1.302375,1.740056,2.523789,1.001015,1.553161,2.712794,
1.297175,1.744056,2.539034,0.9909025,1.564906,2.733868,
1.286654,1.752396,2.554728,0.9853188,1.571541,2.745116,
1.281103,1.756413,2.565405,0.9796263,1.577829,2.755829,
1.275337,1.761087,2.575022,0.9728559,1.585752,2.766522,
1.269571,1.765239,2.592572,0.9541335,1.607269,2.79758,
1.245336,1.783982,2.621287,0.938787,1.62515,2.815222,
1.231636,1.793696,2.639765,0.922664,1.643213,2.833583,
1.217245,1.803572,2.658979,0.9062716,1.662085,2.852674,
1.201448,1.814062,2.678432,0.8903846,1.680594,2.869926,
1.200067,1.81396,2.679646,0.8897186,1.68092,2.870282,
1.19168,1.819711,2.690706,0.8817491,1.690642,2.880436,
1.182925,1.824753,2.703159,0.873729,1.700112,2.891808,
1.173753,1.829395,2.7165,0.8655187,1.709278,2.903621,
1.164205,1.834519,2.729968,0.8574138,1.718901,2.916503,
1.125161,1.855429,2.78443,0.824692,1.758247,2.967246,
1.102345,1.865719,2.811164,0.8082028,1.779086,2.993649,
1.07679,1.876372,2.837715,0.7918621,1.801319,3.020829,
1.074872,1.875413,2.837908,0.7915479,1.801957,3.022386,
1.061804,1.880209,2.850797,0.7839324,1.813343,3.036888,
1.04864,1.884696,2.864184,0.7762884,1.824871,3.051985,
1.035151,1.889009,2.877626,0.7693292,1.836277,3.067552,
1.021154,1.893854,2.890998,0.7626101,1.847959,3.082721,
0.9938935,1.902911,2.918845,0.7502667,1.871464,3.115326,
0.9801787,1.907329,2.931574,0.744157,1.883785,3.131033,
0.966552,1.91113,2.944161,0.7380601,1.896345,3.146796,
0.9401274,1.919531,2.969687,0.7273548,1.920999,3.178432,
0.9129059,1.927322,2.993061,0.7168141,1.946346,3.208305,
0.8999167,1.931219,3.005103,0.7123471,1.95837,3.222556,
0.861844,1.943714,3.041506,0.7036358,1.990216,3.261692,
0.8385001,1.952779,3.066367,0.7032859,2.006751,3.283525,
0.8172951,1.959958,3.089592,0.7067648,2.018748,3.30092,
0.7987877,1.966075,3.112343,0.712269,2.027845,3.316256,
0.7809891,1.972548,3.133586,0.7207457,2.03617,3.333525,
0.7821167,1.971116,3.132218,0.7223694,2.035063,3.334146,
0.7739139,1.973942,3.142307,0.7265084,2.041119,3.344322,
0.7663742,1.97673,3.152936,0.7315935,2.045132,3.354626,
0.7587458,1.980077,3.170215,0.7404831,2.055942,3.376673,
0.7441162,1.9876,3.187425,0.7447202,2.060994,3.388141,
0.7377512,1.990805,3.199337,0.7484136,2.065326,3.399336,
0.731333,1.994781,3.211957,0.7508768,2.07139,3.410745,
0.7194533,2.001334,3.236134,0.7586564,2.079732,3.431777,
0.707781,2.008367,3.27442,0.7629703,2.089504,3.462296,
0.7024773,2.011839,3.297388,0.7605854,2.097178,3.482452,
0.701032,2.013005,3.306936,0.7577624,2.099596,3.492026,
0.6978787,2.016431,3.325098,0.7633452,2.100895,3.506387,
0.6972772,2.018954,3.334709,0.7696393,2.095734,3.507542,
0.6996984,2.019871,3.340609,0.7685348,2.093236,3.5076,
0.7014081,2.019023,3.336477,0.7675273,2.0928,3.504745,
0.7030639,2.019764,3.338706,0.7672622,2.092071,3.506063,
0.7070816,2.020433,3.34529,0.7640808,2.09129,3.510795,
0.7099988,2.021021,3.349951,0.7608093,2.090365,3.514417,
0.7131543,2.021158,3.354944,0.7564726,2.089426,3.518643,
0.7190799,2.021352,3.365951,0.7528201,2.086968,3.526638,
0.728388,2.022154,3.377102,0.7461607,2.080312,3.532327,
0.7331478,2.02269,3.383186,0.7424209,2.076509,3.534756,
0.7453246,2.023279,3.39302,0.7370707,2.066368,3.536502,
0.7585771,2.02442,3.400855,0.735238,2.052139,3.535568,
0.7658893,2.024924,3.403654,0.7353188,2.044605,3.533669,
0.7816404,2.026553,3.406461,0.741297,2.026255,3.527063,
0.7830879,2.026526,3.40564,0.7425287,2.024652,3.526165,
0.7913736,2.027208,3.407847,0.7456028,2.016002,3.523312,
0.8008603,2.027814,3.409445,0.7523332,2.004703,3.520338,
0.8104337,2.028175,3.411759,0.7580078,1.994671,3.517802,
0.8313513,2.029035,3.417268,0.7714301,1.974998,3.514425,
0.8425782,2.029283,3.420133,0.7796143,1.964823,3.513,
0.8540645,2.029506,3.423333,0.7885444,1.954509,3.511714,
0.8774874,2.030149,3.428954,0.8104936,1.934071,3.508961,
0.9036255,2.029302,3.43328,0.8408355,1.909699,3.504776,
0.9308306,2.02765,3.436354,0.8756718,1.885739,3.500589,
0.944163,2.02623,3.437773,0.8936195,1.874238,3.498527,
0.9724487,2.022966,3.439937,0.9328629,1.851901,3.493879,
0.973003,2.021072,3.439085,0.9344171,1.850571,3.493391,
0.9867847,2.018822,3.439856,0.9560283,1.838484,3.489635,
1.000354,2.016327,3.44052,0.9784717,1.826876,3.485862,
1.013665,2.013743,3.445191,1.021964,1.804806,3.477908,
1.039143,2.007601,3.443034,1.044523,1.79403,3.474731,
1.051545,2.003861,3.443398,1.067286,1.783122,3.469466,
1.062885,2.000924,3.443723,1.089099,1.772453,3.463179,
1.086657,1.994944,3.444235,1.134168,1.753732,3.452283,
1.118241,1.981747,3.44541,1.18475,1.727677,3.43201,
1.138223,1.97148,3.447017,1.2316,1.717765,3.432144,
1.15655,1.961161,3.449354,1.267071,1.708926,3.432551,
1.155382,1.960666,3.450097,1.264233,1.710592,3.435976,
1.163938,1.955752,3.452194,1.278502,1.706884,3.438574,
1.173441,1.950279,3.454729,1.293249,1.701811,3.439516,
1.181926,1.945784,3.463403,1.321968,1.694389,3.446289,
1.198437,1.935967,3.463983,1.333789,1.688678,3.448324,
1.206557,1.931538,3.46749,1.345487,1.686557,3.453349,
1.214165,1.926786,3.470835,1.357412,1.684284,3.458771,
1.244466,1.908113,3.486398,1.393171,1.684322,3.486877,
1.259199,1.899189,3.496859,1.405766,1.694908,3.514407,
1.266165,1.895025,3.502229,1.414713,1.699384,3.528707,
1.280852,1.887016,3.513777,1.432957,1.715516,3.566568,
1.295347,1.879543,3.523945,1.456394,1.733847,3.608186,
1.307774,1.87417,3.531838,1.485642,1.762695,3.661346,
1.308712,1.874858,3.532199,1.490055,1.768003,3.66977,
1.314572,1.872137,3.538196,1.526197,1.801454,3.731365,
1.327393,1.865951,3.541918,1.550328,1.82126,3.768928,
1.338653,1.859464,3.546187,1.595924,1.860039,3.840478,
1.350952,1.852285,3.550406,1.642817,1.900255,3.91428,
1.361205,1.845162,3.552576,1.68519,1.945022,3.997728,
1.371721,1.837411,3.556441,1.715022,1.979494,4.070071,
1.381222,1.829494,3.563061,1.717741,1.981538,4.09627,
1.380232,1.830369,3.564119,1.697886,1.961204,4.065966,
1.384011,1.827858,3.567909,1.685087,1.955331,4.061872,
1.391191,1.824233,3.574403,1.675582,1.958841,4.065143,
1.393993,1.823228,3.576838,1.685154,1.95648,4.065806,
1.398545,1.820273,3.57888,1.718609,1.915517,4.033053,
1.40068,1.818564,3.579609,1.721207,1.910141,4.027362,
1.402277,1.816659,3.580829,1.713876,1.909303,4.028227,
1.409188,1.810589,3.582215,1.689882,1.906019,4.027309,
1.41122,1.808126,3.584665,1.669588,1.895692,4.023375,
1.412225,1.806504,3.585801,1.663094,1.88713,4.018794,
1.415219,1.800599,3.588103,1.643865,1.856103,3.999151,
1.41695,1.797127,3.589029,1.629803,1.832238,3.982168,
1.418832,1.794402,3.590297,1.614858,1.809392,3.965222,
1.418485,1.794553,3.590507,1.613605,1.807384,3.963254,
1.419259,1.793195,3.591329,1.606089,1.795817,3.954023,
1.42012,1.792549,3.592432,1.595517,1.783376,3.943843,
1.420781,1.791588,3.593734,1.587275,1.770777,3.933531,
1.422815,1.787527,3.598591,1.551506,1.722258,3.892831,
1.42318,1.785076,3.600814,1.531785,1.697312,3.870272,
1.423174,1.783657,3.602072,1.522965,1.684905,3.858526,
1.423272,1.77982,3.605504,1.496216,1.650657,3.82468,
1.423146,1.776916,3.608521,1.480857,1.628103,3.803332,
1.422905,1.773713,3.61184,1.470008,1.605882,3.783074,
1.423064,1.771406,3.615408,1.457427,1.584926,3.762701,
1.42286,1.771032,3.615211,1.456881,1.58676,3.764368,
1.42301,1.769989,3.616986,1.448677,1.578825,3.756468,
1.422959,1.766775,3.620799,1.434399,1.562955,3.741406,
1.422986,1.765664,3.622463,1.428706,1.556271,3.735073,
1.422997,1.762615,3.625473,1.417541,1.542337,3.721824,
1.422751,1.758209,3.62539,1.397564,1.525818,3.702597,
1.422315,1.755337,3.621321,1.380605,1.519367,3.690421,
1.421881,1.753774,3.618491,1.37244,1.516338,3.684081,
1.420035,1.750049,3.606789,1.343079,1.512827,3.666762,
1.419551,1.748915,3.602159,1.332959,1.511536,3.659783,
1.417707,1.746867,3.593582,1.310894,1.513683,3.650125,
1.415844,1.745048,3.586489,1.286858,1.518298,3.642537,
1.41376,1.743049,3.580369,1.258695,1.524634,3.635974,
1.413459,1.743117,3.580407,1.257754,1.526647,3.638011,
1.41204,1.742302,3.578147,1.234231,1.534068,3.634061,
1.409373,1.740274,3.570124,1.222216,1.53854,3.633126,
1.407843,1.739078,3.567028,1.210217,1.542602,3.632327,
1.405024,1.737332,3.559885,1.186859,1.55139,3.630031,
1.400005,1.735263,3.543212,1.14893,1.570112,3.629153,
1.396843,1.733267,3.527024,1.121952,1.584316,3.626072,
1.393868,1.730689,3.510105,1.095127,1.599334,3.623285,
1.392418,1.728969,3.502187,1.082235,1.605967,3.622133,
1.39015,1.725853,3.486718,1.056641,1.62197,3.623123,
1.390311,1.724589,3.485047,1.056252,1.622488,3.623763,
1.389802,1.722982,3.477497,1.044045,1.630558,3.625008,
1.389043,1.720962,3.469887,1.032099,1.638,3.626102,
1.387356,1.717878,3.455382,0.9972505,1.659533,3.628024,
1.386505,1.71078,3.431388,0.9746588,1.674006,3.630895,
1.387547,1.706595,3.415222,0.9530062,1.687917,3.632625,
1.388434,1.701964,3.399868,0.9316836,1.701229,3.635185,
1.390431,1.696464,3.38406,0.9113908,1.71324,3.636536,
1.391682,1.695902,3.383372,0.9114232,1.713007,3.635815,
1.392994,1.693742,3.37587,0.9015693,1.718473,3.635413,
1.39418,1.691333,3.397475,0.8917057,1.723719,3.662616,
1.396021,1.689596,3.390032,0.8820427,1.729239,3.661958,
1.397806,1.687724,3.369393,0.8729305,1.733525,3.647021,
1.410446,1.688886,3.368484,0.8640999,1.7374,3.644344,
1.412531,1.687557,3.361551,0.855314,1.741855,3.641711,
1.414123,1.686848,3.348713,0.8522382,1.743306,3.632501,
1.415661,1.684687,3.341177,0.8495554,1.746371,3.632092,
1.417676,1.68386,3.334949,0.8419343,1.749873,3.628136,
1.420058,1.682385,3.324537,0.8346564,1.752967,3.620058,
1.422051,1.680728,3.317924,0.8274245,1.755915,3.615968,
1.424264,1.680241,3.312155,0.8203574,1.759287,3.611458,
1.426796,1.679157,3.304045,0.8135974,1.762374,3.604541,
1.428906,1.678086,3.297532,0.8070709,1.765161,3.599533,
1.431306,1.678251,3.292264,0.8006602,1.768723,3.594661,
1.433919,1.678308,3.286023,0.793508,1.77267,3.587983,
1.436352,1.678418,3.281031,0.7874866,1.775593,3.58263,
1.439467,1.679416,3.277416,0.7822497,1.779026,3.577568,
1.442432,1.680271,3.273288,0.7779788,1.781416,3.571201,
1.445501,1.681304,3.270257,0.7731037,1.784427,3.565729,
1.448654,1.682836,3.267546,0.7690011,1.787897,3.560621,
1.45198,1.683839,3.264668,0.7664307,1.789847,3.554275,
1.454753,1.685072,3.26163,0.7632552,1.792545,3.548417,
1.457934,1.686964,3.25967,0.7602478,1.79628,3.543524,
1.461124,1.687728,3.257538,0.7584018,1.798793,3.537844,
1.463553,1.689033,3.255562,0.7582012,1.79984,3.531383,
1.466069,1.691125,3.254758,0.757199,1.80281,3.526387,
1.46848,1.692487,3.254476,0.7581491,1.803679,3.520801,
1.470204,1.694238,3.254309,0.7589305,1.805086,3.515323,
1.471743,1.696144,3.254996,0.7593834,1.807629,3.511408,
1.473179,1.697562,3.255067,0.7622818,1.807758,3.505319,
1.473705,1.69928,3.255642,0.7646251,1.808828,3.499773,
1.474258,1.701258,3.256251,0.7666251,1.811186,3.495439,
1.474529,1.702659,3.256624,0.7700913,1.812334,3.490186,
1.473953,1.704381,3.256415,0.7745136,1.812379,3.483376,
1.473184,1.70636,3.255944,0.7774465,1.815035,3.478262,
1.472236,1.708114,3.258013,0.7825264,1.815492,3.473828,
1.471234,1.709922,3.257477,0.7870517,1.816901,3.46757,
1.470127,1.712258,3.255566,0.7911739,1.819541,3.460822,
1.468961,1.714545,3.257445,0.7966624,1.820687,3.456315,
1.467978,1.71706,3.256482,0.8020175,1.822405,3.449217,
1.467238,1.720004,3.255672,0.8067368,1.825519,3.443716,
1.466839,1.723113,3.255482,0.8128422,1.827361,3.43751,
1.466826,1.726436,3.255264,0.8197495,1.828199,3.430182,
1.467384,1.730222,3.255033,0.826569,1.829968,3.42396,
1.46782,1.733925,3.254812,0.8342788,1.830657,3.41678,
1.468475,1.737789,3.256939,0.8423254,1.831125,3.411432,
1.46939,1.742039,3.257285,0.8503942,1.831804,3.405224,
1.470104,1.746113,3.258109,0.8592171,1.831611,3.398693,
1.470565,1.749992,3.259995,0.8682103,1.830889,3.392938,
1.471075,1.754223,3.259659,0.8769673,1.830592,3.385875,
1.471198,1.758105,3.259634,0.885852,1.830378,3.379124,
1.471354,1.761937,3.260556,0.8947592,1.829463,3.37277,
1.471496,1.76587,3.259965,0.9028203,1.829996,3.366529,
1.471733,1.76975,3.259927,0.9108537,1.830248,3.360511,
1.471688,1.773341,3.26122,0.9188003,1.830834,3.356074,
1.472144,1.777004,3.260795,0.9264091,1.831979,3.35096,
1.472275,1.78065,3.260931,0.933382,1.833815,3.347011,
1.472654,1.784023,3.260369,0.9403048,1.835477,3.342383,
1.473283,1.787525,3.258523,0.9470866,1.837584,3.337578,
1.473579,1.790986,3.255552,0.9533677,1.840371,3.332183,
1.473874,1.794057,3.253997,0.9593262,1.842715,3.328384,
1.474485,1.797404,3.251223,0.9657112,1.844953,3.323533,
1.474605,1.80039,3.24989,0.9714033,1.847361,3.320384,
1.474704,1.80331,3.247792,0.9773887,1.849277,3.316249,
1.475024,1.806436,3.244875,0.9835119,1.851129,3.311575,
1.475416,1.809232,3.242178,0.9896985,1.852625,3.306899,
1.475325,1.811893,3.239296,0.9957864,1.853722,3.301906,
1.475266,1.814869,3.235859,1.001927,1.854665,3.296226,
1.475275,1.817394,3.232642,1.00836,1.854997,3.29055,
1.475081,1.819971,3.22917,1.014835,1.855234,3.284481,
1.475155,1.822631,3.225177,1.021631,1.85473,3.277539,
1.475229,1.825139,3.221966,1.02846,1.853558,3.270858,
1.475168,1.82765,3.218174,1.035428,1.85196,3.263279,
1.475546,1.830451,3.214721,1.042527,1.850291,3.256044,
1.475725,1.833548,3.211591,1.049455,1.848651,3.248786,
1.47639,1.836342,3.208528,1.056527,1.845807,3.24132,
1.47743,1.839709,3.19972,1.0636,1.843703,3.229247,
1.478527,1.84308,3.197222,1.070685,1.841094,3.2222,
1.479908,1.846347,3.19464,1.077931,1.837569,3.214705,
1.482042,1.850188,3.189077,1.08521,1.834756,3.205081,
1.48338,1.853747,3.186672,1.092257,1.831125,3.197609,
1.485078,1.857083,3.184389,1.099352,1.827592,3.190512,
1.486867,1.860996,3.180692,1.106314,1.82497,3.182477,
1.488667,1.864712,3.177827,1.112917,1.822113,3.175289,
1.490673,1.868269,3.175541,1.119309,1.819955,3.169234,
1.493028,1.872195,3.17175,1.124773,1.819109,3.163156,
1.49545,1.876302,3.169794,1.129545,1.819006,3.1592,
1.49847,1.880337,3.167202,1.133727,1.820157,3.156033,
1.501848,1.88485,3.164093,1.137996,1.821695,3.152488,
1.505584,1.889452,3.161157,1.140359,1.826273,3.151825,
1.509757,1.893987,3.159298,1.143172,1.830816,3.152092,
1.514123,1.89901,3.15674,1.145906,1.835587,3.15194,
1.518849,1.903792,3.155026,1.148166,1.841344,3.153411,
1.523754,1.908817,3.153231,1.149925,1.84939,3.156602,
1.529008,1.913868,3.150987,1.151298,1.858376,3.160519,
1.534084,1.918835,3.148431,1.152395,1.868788,3.165276,
1.539855,1.92389,3.145649,1.153362,1.880195,3.17072,
1.545859,1.929845,3.141641,1.154882,1.891908,3.174588,
1.552414,1.935513,3.138097,1.155392,1.907059,3.182404,
1.559364,1.941691,3.134618,1.157403,1.920803,3.188299,
1.566477,1.947509,3.130336,1.158256,1.936588,3.196138,
1.573413,1.95372,3.128538,1.158746,1.952784,3.206245,
1.580822,1.960185,3.125473,1.160388,1.96892,3.214625,
1.587861,1.966831,3.122084,1.161414,1.986456,3.22394,
1.594757,1.973145,3.120798,1.162805,2.00353,3.234714,
1.601289,1.979402,3.119145,1.164202,2.020819,3.244565,
1.607771,1.985721,3.117376,1.166378,2.037586,3.2538,
1.614073,1.9924,3.11625,1.167931,2.053874,3.26329,
1.620183,1.998982,3.11612,1.170617,2.070212,3.273093,
1.626175,2.005723,3.116927,1.172543,2.086056,3.283836,
1.63203,2.012392,3.116429,1.174562,2.10085,3.292733,
1.637679,2.019076,3.117058,1.177584,2.11538,3.302289,
1.642703,2.02572,3.116383,1.182638,2.129228,3.309468,
1.648159,2.032405,3.118326,1.185754,2.142216,3.319347,
1.653727,2.039376,3.118399,1.189296,2.154875,3.327586,
1.65878,2.046552,3.117857,1.192262,2.167524,3.335263,
1.664327,2.053497,3.118465,1.195655,2.177819,3.342085,
1.667433,2.060277,3.119249,1.198868,2.188466,3.3485,
1.673372,2.067885,3.118433,1.202278,2.19953,3.354679,
1.678709,2.075032,3.118745,1.205293,2.208466,3.360175,
1.683734,2.082203,3.118129,1.20798,2.217484,3.364897,
1.689162,2.089352,3.117941,1.210914,2.226183,3.369617,
1.694342,2.096305,3.11826,1.213031,2.233669,3.37405,
1.699401,2.103429,3.118983,1.21521,2.242361,3.379493,
1.704638,2.110459,3.119612,1.217096,2.249946,3.383945,
1.709985,2.117653,3.12065,1.218327,2.256489,3.387862,
1.715381,2.125045,3.122271,1.219607,2.263609,3.392392,
1.721057,2.132234,3.124048,1.220318,2.270583,3.397378,
1.726678,2.139647,3.126188,1.221249,2.276555,3.401372,
1.732075,2.147321,3.127424,1.222367,2.282979,3.404554,
1.73788,2.155131,3.130177,1.223103,2.28951,3.409453,
1.743595,2.162937,3.132907,1.224299,2.295147,3.413309,
1.749378,2.171008,3.133292,1.22589,2.301604,3.415438,
1.754883,2.178643,3.136172,1.227654,2.307437,3.419347,
1.760489,2.186271,3.139704,1.230511,2.313163,3.423193,
1.766098,2.193856,3.142681,1.23344,2.319131,3.426808,
1.771622,2.20134,3.144025,1.236924,2.32521,3.428931,
1.776846,2.208395,3.147449,1.241734,2.331053,3.432159,
1.782136,2.215525,3.150084,1.24752,2.336878,3.434184,
1.787577,2.222527,3.152085,1.254381,2.343112,3.435739,
1.793003,2.229399,3.154592,1.262253,2.349082,3.436978,
1.799417,2.236806,3.157051,1.271218,2.355508,3.437947,
1.807306,2.244754,3.158862,1.281415,2.362097,3.438125,
1.815383,2.25337,3.162091,1.291973,2.368364,3.438637,
1.824161,2.26212,3.164783,1.302672,2.375201,3.439224,
1.832567,2.270325,3.166445,1.314411,2.382308,3.439119,
1.840752,2.2783,3.168219,1.328761,2.389796,3.438457,
1.849064,2.286453,3.167782,1.341913,2.397346,3.436395,
1.858446,2.294494,3.169676,1.35738,2.405857,3.436799,
1.867638,2.302443,3.171558,1.373716,2.414311,3.436809,
1.877018,2.310473,3.173692,1.38998,2.423739,3.43807,
1.887527,2.318817,3.174276,1.40852,2.433785,3.437947,
1.897079,2.326471,3.176241,1.429536,2.445019,3.439336,
1.906658,2.33437,3.178315,1.448376,2.455726,3.441197,
1.916071,2.341406,3.179132,1.469818,2.466844,3.442008,
1.925367,2.348466,3.180767,1.491332,2.4777,3.443145,
1.934519,2.355305,3.181843,1.512245,2.488935,3.444717,
1.943479,2.361783,3.182935,1.53542,2.500062,3.445433,
1.952293,2.368037,3.183921,1.557715,2.510755,3.446083,
1.961051,2.374369,3.185323,1.579649,2.521416,3.447294,
1.969638,2.380471,3.186439,1.60243,2.532159,3.448123,
1.978016,2.386165,3.187749,1.625121,2.543046,3.449525,
1.986541,2.392142,3.189045,1.647131,2.553133,3.45034,
1.994809,2.397676,3.190239,1.669601,2.563525,3.451557,
2.003306,2.403122,3.191494,1.691918,2.573884,3.453069,
2.011738,2.408616,3.191804,1.714226,2.583944,3.453576,
2.020056,2.413828,3.192947,1.73546,2.594244,3.45569,
2.028427,2.419005,3.195047,1.756566,2.603729,3.457991,
2.037348,2.424421,3.195989,1.777737,2.613509,3.459741,
2.045182,2.429378,3.197139,1.798651,2.623416,3.462046,
2.05302,2.434221,3.197006,1.818816,2.633355,3.463834,
2.060591,2.439092,3.198097,1.838525,2.643048,3.466572,
2.068032,2.443831,3.197994,1.85795,2.652724,3.468466,
2.075607,2.448446,3.198579,1.87729,2.662962,3.471564,
2.083283,2.452932,3.199024,1.896544,2.672642,3.474082,
2.090613,2.457392,3.198742,1.915025,2.682315,3.476197,
2.098457,2.462128,3.199136,1.933076,2.692043,3.478903,
2.108333,2.467458,3.199566,1.950762,2.701467,3.481623,
2.117489,2.472443,3.200319,1.967728,2.710846,3.484568,
2.127312,2.477774,3.20047,1.984437,2.720308,3.487273,
2.136917,2.483114,3.200818,1.999803,2.72937,3.490233,
2.145943,2.488446,3.201563,2.014772,2.738513,3.493298,
2.155081,2.493807,3.20279,2.028857,2.747719,3.497026,
2.163587,2.499465,3.203413,2.041795,2.75643,3.499666,
2.172653,2.504811,3.20381,2.054314,2.764568,3.502295,
2.181788,2.510318,3.203387,2.066138,2.772026,3.503567,
2.190562,2.515692,3.202958,2.078369,2.779591,3.504957,
2.199684,2.521309,3.202431,2.08899,2.78624,3.505711,
2.208846,2.527122,3.201837,2.098541,2.792072,3.505768,
2.218097,2.533119,3.200991,2.108613,2.798504,3.506018,
2.227034,2.539159,3.200553,2.11698,2.803842,3.50593,
2.23594,2.545243,3.199967,2.124184,2.808423,3.505253,
2.245394,2.551598,3.199769,2.131766,2.813658,3.505621,
2.25397,2.55769,3.199847,2.137831,2.81849,3.506225,
2.263735,2.563959,3.173837,2.142068,2.822158,3.48594,
2.273262,2.570441,3.173546,2.147966,2.827389,3.486747,
2.282168,2.576959,3.173296,2.152164,2.832406,3.487672,
2.291739,2.583579,3.173474,2.155748,2.837553,3.489447,
2.300806,2.590158,3.173485,2.159949,2.843334,3.491408,
2.309643,2.596743,3.173892,2.162749,2.849053,3.494094,
2.31858,2.603434,3.174103,2.16509,2.855538,3.497472,
2.32745,2.610206,3.174548,2.167341,2.862489,3.501677,
2.33611,2.616809,3.17501,2.168997,2.86952,3.506263,
2.344945,2.623358,3.17515,2.170718,2.877159,3.511333,
2.353651,2.629994,3.175318,2.17188,2.884665,3.516546,
2.362133,2.636476,3.175363,2.173036,2.89187,3.521329,
2.3707,2.642964,3.175328,2.174336,2.899916,3.52694,
2.379288,2.649601,3.175349,2.175249,2.907248,3.531919,
2.387448,2.655917,3.174927,2.176086,2.914491,3.536551,
2.395721,2.662409,3.174814,2.17646,2.921552,3.541246,
2.403486,2.668917,3.17486,2.177159,2.928514,3.545695,
2.411437,2.675327,3.1748,2.175168,2.935051,3.550828,
2.419207,2.681856,3.174646,2.176573,2.941746,3.554315,
2.426854,2.688345,3.174473,2.179062,2.94795,3.556793,
2.434592,2.695129,3.174388,2.18127,2.954292,3.559357,
2.442189,2.701933,3.174166,2.184344,2.96114,3.561852,
2.449703,2.708768,3.173921,2.187396,2.967332,3.563528,
2.457137,2.715641,3.173887,2.191363,2.973141,3.564504,
2.464778,2.722935,3.173927,2.196425,2.97963,3.565386,
2.471889,2.729907,3.173932,2.202053,2.986012,3.566024,
2.479056,2.737189,3.173934,2.208909,2.992632,3.566077,
2.486085,2.744444,3.173799,2.215953,2.99958,3.566157,
2.492841,2.751824,3.173719,2.226577,3.007118,3.565204,
2.499757,2.759463,3.173848,2.23553,3.014504,3.564773,
2.507504,2.767412,3.173886,2.247151,3.022924,3.564143,
2.516103,2.775149,3.173102,2.259965,3.031062,3.562475,
2.52479,2.782673,3.171482,2.274617,3.040307,3.56085,
2.533357,2.790224,3.170203,2.288468,3.049509,3.559639,
2.541635,2.798074,3.169041,2.304507,3.059335,3.557898,
2.549481,2.805505,3.167389,2.320791,3.069722,3.556458,
2.557896,2.812988,3.165025,2.33764,3.08055,3.554683,
2.566571,2.820249,3.162625,2.35501,3.091647,3.55336,
2.575218,2.827426,3.159535,2.372473,3.103225,3.551939,
2.584004,2.834763,3.156488,2.391222,3.115036,3.550123,
2.592631,2.842075,3.153435,2.409973,3.126588,3.548052,
2.601234,2.849431,3.150286,2.429378,3.1385,3.54591,
2.609808,2.857125,3.146907,2.448397,3.150205,3.542979,
2.618624,2.864999,3.143933,2.467978,3.161885,3.540215,
2.62717,2.873164,3.14102,2.487962,3.173557,3.536816,
2.635419,2.881391,3.137975,2.507766,3.184775,3.532531,
2.643689,2.889711,3.135183,2.527529,3.195712,3.528164,
2.651657,2.898063,3.132433,2.547892,3.206365,3.523025,
2.659546,2.906335,3.129551,2.568035,3.217009,3.517823,
2.667294,2.914549,3.126447,2.588776,3.226753,3.511236,
2.675314,2.923107,3.123678,2.609849,3.236373,3.504381,
2.683561,2.93148,3.120534,2.631152,3.245529,3.497068,
2.691866,2.940028,3.117828,2.652757,3.254405,3.489543,
2.700317,2.94864,3.115295,2.673915,3.262335,3.481327,
2.709134,2.957417,3.11306,2.695061,3.269715,3.472532,
2.717947,2.966342,3.111205,2.715889,3.277738,3.464918,
2.726633,2.975224,3.109576,2.736098,3.284634,3.456151,
2.735649,2.98439,3.108276,2.756417,3.291716,3.4477,
2.744828,2.993803,3.107218,2.776146,3.298744,3.439349,
2.753901,3.003248,3.106333,2.795519,3.305385,3.430643,
2.763246,3.013041,3.106669,2.814546,3.311773,3.422252,
2.772618,3.022908,3.107107,2.833875,3.318965,3.41474,
2.782061,3.032864,3.107766,2.851689,3.325623,3.407341,
2.791656,3.04298,3.108884,2.869202,3.332469,3.400295,
2.801498,3.05338,3.110301,2.8862,3.339306,3.393598,
2.811099,3.06393,3.111927,2.902169,3.346626,3.387949,
2.821092,3.074686,3.113542,2.917259,3.353818,3.382454,
2.831531,3.085795,3.115146,2.931422,3.360497,3.376807,
2.841368,3.096959,3.117031,2.944655,3.368146,3.37283,
2.851907,3.10847,3.119156,2.956811,3.375296,3.369336,
2.862707,3.120249,3.121601,2.968191,3.382442,3.366406,
2.872821,3.132149,3.125777,2.978575,3.389817,3.365752,
2.883309,3.144181,3.129681,2.988008,3.39684,3.364708,
2.894251,3.156632,3.134202,2.997441,3.403877,3.364167,
2.905531,3.169597,3.139362,3.004161,3.410469,3.364548,
2.916865,3.182655,3.144337,3.01013,3.41725,3.365234,
2.927554,3.195679,3.149373,3.014903,3.423573,3.36569,
2.937556,3.208502,3.15488,3.019603,3.429285,3.365536,
2.947779,3.221526,3.160617,3.022984,3.435193,3.366182,
2.95769,3.234375,3.165975,3.026134,3.440967,3.366509,
2.966554,3.24679,3.171974,3.027253,3.445275,3.366241,
2.976212,3.259364,3.177867,3.028698,3.45067,3.367179,
2.984907,3.2713,3.183793,3.030853,3.456811,3.368997,
2.994258,3.283414,3.189465,3.03148,3.46169,3.369872,
3.00325,3.29575,3.195359,3.031138,3.46905,3.374038,
3.01237,3.308048,3.201379,3.031459,3.476116,3.377877,
3.020517,3.319657,3.206714,3.030872,3.484355,3.383416,
3.028945,3.33154,3.212029,3.029672,3.494673,3.39185,
3.036433,3.342755,3.216688,3.02864,3.504151,3.398917,
3.044635,3.354243,3.220877,3.027395,3.515447,3.408098,
3.052707,3.365615,3.225166,3.024853,3.526559,3.417916,
3.060711,3.376797,3.228914,3.022289,3.537015,3.426723,
3.068174,3.387453,3.232472,3.019726,3.548538,3.437025,
3.076279,3.398666,3.236682,3.015153,3.558685,3.446873,
3.084256,3.40961,3.240544,3.010086,3.567932,3.455771,
3.091918,3.420405,3.24469,3.005654,3.577269,3.464635,
3.099668,3.431306,3.248634,2.999625,3.585357,3.472371,
3.107154,3.441813,3.252135,2.992351,3.591982,3.478815,
3.11461,3.452544,3.255769,2.984685,3.598152,3.484544,
3.122134,3.46327,3.259298,2.9768,3.603386,3.489201,
3.129472,3.473623,3.262368,2.965858,3.608163,3.494679,
3.137142,3.484253,3.26537,2.957011,3.61101,3.496349,
3.144428,3.494667,3.267903,2.948277,3.613214,3.496681,
3.151376,3.504801,3.270443,2.938985,3.616054,3.498358,
3.158722,3.515313,3.272626,2.930119,3.616915,3.496608,
3.165519,3.525452,3.274778,2.922206,3.618728,3.495711,
3.17194,3.535623,3.276984,2.914318,3.620911,3.495052,
3.178586,3.545497,3.278282,2.907258,3.62229,3.492591,
3.184621,3.554944,3.279727,2.901749,3.624313,3.49052,
3.190795,3.564535,3.281,2.897278,3.62654,3.48787,
3.197022,3.573838,3.282079,2.893643,3.629301,3.485586,
3.202963,3.583047,3.283329,2.890285,3.631907,3.483161,
3.208975,3.592429,3.284434,2.890142,3.635618,3.480035,
3.216314,3.602503,3.286047,2.887513,3.638348,3.477264,
3.223717,3.61303,3.287101,2.890476,3.643479,3.473531,
3.231092,3.623658,3.288379,2.892045,3.64798,3.469876,
3.23864,3.6344,3.289171,2.897261,3.654805,3.466725,
3.24591,3.64494,3.290043,2.900535,3.660488,3.463383,
3.253387,3.655729,3.290406,2.906345,3.667346,3.459614,
3.261016,3.666495,3.290409,2.913071,3.675528,3.456818,
3.268756,3.677142,3.290475,2.920712,3.684289,3.45461,
3.276232,3.687981,3.290005,2.929301,3.693536,3.451573,
3.284097,3.698847,3.28964,2.937683,3.703012,3.449202,
3.292006,3.709838,3.288916,2.947975,3.713656,3.446851,
3.300131,3.720925,3.288274,2.958951,3.725041,3.44525,
3.308781,3.732447,3.287662,2.970776,3.737024,3.443769,
3.315521,3.743763,3.287936,2.981368,3.748228,3.442159,
3.323525,3.755221,3.287637,2.993801,3.76063,3.441083,
3.331949,3.766711,3.28751,3.006419,3.773101,3.440473,
3.339591,3.777979,3.287971,3.019181,3.786049,3.44103,
3.347824,3.789239,3.28938,3.031997,3.798839,3.442975,
3.356357,3.800754,3.291615,3.045198,3.811431,3.445271,
3.363799,3.812041,3.29408,3.058345,3.824591,3.44833,
3.37219,3.823325,3.298464,3.072447,3.837829,3.453398,
3.380637,3.834712,3.303562,3.086349,3.850772,3.458769,
3.38839,3.845902,3.308166,3.100996,3.864429,3.464027,
3.396264,3.856846,3.314306,3.115817,3.877741,3.470502,
3.404787,3.868004,3.320037,3.131002,3.891155,3.476374,
3.412346,3.878924,3.325302,3.145651,3.904475,3.481613,
3.420603,3.889906,3.330244,3.160728,3.917635,3.486074,
3.429015,3.900982,3.335085,3.174994,3.930126,3.489938,
3.436669,3.911963,3.339703,3.189766,3.94352,3.494028,
3.444376,3.92259,3.343784,3.20451,3.956649,3.497721,
3.451851,3.932988,3.34761,3.218754,3.969266,3.500977,
3.458715,3.942904,3.351022,3.23317,3.982553,3.505065,
3.465001,3.952248,3.354151,3.247484,3.995681,3.50923,
3.471322,3.961648,3.357467,3.260949,4.00816,3.513119,
3.478266,3.971169,3.361058,3.273709,4.020269,3.517526,
3.484841,3.980822,3.365565,3.286206,4.031861,3.52203,
3.491581,3.990695,3.370287,3.298453,4.043478,3.526604,
3.497634,3.999991,3.375869,3.308977,4.053917,3.531983,
3.503268,4.009043,3.380244,3.319686,4.064002,3.535806,
3.509133,4.018157,3.38519,3.329792,4.073561,3.539507,
3.514767,4.027282,3.39083,3.33976,4.083025,3.543631,
3.520832,4.03684,3.396329,3.349404,4.091728,3.546327,
3.527082,4.047072,3.4021,3.35866,4.099888,3.547609,
3.53338,4.057015,3.407744,3.368026,4.108224,3.549423,
3.539381,4.066766,3.41333,3.377616,4.116513,3.551056,
3.545649,4.076474,3.418555,3.386247,4.123664,3.551418,
3.551421,4.085912,3.424054,3.39522,4.131654,3.553098,
3.557389,4.095412,3.429688,3.404004,4.139231,3.554511,
3.563126,4.104678,3.434996,3.41184,4.146275,3.555478,
3.569157,4.114353,3.44105,3.41965,4.153718,3.557458,
3.575335,4.124003,3.447329,3.426194,4.160695,3.559916,
3.581624,4.133822,3.453721,3.432273,4.167636,3.562515,
3.587628,4.143391,3.45986,3.438442,4.175117,3.565778,
3.593671,4.153023,3.465964,3.443994,4.182506,3.569134,
3.599141,4.162158,3.471752,3.449415,4.190476,3.573437,
3.604916,4.171322,3.477385,3.454296,4.198407,3.578028,
3.610501,4.180521,3.483056,3.459819,4.206153,3.58184,
3.615839,4.189256,3.488422,3.464928,4.2141,3.586393,
3.621133,4.197968,3.493833,3.469897,4.222248,3.591408,
3.626755,4.20717,3.4999,3.475105,4.230333,3.596337,
3.631783,4.215677,3.505238,3.480637,4.239124,3.601861,
3.636722,4.224164,3.510782,3.485583,4.247627,3.60762,
3.641887,4.233009,3.516904,3.490453,4.255855,3.613174,
3.646721,4.241506,3.522672,3.495172,4.264444,3.619188,
3.651463,4.24966,3.527846,3.500062,4.273316,3.62538,
3.656021,4.257876,3.533273,3.505318,4.282389,3.63169,
3.660599,4.265744,3.537928,3.510289,4.291606,3.638039,
3.665185,4.273995,3.542864,3.515409,4.301209,3.644687,
3.669791,4.282114,3.547646,3.521013,4.311002,3.6514,
3.67428,4.290422,3.552412,3.526616,4.321433,3.658659,
3.678931,4.298387,3.556847,3.531889,4.331606,3.666137,
3.683843,4.307017,3.56206,3.537561,4.341846,3.673471,
3.68909,4.315898,3.567155,3.543286,4.352545,3.681155,
3.694621,4.325338,3.57295,3.548937,4.363576,3.689579,
3.700035,4.334777,3.578637,3.554939,4.374288,3.697197,
3.705392,4.343947,3.58374,3.561197,4.385448,3.705005,
3.710796,4.353063,3.588796,3.568038,4.397736,3.714231,
3.715822,4.361906,3.593398,3.575205,4.409667,3.722463,
3.72088,4.370185,3.596662,3.582964,4.422623,3.731289,
3.72622,4.379289,3.600663,3.590171,4.43545,3.740085,
3.731412,4.388198,3.604762,3.597777,4.448209,3.748892,
3.736705,4.396861,3.608436,3.604852,4.460698,3.757643,
3.742026,4.405683,3.612643,3.611454,4.473229,3.767209,
3.74718,4.414388,3.616814,3.618319,4.485136,3.775715,
3.752196,4.422483,3.620594,3.62474,4.496849,3.784604,
3.756957,4.430634,3.625136,3.630833,4.50826,3.794042,
3.762124,4.439018,3.629771,3.637238,4.519249,3.802586,
3.76712,4.446881,3.634822,3.643217,4.529745,3.81181,
3.772201,4.455159,3.640651,3.650064,4.540959,3.821908,
3.777042,4.463056,3.646137,3.657448,4.5517,3.831014,
3.781675,4.470497,3.652002,3.664855,4.562505,3.841071,
3.78611,4.477911,3.65858,3.672381,4.573404,3.851844,
3.790246,4.484962,3.665374,3.680072,4.583895,3.862371,
3.793875,4.491272,3.671658,3.687444,4.594391,3.873212,
3.796932,4.497263,3.677687,3.694453,4.604953,3.884223,
3.800243,4.503352,3.684035,3.701754,4.615086,3.894452,
3.802907,4.508932,3.690129,3.708321,4.624821,3.904501,
3.80492,4.513506,3.694541,3.714783,4.634542,3.913878,
3.80711,4.518389,3.698837,3.7212,4.643751,3.921948,
3.809309,4.523586,3.703515,3.72761,4.653377,3.930417,
3.811686,4.528873,3.707975,3.733435,4.662962,3.939295,
3.814245,4.534695,3.712716,3.739284,4.67223,3.947354,
3.816483,4.540414,3.718255,3.745169,4.681856,3.956632,
3.818216,4.545978,3.723107,3.751411,4.692072,3.96599,
3.819941,4.551186,3.728285,3.75775,4.701973,3.97575,
3.821774,4.556558,3.734373,3.764359,4.711662,3.985692,
3.823666,4.561934,3.740572,3.770235,4.720831,3.995776,
3.825767,4.567574,3.74721,3.77588,4.729367,4.005243,
3.827855,4.573339,3.754836,3.781153,4.737575,4.015398,
3.829908,4.579007,3.762063,3.786318,4.745953,4.025601,
3.83199,4.584539,3.769236,3.790981,4.753201,4.034691,
3.83371,4.590012,3.776111,3.795852,4.760753,4.043528,
3.835344,4.595283,3.782801,3.800498,4.768329,4.052577,
3.837034,4.600636,3.78918,3.804614,4.774457,4.059422,
3.838822,4.606088,3.794688,3.80865,4.78076,4.065387,
3.840581,4.611375,3.800429,3.812767,4.787174,4.071983,
3.842457,4.616683,3.805902,3.817166,4.793646,4.078257,
3.844398,4.621972,3.810494,3.821042,4.799477,4.082925,
3.846388,4.62731,3.815557,3.82542,4.806168,4.089034,
3.848514,4.632663,3.821,3.82972,4.812767,4.09556,
3.850621,4.63799,3.826153,3.833594,4.819026,4.101533,
3.852671,4.643243,3.831081,3.837856,4.826135,4.108519,
3.854744,4.648376,3.836357,3.841874,4.832786,4.115507,
3.85683,4.653513,3.841354,3.845815,4.83959,4.122576,
3.858806,4.658467,3.846135,3.849921,4.846313,4.129464,
3.86078,4.663246,3.850748,3.85349,4.85277,4.136474,
3.862671,4.667963,3.855516,3.857959,4.860026,4.14418,
3.864567,4.672511,3.859952,3.861643,4.866575,4.151411,
3.866767,4.677188,3.864241,3.865523,4.872903,4.15804,
3.86909,4.68204,3.867996,3.869606,4.879812,4.164783,
3.871607,4.687112,3.872476,3.874022,4.887321,4.172666,
3.874059,4.691973,3.876891,3.879215,4.895117,4.180588,
3.876168,4.69674,3.881139,3.884336,4.902908,4.188311,
3.877851,4.700853,3.88563,3.889274,4.910269,4.196416,
3.879541,4.704993,3.890187,3.894317,4.917796,4.204706,
3.881287,4.709247,3.894121,3.89937,4.925652,4.21273,
3.883009,4.713209,3.898396,3.904624,4.933085,4.220646,
3.884873,4.717148,3.902761,3.910039,4.940856,4.229185,
3.886563,4.720884,3.905901,3.915526,4.948897,4.237112,
3.888235,4.724252,3.909316,3.920671,4.956173,4.244875,
3.890196,4.727674,3.913039,3.925441,4.963325,4.253155,
3.892061,4.730986,3.915992,3.930525,4.970818,4.261117,
3.893792,4.734218,3.918409,3.935512,4.977925,4.268175,
3.895356,4.737194,3.921942,3.940485,4.984717,4.275875,
3.896829,4.739999,3.924265,3.945618,4.991756,4.282953,
3.8984,4.742839,3.927016,3.950015,4.998112,4.289897,
3.900093,4.745793,3.930573,3.95434,5.004669,4.297863,
3.90235,4.748848,3.932871,3.958106,5.010195,4.30375,
3.904669,4.7521,3.935792,3.961857,5.015193,4.309111,
3.907573,4.755276,3.939114,3.966502,5.020235,4.314662,
3.910321,4.758548,3.940313,3.969733,5.024729,4.318475,
3.912953,4.761421,3.94297,3.973166,5.028722,4.322944,
3.915887,4.764222,3.946287,3.975775,5.031456,4.326899,
3.918492,4.76705,3.946781,3.975624,5.030942,4.325308,
3.920771,4.76943,3.949012,3.975264,5.028912,4.323188,
3.922922,4.771395,3.950991,3.975435,5.027147,4.321283,
3.924374,4.772771,3.949153,3.974328,5.022501,4.312754,
3.925463,4.773629,3.949258,3.969929,5.013876,4.30258,
3.926128,4.773775,3.949104,3.966906,5.007249,4.294829,
3.927145,4.774303,3.946072,3.961786,4.997591,4.281377,
3.927752,4.774118,3.944719,3.956232,4.987987,4.270441,
3.928311,4.773711,3.943337,3.948926,4.976002,4.257303,
3.928802,4.773126,3.938633,3.939708,4.962392,4.24087,
3.929304,4.77266,3.93662,3.929759,4.947876,4.225568,
3.930142,4.772221,3.935112,3.920347,4.93372,4.211191,
3.9312,4.771901,3.933714,3.908475,4.916527,4.194363,
3.932242,4.771268,3.929407,3.895577,4.897751,4.174037,
3.933614,4.770975,3.928633,3.882473,4.878517,4.155488,
3.935045,4.770595,3.927279,3.869083,4.858936,4.136273,
3.93635,4.769914,3.924669,3.855572,4.83905,4.115886,
3.93796,4.769346,3.922673,3.843089,4.820302,4.097032,
3.939788,4.768932,3.92175,3.830332,4.801415,4.078526,
3.941856,4.768604,3.92065,3.818547,4.783329,4.06032,
3.944175,4.768624,3.920068,3.808168,4.767088,4.04396,
3.94664,4.768652,3.919052,3.798152,4.751169,4.027314,
3.949104,4.768521,3.917686,3.788761,4.736413,4.011889,
3.95152,4.768283,3.916923,3.780622,4.723466,3.998948,
3.953908,4.767822,3.915168,3.773199,4.71053,3.98471,
3.956014,4.766912,3.913481,3.765183,4.698,3.972406,
3.958097,4.766037,3.912233,3.759792,4.687624,3.961264,
3.959985,4.764998,3.910283,3.754268,4.67687,3.949453,
3.961708,4.763597,3.908371,3.748791,4.666695,3.938903,
3.963355,4.762024,3.906447,3.744561,4.657842,3.929583,
3.964962,4.760349,3.904353,3.73998,4.648352,3.919393,
3.966253,4.758379,3.902061,3.736266,4.638998,3.908555,
3.967396,4.755964,3.899654,3.732929,4.630255,3.898708,
3.968257,4.75337,3.896627,3.729947,4.621517,3.887808,
3.968866,4.750453,3.893273,3.72725,4.613458,3.877664,
3.969435,4.747581,3.89003,3.726189,4.607068,3.868559,
3.969998,4.74462,3.886584,3.72392,4.59947,3.858615,
3.990281,4.763541,3.900355,3.722525,4.5932,3.85016,
3.992858,4.762269,3.896713,3.721816,4.58724,3.841608,
3.993001,4.75916,3.893105,3.721472,4.581899,3.833321,
3.992693,4.755754,3.889771,3.720933,4.576596,3.825662,
3.992609,4.751749,3.885455,3.721654,4.572326,3.818448,
3.992301,4.74742,3.880945,3.72343,4.569293,3.812582,
3.991978,4.743658,3.876802,3.72357,4.565275,3.806118,
3.99132,4.737889,3.870124,3.725799,4.563447,3.801428,
3.99043,4.733128,3.86552,3.727977,4.561565,3.797174,
3.988369,4.727706,3.861173,3.729871,4.55969,3.793555,
3.986484,4.721751,3.8563,3.731582,4.557491,3.789924,
3.983936,4.715333,3.850901,3.734877,4.556993,3.787249,
3.981189,4.709557,3.847176,3.737409,4.556164,3.785321,
3.978866,4.703257,3.84195,3.739785,4.555111,3.782828,
3.976139,4.696734,3.837471,3.742949,4.555298,3.782394,
3.972805,4.691265,3.83488,3.745506,4.555011,3.781318,
3.969753,4.684033,3.829243,3.748249,4.555192,3.780813,
3.96605,4.676673,3.824271,3.750963,4.555567,3.781109,
3.961321,4.6708,3.822168,3.753286,4.556364,3.781918,
3.957839,4.661976,3.815289,3.755527,4.556833,3.783055,
3.953824,4.654495,3.810453,3.758028,4.557744,3.784366,
3.947571,4.650864,3.813751,3.760208,4.558816,3.786372,
3.944219,4.641734,3.806121,3.762806,4.560431,3.789056,
3.939528,4.633811,3.801554,3.764999,4.562033,3.792221,
3.933044,4.628702,3.802745,3.76705,4.563602,3.795093,
3.927501,4.621005,3.799082,3.768901,4.565421,3.798625,
3.922047,4.612742,3.79447,3.770615,4.567413,3.802706,
3.915908,4.606532,3.793816,3.772598,4.569942,3.807372,
3.9125,4.595608,3.782846,3.774432,4.572445,3.811761,
3.906773,4.587239,3.77845,3.776166,4.575102,3.816998,
3.899668,4.581172,3.779028,3.777726,4.577664,3.822276,
3.895057,4.572021,3.772851,3.778966,4.579973,3.827782,
3.889285,4.563771,3.768972,3.780208,4.582263,3.833256,
3.880209,4.558753,3.772692,3.781817,4.584363,3.837496,
3.874897,4.550243,3.76778,3.782518,4.586209,3.842474,
3.86859,4.541883,3.764287,3.782715,4.587592,3.847621,
3.859401,4.536413,3.767915,3.783314,4.589304,3.852658,
3.85375,4.528073,3.76378,3.783109,4.590196,3.857132,
3.847545,4.520072,3.760808,3.782486,4.590693,3.861517,
3.839117,4.514486,3.763644,3.782047,4.590956,3.865329,
3.833772,4.506319,3.759755,3.781488,4.591299,3.869486,
3.827567,4.498705,3.757495,3.780524,4.590969,3.872996,
3.819794,4.492678,3.758765,3.780046,4.589941,3.874471,
3.814536,4.484712,3.755551,3.778425,4.588451,3.877046,
3.808374,4.477442,3.754454,3.776783,4.586722,3.879706,
3.801314,4.471273,3.755791,3.775132,4.584592,3.881743,
3.795475,4.464031,3.7545,3.773067,4.581994,3.883555,
3.789278,4.45719,3.7542,3.77079,4.578981,3.885206,
3.782096,4.450769,3.755471,3.768726,4.576002,3.886748,
3.776206,4.443733,3.754275,3.766885,4.572649,3.887354,
3.770015,4.437167,3.753738,3.76496,4.569113,3.887389,
3.763488,4.43083,3.754203,3.763589,4.565096,3.886239,
3.758078,4.424455,3.753134,3.761398,4.560605,3.884625,
3.752828,4.418015,3.752779,3.75937,4.555549,3.882626,
3.747344,4.411941,3.753043,3.75849,4.551362,3.880545,
3.74247,4.405499,3.751304,3.756314,4.545338,3.87577,
3.737283,4.399487,3.751228,3.754258,4.539055,3.870867,
3.731896,4.393364,3.750854,3.750849,4.532251,3.866266,
3.726675,4.387586,3.748283,3.747579,4.524147,3.857004,
3.721713,4.381892,3.748004,3.744753,4.51618,3.849401,
3.717255,4.376235,3.747084,3.740823,4.506691,3.840086,
3.712667,4.370637,3.745753,3.73616,4.496006,3.829015,
3.708122,4.365278,3.744879,3.73106,4.484684,3.817689,
3.704348,4.36007,3.741242,3.726444,4.472284,3.802389,
3.699991,4.355028,3.739283,3.720758,4.460456,3.790011,
3.70054,4.347749,3.729348,3.714815,4.447292,3.776659,
3.696738,4.343135,3.724437,3.708628,4.433868,3.760736,
3.692726,4.338771,3.723025,3.703069,4.420024,3.74577,
3.688705,4.334218,3.721668,3.697713,4.403021,3.725764,
3.685268,4.329844,3.72093,3.69064,4.389713,3.714638,
3.681439,4.325881,3.719975,3.683916,4.375265,3.700165,
3.677749,4.321827,3.71851,3.676741,4.360518,3.685539,
3.67492,4.317873,3.717083,3.66931,4.345769,3.67192,
3.671604,4.31401,3.715063,3.662455,4.331819,3.657342,
3.668382,4.310067,3.713796,3.65505,4.31673,3.642673,
3.665721,4.306244,3.711468,3.6478,4.302509,3.628555,
3.663228,4.302552,3.709886,3.640507,4.288038,3.614389,
3.660264,4.299215,3.709517,3.63329,4.27373,3.60061,
3.658072,4.295547,3.70797,3.626004,4.259829,3.587719,
3.655695,4.292233,3.707558,3.619002,4.24638,3.575499,
3.653611,4.288736,3.706755,3.611839,4.232667,3.563467,
3.651945,4.28544,3.70605,3.604766,4.219637,3.55257,
3.650241,4.282385,3.704792,3.597628,4.207048,3.541438,
3.648697,4.279123,3.703476,3.590677,4.194186,3.53041,
3.647458,4.275944,3.698741,3.583826,4.182441,3.518705,
3.646197,4.272934,3.697474,3.576777,4.171111,3.510211,
3.645151,4.269806,3.692318,3.569982,4.159919,3.499277,
3.644173,4.26674,3.69096,3.563483,4.149115,3.491644,
3.64318,4.263614,3.689817,3.556616,4.138999,3.485773,
3.642177,4.260443,3.687657,3.55033,4.129376,3.479559,
3.641448,4.257333,3.686165,3.544353,4.12061,3.475161,
3.64052,4.254071,3.685175,3.538328,4.111823,3.471175,
3.63972,4.250892,3.684529,3.532974,4.103958,3.468387,
3.638862,4.247741,3.682915,3.527939,4.096959,3.465839,
3.637994,4.244519,3.681756,3.523101,4.090383,3.464097,
3.637111,4.241399,3.680938,3.51894,4.084436,3.462841,
3.636584,4.238605,3.679985,3.515494,4.079268,3.461849,
3.635543,4.235152,3.678646,3.512065,4.074471,3.461202,
3.634032,4.231408,3.677203,3.509977,4.070633,3.46086,
3.632737,4.227987,3.676437,3.508196,4.067765,3.462014,
3.631849,4.225011,3.67597,3.506684,4.064674,3.462452,
3.630233,4.221627,3.670901,3.506194,4.062378,3.459275,
3.628674,4.21811,3.670458,3.506024,4.060877,3.460626,
3.626867,4.213942,3.669445,3.50748,4.060754,3.462191,
3.624809,4.209699,3.663655,3.509152,4.060177,3.458914,
3.622297,4.205077,3.662915,3.511413,4.060836,3.460858,
3.619969,4.200212,3.662294,3.514051,4.061687,3.463065,
3.617191,4.195035,3.657253,3.518922,4.064556,3.462276,
3.614401,4.189771,3.656052,3.5226,4.066975,3.465377,
3.611257,4.184129,3.655259,3.528479,4.071871,3.470109,
3.60811,4.178522,3.654212,3.533248,4.075271,3.473894,
3.604854,4.172638,3.65017,3.538141,4.080093,3.477559,
3.601402,4.166596,3.648119,3.543308,4.084789,3.482266,
3.597684,4.160195,3.643094,3.548393,4.08979,3.485833,
3.594198,4.154004,3.640486,3.553982,4.095348,3.491572,
3.590456,4.147701,3.638841,3.558187,4.100081,3.498159,
3.586438,4.141067,3.635919,3.562124,4.103954,3.50309,
3.58255,4.13446,3.632901,3.563983,4.10604,3.507648,
3.578396,4.127721,3.630754,3.563059,4.105443,3.511549,
3.573928,4.12099,3.625292,3.561814,4.103825,3.511362,
3.569802,4.114171,3.623291,3.558762,4.100129,3.513042,
3.565476,4.107296,3.61936,3.554337,4.09579,3.513395,
3.560955,4.09999,3.613508,3.550138,4.090435,3.510725,
3.55664,4.093044,3.610391,3.545275,4.084502,3.509407,
3.552176,4.085737,3.605263,3.540184,4.079005,3.507734,
3.547422,4.078392,3.59954,3.534631,4.072121,3.503586,
3.542972,4.071053,3.595746,3.529934,4.066029,3.501349,
3.529361,4.048409,3.576781,3.516816,4.047848,3.488381,
3.520378,4.032893,3.564465,3.507783,4.033422,3.477032,
3.520354,4.032506,3.563181,3.50686,4.030594,3.473196,
3.515873,4.024977,3.557726,3.501598,4.021985,3.466676,
3.511604,4.016879,3.550081,3.496783,4.013354,3.458735,
3.50701,4.008772,3.542844,3.490158,4.001588,3.448268,
3.502891,4.000854,3.537379,3.483548,3.990524,3.440655,
3.498463,3.992603,3.529107,3.476976,3.979457,3.430745,
3.493848,3.984088,3.522061,3.470173,3.967659,3.421228,
3.489351,3.97558,3.516501,3.462682,3.9552,3.412841,
3.484711,3.966812,3.509417,3.45529,3.943178,3.403917,
3.479757,3.957764,3.50138,3.447138,3.929696,3.392995,
3.474882,3.948367,3.496397,3.439153,3.916831,3.385613,
3.469744,3.938701,3.492384,3.430939,3.903606,3.378637,
3.464303,3.928313,3.48535,3.422697,3.890158,3.369994,
3.458927,3.918052,3.480456,3.414598,3.87668,3.362446,
3.453758,3.908018,3.473583,3.405868,3.86296,3.353668,
3.448505,3.897835,3.470203,3.397798,3.849313,3.347282,
3.443609,3.887981,3.464817,3.389822,3.836018,3.339654,
3.438819,3.878414,3.46129,3.381687,3.822641,3.333305,
3.434026,3.868953,3.45496,3.373578,3.808981,3.324423,
3.429379,3.859764,3.448824,3.365465,3.795623,3.316096,
3.424783,3.85052,3.443071,3.357048,3.781884,3.30788,
3.42002,3.84144,3.438074,3.34888,3.767941,3.299638,
3.415332,3.832343,3.432492,3.340736,3.754322,3.291396,
3.410635,3.82284,3.426658,3.332682,3.7404,3.282956,
3.405491,3.813104,3.420337,3.324824,3.726352,3.273733,
3.400631,3.803577,3.4145,3.317765,3.712963,3.265017,
3.395748,3.793964,3.408348,3.311304,3.699774,3.255747,
3.390542,3.784194,3.402377,3.304611,3.68617,3.246447,
3.385697,3.774806,3.396747,3.299112,3.673682,3.237535,
3.380764,3.765306,3.391137,3.293807,3.661305,3.228673,
3.375477,3.755611,3.385232,3.288718,3.648656,3.219162,
3.370294,3.745881,3.378836,3.284729,3.637338,3.209987,
3.365139,3.736225,3.374242,3.281134,3.626473,3.20213,
3.359538,3.726511,3.368483,3.277785,3.615575,3.193088,
3.354169,3.716855,3.366936,3.27492,3.605925,3.188731,
3.348852,3.707234,3.363239,3.27283,3.597164,3.182942,
3.343046,3.697173,3.357656,3.270125,3.587455,3.175394,
3.3375,3.68726,3.354567,3.268171,3.579293,3.171064,
3.331875,3.677272,3.351347,3.266328,3.572141,3.167803,
3.325778,3.666835,3.34641,3.263545,3.563809,3.163113,
3.319805,3.656403,3.34288,3.261227,3.556999,3.160945,
3.313646,3.645961,3.340483,3.258129,3.549994,3.160171,
3.307073,3.635153,3.336059,3.255059,3.543265,3.158194,
3.300257,3.624117,3.332544,3.251763,3.536664,3.157246,
3.293483,3.613081,3.328426,3.248179,3.530156,3.156359,
3.28643,3.601826,3.325784,3.244549,3.52329,3.15614,
3.278824,3.590437,3.321588,3.240896,3.516836,3.154803,
3.271495,3.578991,3.317273,3.237218,3.509667,3.152567,
3.26387,3.567917,3.314151,3.231832,3.501667,3.151558,
3.256789,3.557029,3.309728,3.227478,3.493918,3.148935,
3.249643,3.546735,3.30565,3.220889,3.484959,3.146809,
3.242339,3.536783,3.302653,3.213314,3.474733,3.144398,
3.235267,3.527486,3.298939,3.204822,3.464031,3.141331,
3.228511,3.518314,3.294754,3.196051,3.453176,3.138135,
3.221843,3.509514,3.292194,3.186403,3.441726,3.136006,
3.214426,3.500191,3.289627,3.176178,3.430239,3.134287,
3.206909,3.490981,3.286928,3.167113,3.419428,3.131717,
3.198955,3.481628,3.28505,3.158094,3.408873,3.130113,
3.190352,3.471939,3.282866,3.148536,3.398461,3.128772,
3.181843,3.462534,3.281462,3.138322,3.38814,3.128627,
3.173398,3.453758,3.281196,3.128003,3.378313,3.129619,
3.164253,3.444883,3.278692,3.117216,3.369956,3.130818,
3.155332,3.436274,3.279014,3.105294,3.360907,3.134721,
3.146265,3.428299,3.283793,3.0936,3.35218,3.141465,
3.137204,3.420853,3.285164,3.080443,3.344183,3.147648,
3.128658,3.413889,3.287588,3.067029,3.336185,3.155015,
3.120331,3.407575,3.289908,3.053045,3.328034,3.16237,
3.111802,3.401183,3.292337,3.039935,3.320985,3.16977,
3.103429,3.395221,3.294715,3.025801,3.313988,3.178244,
3.095122,3.390099,3.29782,3.011084,3.307914,3.188412,
3.087245,3.385343,3.300977,2.997864,3.302469,3.197443,
3.079753,3.380907,3.304024,2.984294,3.29721,3.207182,
3.072286,3.376735,3.307288,2.971083,3.292312,3.216978,
3.065046,3.372953,3.311463,2.958045,3.28717,3.226852,
3.057821,3.369379,3.314814,2.945329,3.2835,3.237116,
3.050674,3.365959,3.318755,2.933152,3.279613,3.246965,
3.043419,3.362506,3.32303,2.921533,3.276448,3.257298,
3.036049,3.359017,3.326504,2.91057,3.274154,3.267245,
3.028575,3.355375,3.330262,2.899653,3.27184,3.277584,
3.021122,3.35188,3.334145,2.889229,3.27009,3.2879,
3.013514,3.34828,3.337067,2.879069,3.268821,3.297777,
3.006017,3.344773,3.340108,2.869105,3.267456,3.307391,
2.998456,3.341271,3.343393,2.858604,3.265314,3.316848,
2.991094,3.338073,3.345466,2.848721,3.264088,3.325705,
2.983965,3.33491,3.347967,2.838927,3.262348,3.334514,
2.976959,3.331847,3.350604,2.829014,3.260129,3.342982,
2.96861,3.328132,3.353304,2.819302,3.258451,3.351223,
2.959018,3.323646,3.35702,2.809684,3.256397,3.35955,
2.949094,3.318859,3.360454,2.800436,3.253999,3.367161,
2.939,3.314089,3.363682,2.790976,3.252315,3.375813,
2.929515,3.310054,3.367719,2.781859,3.251234,3.38498,
2.920014,3.306243,3.372069,2.772943,3.250327,3.394288,
2.910277,3.302155,3.376084,2.765076,3.250255,3.403414,
2.899922,3.298269,3.380812,2.757331,3.250189,3.412241,
2.889881,3.294727,3.385717,2.749764,3.25036,3.421376,
2.879693,3.291076,3.390079,2.742601,3.251083,3.430391,
2.870476,3.288285,3.394681,2.735157,3.251482,3.439449,
2.8619,3.286075,3.398969,2.72862,3.252748,3.448556,
2.853341,3.28387,3.402602,2.721494,3.253673,3.457375,
2.845561,3.282462,3.406654,2.715204,3.255224,3.466301,
2.838057,3.281301,3.410431,2.709075,3.257241,3.475398,
2.830419,3.27998,3.413776,2.702499,3.258583,3.483964,
2.824049,3.279551,3.417076,2.696499,3.260059,3.492198,
2.818073,3.279407,3.420578,2.690971,3.261919,3.500683,
2.812909,3.279792,3.423225,2.685226,3.263376,3.508463,
2.808414,3.281002,3.426411,2.680234,3.265348,3.516301,
2.804215,3.282381,3.429627,2.675441,3.267727,3.524602,
2.80045,3.283782,3.432096,2.670776,3.270185,3.532736,
2.797102,3.285288,3.434522,2.667056,3.273057,3.540525,
2.794253,3.286933,3.436684,2.663476,3.276172,3.548565,
2.792232,3.288546,3.437865,2.660741,3.279648,3.556063,
2.79005,3.290112,3.439302,2.658796,3.283504,3.563198,
2.78812,3.291461,3.440364,2.657606,3.287867,3.570111,
2.786413,3.29303,3.441129,2.656322,3.292216,3.57671,
2.784327,3.294206,3.442047,2.655313,3.29668,3.583434,
2.782721,3.295227,3.442612,2.65447,3.301158,3.590023,
2.781411,3.296124,3.442729,2.653176,3.305159,3.596495,
2.780617,3.296998,3.442782,2.651953,3.308967,3.602964,
2.779387,3.297981,3.442667,2.649746,3.312339,3.609174,
2.777834,3.298409,3.442569,2.648377,3.315514,3.614408,
2.776731,3.298966,3.44249,2.646514,3.317376,3.618519,
2.775394,3.299847,3.442476,2.644914,3.318953,3.621466,
2.774203,3.300693,3.442302,2.645354,3.320793,3.622536,
2.773381,3.301821,3.442453,2.647356,3.323411,3.623331,
2.772434,3.303164,3.442799,2.648523,3.325786,3.624507,
2.771952,3.304947,3.443491,2.651073,3.327675,3.623639,
2.771355,3.306428,3.443659,2.653399,3.329281,3.622321,
2.771212,3.308232,3.444269,2.655214,3.329978,3.620471,
2.770798,3.309743,3.444394,2.656556,3.33039,3.618475,
2.770171,3.311104,3.44487,2.657272,3.329885,3.615458,
2.769172,3.312444,3.445581,2.656703,3.330184,3.614748,
2.768168,3.312933,3.445306,2.654193,3.330914,3.616436,
2.767634,3.313212,3.444409,2.650094,3.329662,3.617004,
2.766933,3.313518,3.443269,2.647602,3.328564,3.615958,
2.766185,3.313388,3.441568,2.645965,3.328605,3.615408,
2.764992,3.312889,3.440025,2.64631,3.327522,3.611371,
2.76338,3.311888,3.438083,2.648338,3.328062,3.606997,
2.761787,3.310685,3.435777,2.649415,3.328646,3.603358,
2.760293,3.309417,3.433261,2.649832,3.329065,3.600198,
2.758741,3.307954,3.430465,2.648753,3.328726,3.597107,
2.75743,3.30673,3.427682,2.646709,3.326955,3.592977,
2.755747,3.305025,3.424723,2.645176,3.325732,3.589204,
2.753515,3.303088,3.421997,2.643513,3.325056,3.585658,
2.751239,3.300654,3.418816,2.641515,3.324078,3.582192,
2.748683,3.297967,3.415513,2.639726,3.323336,3.578389,
2.746268,3.295307,3.41188,2.638084,3.322388,3.573955,
2.743748,3.292117,3.407766,2.634343,3.320082,3.569782,
2.741746,3.289369,3.403653,2.630887,3.317506,3.564953,
2.739633,3.286382,3.399495,2.626996,3.314307,3.559667,
2.737568,3.283589,3.395377,2.620604,3.307853,3.552341,
2.73521,3.28048,3.390987,2.615079,3.301705,3.544366,
2.732498,3.277333,3.38703,2.610079,3.295662,3.535875,
2.729794,3.273763,3.381962,2.605434,3.288778,3.525382,
2.727083,3.27017,3.377357,2.60198,3.281894,3.514041,
2.724318,3.266402,3.372282,2.598225,3.274976,3.502619,
2.721765,3.262637,3.366759,2.59517,3.266943,3.488843,
2.719453,3.258672,3.361204,2.591634,3.258464,3.475396,
2.717083,3.254759,3.356112,2.5867,3.248415,3.46172,
2.714811,3.250794,3.351019,2.582092,3.236981,3.446247,
2.712855,3.247003,3.346539,2.578438,3.226972,3.43226,
2.71085,3.24329,3.3424,2.574662,3.216078,3.417564,
2.70907,3.239362,3.338405,2.571023,3.2036,3.401349,
2.70764,3.235672,3.334685,2.567335,3.191949,3.386628,
2.706529,3.231887,3.330637,2.564258,3.180688,3.371797,
2.705041,3.227484,3.326279,2.560359,3.167155,3.355124,
2.704099,3.223674,3.32168,2.556916,3.155084,3.339669,
2.703536,3.219881,3.31663,2.554063,3.143572,3.324057,
2.702987,3.215625,3.310742,2.550062,3.130075,3.307184,
2.702592,3.211476,3.304332,2.546673,3.117917,3.29092,
2.702601,3.20697,3.296954,2.543483,3.106091,3.274974,
2.702519,3.202289,3.28923,2.539351,3.092989,3.258504,
2.702577,3.197285,3.281037,2.534922,3.079881,3.242594,
2.702327,3.191542,3.272227,2.530361,3.066831,3.227003,
2.702104,3.185977,3.264133,2.524594,3.052169,3.211602,
2.702354,3.180215,3.255251,2.519094,3.037955,3.196887,
2.702478,3.174088,3.246113,2.514641,3.024951,3.182634,
2.702047,3.16777,3.238028,2.507769,3.0095,3.169071,
2.701678,3.161478,3.229377,2.501382,2.994742,3.15564,
2.700505,3.154278,3.221091,2.496236,2.980824,3.14254,
2.701107,3.149181,3.212506,2.488257,2.964564,3.129817,
2.699837,3.141879,3.203761,2.480513,2.947619,3.116307,
2.6986,3.134982,3.195316,2.474347,2.932239,3.102842,
2.69813,3.128799,3.185979,2.465955,2.914699,3.089339,
2.696209,3.120898,3.176752,2.457657,2.897219,3.076039,
2.693231,3.11207,3.167383,2.451462,2.881736,3.06259,
2.691167,3.103904,3.157029,2.442025,2.863041,3.049309,
2.688813,3.095604,3.147376,2.43408,2.845931,3.036505,
2.68434,3.084732,3.137205,2.428187,2.830527,3.023356,
2.68078,3.075295,3.127597,2.418993,2.811854,3.010925,
2.677515,3.066149,3.117953,2.410762,2.793891,2.998406,
2.66845,3.050775,3.109053,2.40585,2.778709,2.985834,
2.66343,3.040034,3.100193,2.39731,2.760101,2.974037,
2.635887,3.005258,3.093383,2.391243,2.743796,2.962276,
2.631681,2.995115,3.08494,2.383378,2.726116,2.951645,
2.627285,2.985029,3.076473,2.376985,2.709959,2.941091,
2.622929,2.974622,3.067393,2.373266,2.697047,2.930575,
2.618688,2.964538,3.05912,2.371332,2.684042,2.918319,
2.614182,2.954568,3.051025,2.364389,2.668346,2.909572,
2.609651,2.944197,3.042306,2.357611,2.65168,2.899695,
2.605067,2.934566,3.034661,2.351024,2.63608,2.890883,
2.600381,2.925254,3.027828,2.344299,2.621065,2.883194,
2.595513,2.915921,3.021331,2.337393,2.605913,2.875693,
2.590071,2.906804,3.016025,2.330777,2.591684,2.868908,
2.584362,2.897209,3.010452,2.324234,2.577827,2.86274,
2.578424,2.88796,3.005105,2.316505,2.563646,2.85726,
2.572304,2.878609,3.000211,2.309102,2.550229,2.85251,
2.565669,2.868907,2.995412,2.301232,2.536568,2.848086,
2.558802,2.859356,2.990927,2.293999,2.522889,2.843118,
2.551523,2.84976,2.986928,2.286165,2.510103,2.839563,
2.544826,2.840422,2.9827,2.279012,2.497692,2.835891,
2.53688,2.830174,2.978769,2.27079,2.484966,2.832945,
2.529204,2.820534,2.975266,2.262742,2.472738,2.830466,
2.521484,2.81064,2.971486,2.253931,2.461165,2.829327,
2.513224,2.800728,2.968109,2.245031,2.449481,2.82807,
2.504864,2.790888,2.965014,2.236082,2.437834,2.827187,
2.496507,2.780883,2.961672,2.22697,2.426241,2.82658,
2.487517,2.770284,2.958594,2.218175,2.414236,2.825676,
2.478345,2.760279,2.955556,2.20823,2.40335,2.825918,
2.468886,2.75002,2.95236,2.198579,2.392317,2.825742,
2.459576,2.740047,2.949462,2.188649,2.382146,2.826494,
2.449823,2.730008,2.946446,2.178983,2.37253,2.827016,
2.440066,2.719816,2.943267,2.169707,2.363162,2.827388,
2.430188,2.709901,2.940557,2.160278,2.353976,2.828013,
2.420093,2.699879,2.938112,2.150987,2.344909,2.82856,
2.409976,2.690048,2.935863,2.141748,2.335793,2.829107,
2.399509,2.680236,2.933844,2.132235,2.32646,2.829608,
2.388865,2.670532,2.932226,2.122921,2.317125,2.829877,
2.378026,2.660584,2.930437,2.113949,2.308007,2.829924,
2.36725,2.650942,2.928971,2.105594,2.298562,2.829279,
2.35655,2.641383,2.927386,2.097568,2.289604,2.828585,
2.346182,2.631974,2.925422,2.090251,2.280989,2.827402,
2.335464,2.622518,2.923955,2.083822,2.272372,2.825508,
2.325008,2.613348,2.922017,2.076786,2.263746,2.823877,
2.31456,2.604125,2.920499,2.070703,2.255085,2.821502,
2.303738,2.594625,2.918994,2.064818,2.24634,2.81867,
2.293131,2.585417,2.917667,2.059015,2.237423,2.815484,
2.282555,2.576202,2.916246,2.053149,2.228682,2.81246,
2.27141,2.566623,2.914824,2.047707,2.219539,2.808643,
2.260422,2.556973,2.913041,2.042565,2.210481,2.804455,
2.249216,2.547315,2.911403,2.037464,2.201622,2.8002,
2.237851,2.537486,2.909991,2.033682,2.193375,2.795257,
2.226295,2.527502,2.908531,2.029752,2.185435,2.790347,
2.214963,2.517334,2.90668,2.02678,2.177681,2.784484,
2.203261,2.507126,2.905146,2.022753,2.169161,2.779006,
2.191564,2.496661,2.903265,2.018215,2.160216,2.773476,
2.179621,2.486125,2.901551,2.01291,2.150976,2.768306,
2.167639,2.47544,2.900217,2.007573,2.141146,2.76312,
2.155673,2.464587,2.89853,2.001848,2.130628,2.757764,
2.143641,2.453621,2.896914,1.995876,2.11992,2.752613,
2.131467,2.442407,2.895918,1.990337,2.108564,2.747216,
2.119466,2.431226,2.894251,1.984554,2.097287,2.741789,
2.107465,2.419861,2.892852,1.978574,2.085638,2.736746,
2.095535,2.408393,2.891504,1.972881,2.073683,2.731299,
2.083848,2.396969,2.889926,1.967202,2.062082,2.726274,
2.072152,2.385211,2.888546,1.961569,2.050349,2.721513,
2.060561,2.373624,2.887427,1.956007,2.039115,2.717238,
2.049312,2.361777,2.885992,1.950133,2.027906,2.713553,
2.037952,2.350085,2.885057,1.943992,2.01685,2.710577,
2.02682,2.338261,2.884463,1.937639,2.005668,2.708466,
2.015802,2.32649,2.884281,1.931296,1.994868,2.707027,
2.004627,2.314479,2.883994,1.924874,1.98407,2.70589,
1.993537,2.302417,2.884047,1.918395,1.973494,2.705564,
1.982883,2.290661,2.883761,1.912019,1.963035,2.705135,
1.972082,2.279162,2.884603,1.906151,1.953062,2.705387,
1.960836,2.267192,2.885626,1.899663,1.942944,2.706437,
1.949986,2.255492,2.886739,1.892868,1.933015,2.708244,
1.939161,2.244003,2.888382,1.886049,1.923103,2.710719,
1.928565,2.23247,2.889705,1.878631,1.913056,2.713793,
1.917727,2.221169,2.89227,1.871365,1.903361,2.717324,
1.907247,2.210149,2.895064,1.863019,1.893938,2.722335,
1.896767,2.198925,2.898083,1.854682,1.88458,2.727613,
1.885954,2.187928,2.901469,1.846318,1.875391,2.732638,
1.875391,2.177232,2.905169,1.837259,1.866169,2.738715,
1.864579,2.166436,2.90941,1.827809,1.856588,2.745212,
1.853733,2.156119,2.913371,1.817776,1.847052,2.751844,
1.842861,2.14599,2.917745,1.806805,1.837492,2.759477,
1.832047,2.135858,2.922819,1.796236,1.827849,2.767021,
1.821909,2.126145,2.926985,1.785963,1.818461,2.774236,
1.811262,2.11645,2.931875,1.775349,1.809281,2.782093,
1.800682,2.106655,2.937406,1.765622,1.800125,2.78985,
1.790428,2.097445,2.942834,1.756166,1.792021,2.797408,
1.779738,2.088209,2.949026,1.746809,1.784518,2.80564,
1.769189,2.079016,2.955616,1.737912,1.776653,2.813803,
1.758746,2.070114,2.962301,1.729038,1.770054,2.822442,
1.74827,2.061713,2.969209,1.720702,1.763849,2.830997,
1.737691,2.053108,2.976622,1.712337,1.757849,2.840226,
1.727402,2.044796,2.983545,1.703985,1.752368,2.849054,
1.716951,2.036965,2.990746,1.695864,1.747191,2.857891,
1.70662,2.028836,2.997974,1.688105,1.742063,2.86612,
1.696026,2.021301,3.00534,1.680648,1.737285,2.874041,
1.68557,2.013921,3.012503,1.673141,1.731923,2.881572,
1.674836,2.006662,3.019505,1.666829,1.726196,2.887364,
1.664088,1.999491,3.026131,1.660284,1.721084,2.893917,
1.653258,1.992624,3.032641,1.65418,1.715322,2.899186,
1.642446,1.985306,3.038576,1.648473,1.709813,2.904171,
1.631911,1.978055,3.043784,1.642967,1.705131,2.90903,
1.620977,1.970632,3.048504,1.638293,1.700387,2.911999,
1.610798,1.963124,3.053168,1.633419,1.695637,2.915612,
1.602044,1.956491,3.057879,1.629121,1.691271,2.918073,
1.592786,1.95026,3.064022,1.624377,1.68646,2.92068,
1.58372,1.943042,3.07058,1.619768,1.680923,2.92318,
1.574934,1.936319,3.076467,1.615098,1.675589,2.926181,
1.566452,1.930966,3.082154,1.609875,1.668587,2.929407,
1.558292,1.925176,3.087971,1.60493,1.662268,2.9329,
1.550588,1.919629,3.093111,1.599552,1.656335,2.936747,
1.542857,1.914345,3.098928,1.594014,1.649939,2.941052,
1.535817,1.908808,3.105019,1.589359,1.643599,2.94559,
1.529823,1.903554,3.10998,1.585198,1.637329,2.949865,
1.523209,1.898777,3.115652,1.580842,1.630745,2.954185,
1.517269,1.893418,3.121483,1.57679,1.623891,2.958903,
1.512622,1.888497,3.126162,1.572794,1.617821,2.963451,
1.507651,1.884464,3.131747,1.568421,1.61154,2.968498,
1.503317,1.879975,3.137186,1.564169,1.605399,2.974207,
1.499113,1.876361,3.142419,1.559896,1.599658,2.980566,
1.495054,1.873081,3.147833,1.555566,1.593771,2.98802,
1.491362,1.869636,3.153068,1.551513,1.588166,2.996457,
1.488127,1.866332,3.157717,1.54775,1.583001,3.0045,
1.484665,1.863218,3.162225,1.54335,1.577603,3.013446,
1.481742,1.859771,3.166107,1.5393,1.572072,3.02258,
1.478713,1.856813,3.169917,1.535137,1.567066,3.031437,
1.475531,1.853744,3.173662,1.530627,1.562223,3.040916,
1.472522,1.849856,3.176478,1.525797,1.557414,3.050449,
1.469144,1.846653,3.179307,1.520534,1.553424,3.061868,
1.465441,1.842995,3.181819,1.515177,1.549794,3.074517,
1.461687,1.838724,3.183726,1.509387,1.546609,3.088058,
1.457516,1.8347,3.185495,1.502503,1.545067,3.1041,
1.453347,1.830435,3.186945,1.494916,1.54422,3.121591,
1.449006,1.824975,3.187118,1.486444,1.544715,3.14073,
1.44441,1.820245,3.187875,1.477611,1.546821,3.16096,
1.440543,1.815207,3.188455,1.470014,1.548894,3.181318,
1.437361,1.809629,3.188486,1.463157,1.552384,3.20441,
1.434873,1.8048,3.189548,1.458772,1.55826,3.230218,
1.433485,1.7999,3.191106,1.457184,1.565459,3.258927,
1.433,1.794676,3.192827,1.457447,1.575109,3.292119,
1.433266,1.791037,3.195096,1.458727,1.587301,3.326671,
1.434104,1.787972,3.198264,1.46224,1.604728,3.37106,
1.435714,1.785428,3.202172,1.468691,1.627763,3.429303,
1.43897,1.784057,3.206037,1.473642,1.649346,3.481579,
1.442255,1.783541,3.210955,1.478981,1.670653,3.544112,
1.446097,1.783025,3.215275,1.485888,1.690353,3.60173,
1.451039,1.784474,3.220487,1.4899,1.703462,3.657007,
1.455564,1.78542,3.225703,1.489339,1.711495,3.706156,
1.460327,1.78625,3.230533,1.486185,1.709613,3.73191,
1.464809,1.788446,3.236194,1.478436,1.709811,3.753583,
1.468729,1.790711,3.24289,1.444164,1.69624,3.738405,
1.472005,1.793769,3.250597,1.41989,1.691959,3.742856,
1.47535,1.797771,3.259052,1.390015,1.696436,3.741186,
1.478081,1.8015,3.267915,1.376951,1.710205,3.744101,
1.479871,1.804737,3.275599,1.388449,1.711681,3.745167,
1.480745,1.807756,3.283822,1.393799,1.699977,3.73991,
1.480947,1.809611,3.291243,1.393897,1.688748,3.728351,
1.479668,1.809492,3.297157,1.379598,1.691774,3.73292,
1.477388,1.808684,3.302759,1.354879,1.699994,3.739956,
1.475741,1.807345,3.307887,1.325778,1.707364,3.742998,
1.472969,1.805009,3.312595,1.300801,1.711299,3.745783,
1.470209,1.802907,3.317989,1.272159,1.717355,3.74852,
1.466754,1.800105,3.323159,1.249415,1.718093,3.749975,
1.462741,1.795533,3.326811,1.228348,1.714437,3.748093,
1.457317,1.791401,3.330888,1.210324,1.709381,3.744895,
1.451237,1.786505,3.33399,1.191763,1.705701,3.743288,
1.444406,1.7804,3.336034,1.171946,1.702367,3.74068,
1.436644,1.774144,3.337839,1.154383,1.697698,3.737138,
1.428685,1.767553,3.339305,1.134874,1.695532,3.735715,
1.420523,1.759939,3.339987,1.115814,1.694275,3.734539,
1.412901,1.753509,3.341571,1.098164,1.69353,3.732995,
1.406568,1.748199,3.344015,1.081519,1.691863,3.729281,
1.401299,1.74333,3.34756,1.065579,1.689566,3.725281,
1.397193,1.739255,3.352163,1.050727,1.686863,3.719349,
1.393147,1.734788,3.355384,1.036521,1.683375,3.713368,
1.389477,1.72989,3.357347,1.021786,1.680327,3.707342,
1.387405,1.726356,3.359335,1.007239,1.678923,3.701192,
1.385932,1.723969,3.362452,0.9945217,1.675418,3.69194,
1.386454,1.724186,3.368203,0.9824287,1.672735,3.68435,
1.388542,1.72707,3.37566,0.9737784,1.668886,3.672337,
1.389729,1.727858,3.380661,0.9691954,1.660191,3.654661,
1.391967,1.728328,3.384227,0.9644313,1.65329,3.641567,
1.394817,1.72928,3.386733,0.9628062,1.645669,3.627152,
1.397742,1.730121,3.389346,0.9622425,1.637355,3.610521,
1.400743,1.730763,3.391753,0.9629076,1.629675,3.59683,
1.403988,1.73241,3.393702,0.9641804,1.623147,3.58462,
1.407118,1.733522,3.395425,0.9658204,1.616162,3.572337,
1.409941,1.734035,3.396723,0.9701371,1.607861,3.559539,
1.412641,1.734949,3.397601,0.9751756,1.599952,3.549547,
1.415245,1.735423,3.397996,0.9806665,1.591695,3.538988,
1.41765,1.735527,3.398325,0.9856622,1.584002,3.530029,
1.419981,1.735644,3.398045,0.9912295,1.576816,3.524156,
1.421802,1.735494,3.397884,0.9948614,1.571145,3.519267,
1.423479,1.734715,3.397332,0.9987658,1.565544,3.516758,
1.42472,1.73415,3.396992,1.004873,1.558803,3.516157,
1.425876,1.732907,3.396003,1.013023,1.550105,3.515483,
1.42669,1.730876,3.394852,1.021675,1.540737,3.513796,
1.427096,1.728922,3.393738,1.034706,1.52857,3.514905,
1.427578,1.726627,3.392242,1.04565,1.5175,3.514093,
1.428047,1.72358,3.390818,1.057275,1.505449,3.512319,
1.428265,1.720713,3.389382,1.072456,1.490692,3.509973,
1.428342,1.7175,3.387492,1.086915,1.476604,3.507751,
1.429034,1.713757,3.385929,1.09973,1.463779,3.505433,
1.429342,1.710388,3.384543,1.115314,1.449191,3.50317,
1.429603,1.706906,3.382574,1.127619,1.436406,3.49832,
1.430357,1.703159,3.381179,1.139664,1.424079,3.494493,
1.431335,1.699948,3.380102,1.152323,1.412066,3.490574,
1.432952,1.696911,3.379019,1.163378,1.400691,3.484985,
1.435059,1.693913,3.379161,1.174182,1.389154,3.478771,
1.437542,1.691686,3.379393,1.185388,1.378374,3.472553,
1.440004,1.68919,3.379242,1.195792,1.36748,3.464458,
1.442654,1.686418,3.379242,1.2061,1.356605,3.456946,
1.445433,1.684018,3.378771,1.215799,1.347238,3.449704,
1.448279,1.681273,3.377851,1.221069,1.33944,3.438176,
1.451568,1.678832,3.377352,1.234675,1.332698,3.444444,
1.455458,1.676496,3.377504,1.242027,1.325384,3.437322,
1.459312,1.673772,3.37706,1.24999,1.317483,3.428636,
1.463835,1.670884,3.376337,1.255518,1.310953,3.418836,
1.468912,1.668646,3.375157,1.261118,1.305805,3.410477,
1.473914,1.665916,3.373225,1.267091,1.300114,3.401178,
1.478924,1.662849,3.371399,1.272471,1.294759,3.391738,
1.487449,1.658582,3.369971,1.276713,1.291273,3.382914,
1.493319,1.656205,3.368377,1.281212,1.287422,3.37329,
1.498955,1.653203,3.365843,1.28578,1.283639,3.363811,
1.505743,1.64913,3.361956,1.288985,1.281636,3.354651,
1.511384,1.645216,3.357358,1.292664,1.279018,3.344004,
1.517515,1.641765,3.353013,1.296761,1.276853,3.333473,
1.524134,1.637584,3.348312,1.299952,1.275886,3.324034,
1.530193,1.633635,3.34259,1.304067,1.274449,3.312921,
1.536374,1.629683,3.337245,1.307859,1.273794,3.302009,
1.543409,1.62512,3.332123,1.313009,1.272861,3.291312,
1.54962,1.62074,3.325356,1.3184,1.27151,3.279788,
1.555753,1.617129,3.31972,1.324356,1.270918,3.267478,
1.562265,1.613149,3.313904,1.330442,1.270864,3.255623,
1.568258,1.609215,3.307357,1.338247,1.269837,3.242039,
1.573968,1.606004,3.300961,1.346155,1.269614,3.228588,
1.579774,1.602861,3.295045,1.353526,1.270881,3.215486,
1.585612,1.599465,3.288542,1.362284,1.272095,3.200787,
1.591333,1.59613,3.282015,1.370629,1.274172,3.187186,
1.597394,1.592741,3.275611,1.379528,1.276901,3.173555,
1.603201,1.589069,3.268692,1.387948,1.280429,3.160253,
1.609126,1.585937,3.261773,1.396397,1.284629,3.147444,
1.615502,1.582768,3.254608,1.404531,1.289574,3.135345,
1.622218,1.57909,3.247384,1.412477,1.29482,3.123334,
1.62883,1.57584,3.239408,1.419947,1.300659,3.112302,
1.63555,1.572554,3.231424,1.426911,1.306186,3.103024,
1.642255,1.569163,3.223407,1.43471,1.312042,3.092183,
1.649089,1.566231,3.215256,1.442263,1.317479,3.082836,
1.656214,1.563268,3.207281,1.451107,1.322282,3.072593,
1.663017,1.559926,3.199733,1.460603,1.326288,3.062098,
1.669647,1.557216,3.191945,1.470156,1.330488,3.05166,
1.676225,1.554552,3.184092,1.480743,1.333859,3.040516,
1.682339,1.552043,3.17673,1.492251,1.336519,3.028749,
1.689373,1.550307,3.169136,1.503607,1.339693,3.017097,
1.697117,1.548605,3.161722,1.516383,1.342639,3.004031,
1.704994,1.545631,3.153822,1.529358,1.345702,2.990768,
1.712392,1.543312,3.145479,1.542612,1.348895,2.977377,
1.719296,1.542047,3.137822,1.557095,1.352708,2.962721,
1.726401,1.540184,3.130847,1.570673,1.357044,2.948996,
,,,,

1.734145,1.538256,3.123233,1.585805,1.361077,2.934116,
1.74209,1.53634,3.115483,1.600943,1.365995,2.919316,
1.750136,1.53471,3.108305,1.615863,1.37171,2.904967,
1.757917,1.533623,3.101241,1.630827,1.377304,2.890836,
1.765538,1.533032,3.0947,1.645504,1.382957,2.877392,
1.773477,1.53199,3.091663,1.67231,1.395651,2.853252,
1.788585,1.53047,3.075871,1.684685,1.401796,2.842711,
1.795793,1.529642,3.070667,1.696489,1.408464,2.8328,
1.817695,1.527089,3.055349,1.72926,1.42561,2.807647,
1.831251,1.524116,3.047908,1.747581,1.435907,2.795799,
1.831265,1.523037,3.04848,1.744676,1.433359,2.799426,
1.84489,1.519048,3.039894,1.75892,1.440242,2.791804,
1.851699,1.516693,3.035555,1.764585,1.443121,2.789771,
1.858298,1.514455,3.031067,1.770555,1.446105,2.787128,
1.877509,1.508386,3.018216,1.787793,1.455964,2.780236,
1.888471,1.504316,3.010276,1.797136,1.460552,2.778157,
1.887035,1.50425,3.011085,1.796408,1.459954,2.779257,
1.892221,1.502124,3.007507,1.801051,1.462289,2.778427,
1.897251,1.500436,3.003925,1.805608,1.46451,2.777715,
1.901947,1.498837,3.000678,1.810284,1.466784,2.7771,
1.906929,1.497029,2.996944,1.814663,1.468967,2.776586,
1.912354,1.495497,2.993564,1.819035,1.471403,2.776401,
1.918048,1.494167,2.990276,1.822972,1.473569,2.776832,
1.924049,1.492462,2.986487,1.826964,1.475802,2.777155,
1.930765,1.491242,2.982251,1.830556,1.478517,2.777943,
1.943346,1.488314,2.974407,1.837643,1.483554,2.77947,
1.950616,1.487276,2.970138,1.8412,1.485598,2.780333,
1.95804,1.486286,2.96605,1.844527,1.487419,2.781753,
1.965735,1.485306,2.961789,1.847734,1.489332,2.783308,
1.973736,1.484723,2.957643,1.850671,1.490683,2.785524,
1.981711,1.48442,2.953663,1.853195,1.492422,2.788407,
1.989518,1.484015,2.949794,1.855795,1.494352,2.791199,
1.997433,1.484226,2.945931,1.858196,1.496095,2.794237,
2.005124,1.484597,2.942245,1.860324,1.498486,2.797832,
2.012782,1.484883,2.938592,1.862005,1.501463,2.80158,
2.020218,1.486007,2.941365,1.865596,1.508355,2.809376,
2.034113,1.487825,2.928996,1.867848,1.512163,2.813007,
2.040724,1.489006,2.926191,1.870614,1.515337,2.816289,
2.046906,1.490614,2.923724,1.873412,1.518546,2.819435,
2.059821,1.493162,2.917837,1.880268,1.52518,2.824111,
2.071206,1.496694,2.912611,1.890795,1.529809,2.825369,
2.077098,1.498109,2.908883,1.897748,1.531569,2.823987,
2.089079,1.501565,2.900591,1.913287,1.534308,2.818653,
2.101571,1.504572,2.890385,1.930864,1.536015,2.809812,
2.113918,1.508103,2.88083,1.950809,1.537288,2.798961,
2.113868,1.507984,2.880672,1.952629,1.536551,2.796869,
2.119878,1.509727,2.876204,1.962585,1.537516,2.791422,
2.126067,1.51151,2.871637,1.972966,1.538307,2.785124,
2.132473,1.513216,2.86721,1.982938,1.53917,2.779164,
2.140301,1.515145,2.862046,1.993488,1.540029,2.772834,
2.148987,1.517079,2.855615,2.003912,1.541145,2.765811,
2.157096,1.518662,2.84947,2.01401,1.541928,2.759231,
2.165504,1.520514,2.842703,2.024442,1.543221,2.752037,
2.173774,1.522058,2.835566,2.034703,1.544502,2.744344,
2.181572,1.523273,2.829102,2.046697,1.545454,2.735307,
2.196855,1.525169,2.815588,2.06215,1.542465,2.725327,
2.204073,1.525668,2.809041,2.072718,1.541968,2.717176,
2.211631,1.526132,2.802399,2.081701,1.539942,2.710838,
2.219242,1.526244,2.795625,2.092505,1.539058,2.702383,
2.22689,1.526203,2.788637,2.103711,1.538608,2.693507,
2.234804,1.526319,2.781655,2.114288,1.538077,2.685434,
2.24273,1.526202,2.774644,2.125561,1.538251,2.676668,
2.250529,1.52596,2.76766,2.137346,1.538259,2.667428,
2.258427,1.525402,2.760623,2.149206,1.538214,2.658149,
2.266108,1.524637,2.753667,2.160879,1.538249,2.648793,
2.273793,1.523589,2.746572,2.172601,1.537111,2.639392,
2.304299,1.518599,2.716794,2.217873,1.530865,2.602606,
2.319328,1.514241,2.700896,2.239191,1.524645,2.584901,
2.327116,1.511806,2.692783,2.249738,1.520666,2.576524,
2.342533,1.505849,2.675406,2.270355,1.512776,2.559634,
2.357829,1.499232,2.657875,2.289946,1.505317,2.544142,
2.372355,1.491977,2.640935,2.309206,1.497333,2.529241,
2.37184,1.491008,2.640723,2.308483,1.496085,2.529821,
2.379003,1.487243,2.63183,2.318107,1.492419,2.522193,
2.393304,1.479331,2.614197,2.336763,1.484713,2.508034,
2.400518,1.475595,2.60552,2.346002,1.481201,2.501377,
2.407704,1.47163,2.596841,2.355142,1.477895,2.494849,
2.422213,1.464519,2.579798,2.374092,1.47159,2.481405,
2.435269,1.456989,2.564353,2.392125,1.466061,2.469707,
2.447871,1.449931,2.549815,2.409342,1.461704,2.45906,
2.45561,1.445919,2.54143,2.417816,1.459309,2.453999,
2.47081,1.438253,2.523246,2.434428,1.455319,2.444093,
2.470593,1.438431,2.522735,2.433881,1.455686,2.444724,
2.477031,1.435093,2.514677,2.442224,1.454124,2.440049,
2.48358,1.43164,2.506651,2.450464,1.452653,2.435817,
2.490562,1.428127,2.498495,2.458789,1.451121,2.431698,
2.497012,1.424429,2.490828,2.467078,1.450015,2.427544,
2.503419,1.420677,2.483052,2.475296,1.449052,2.423546,
2.50959,1.416544,2.475744,2.483369,1.448228,2.419963,
2.515335,1.412766,2.468887,2.490849,1.447107,2.417537,
2.520947,1.4093,2.462407,2.498175,1.446266,2.415446,
2.526297,1.405586,2.455954,2.505181,1.444846,2.413983,
2.531361,1.401958,2.44987,2.511941,1.443621,2.413112,
2.536311,1.398342,2.443907,2.518001,1.44265,2.412581,
2.541217,1.394444,2.438038,2.523831,1.4419,2.412475,
2.545846,1.39078,2.432489,2.529671,1.441355,2.412095,
2.550101,1.387038,2.427109,2.535245,1.441169,2.412161,
2.553732,1.383457,2.422427,2.540103,1.441666,2.413442,
2.556875,1.38009,2.418468,2.545496,1.442455,2.414579,
2.559794,1.376901,2.414673,2.550922,1.443511,2.415775,
2.561781,1.373674,2.411594,2.555979,1.445104,2.417767,
2.563604,1.37079,2.408809,2.561396,1.447089,2.419515,
2.564857,1.36789,2.406626,2.566845,1.450282,2.421376,
2.566006,1.365086,2.404688,2.57235,1.453196,2.423061,
2.566155,1.362253,2.403806,2.577757,1.456367,2.425076,
2.566566,1.359306,2.402759,2.583415,1.460021,2.426735,
2.567211,1.356176,2.401839,2.589281,1.463556,2.428388,
2.567125,1.35342,2.401517,2.594842,1.467179,2.430486,
2.566981,1.351046,2.401391,2.600299,1.470881,2.432385,
2.567146,1.348762,2.401187,2.605825,1.473893,2.434331,
2.56669,1.346712,2.401734,2.611243,1.477587,2.43661,
2.566345,1.344817,2.402344,2.61631,1.481671,2.439034,
2.565938,1.342798,2.403546,2.621679,1.485387,2.441667,
2.565066,1.34093,2.404912,2.626546,1.48981,2.444724,
2.563902,1.33864,2.406867,2.630763,1.495007,2.448337,
2.562985,1.336245,2.408846,2.635042,1.499266,2.452283,
2.561432,1.333873,2.411346,2.639054,1.503982,2.456349,
2.56002,1.332071,2.413645,2.642517,1.508363,2.460628,
2.558661,1.330441,2.415864,2.645289,1.512175,2.465579,
2.557282,1.328757,2.4183,2.648333,1.516259,2.470067,
2.555986,1.327305,2.420531,2.651615,1.520516,2.473957,
2.555091,1.326207,2.422297,2.654599,1.524438,2.477478,
2.553818,1.324793,2.424541,2.657904,1.528582,2.480978,
2.552756,1.323718,2.426273,2.660979,1.532555,2.483557,
2.551955,1.323152,2.427572,2.664079,1.536042,2.485997,
2.550469,1.322357,2.429561,2.666381,1.539369,2.488758,
2.549372,1.321837,2.430962,2.668692,1.54299,2.491489,
2.548419,1.32149,2.432034,2.670002,1.54557,2.494609,
2.547429,1.321087,2.433231,2.671129,1.548613,2.497913,
2.546551,1.320743,2.434246,2.671552,1.550765,2.500971,
2.545635,1.320581,2.434993,2.671339,1.552719,2.504633,
2.544674,1.320292,2.435787,2.670752,1.555206,2.507697,
2.544019,1.320293,2.436482,2.670038,1.558387,2.510778,
2.543213,1.32004,2.436822,2.669335,1.561096,2.513578,
2.542487,1.319791,2.437263,2.667975,1.564807,2.516331,
2.542007,1.319734,2.437251,2.667299,1.568981,2.518027,
2.541807,1.319596,2.436903,2.666787,1.572849,2.519505,
2.54111,1.31928,2.436786,2.666472,1.576925,2.520296,
2.54062,1.318933,2.436646,2.661154,1.553866,2.521164,
2.53977,1.318696,2.436302,2.663211,1.557824,2.520604,
2.539208,1.318266,2.435875,2.664664,1.559211,2.519041,
2.538929,1.317809,2.434283,2.664713,1.557406,2.516989,
2.538732,1.317464,2.433917,2.665313,1.558172,2.515886,
2.538379,1.317546,2.432835,2.663345,1.560141,2.516557,
2.538123,1.317521,2.431563,2.659017,1.559907,2.517617,
2.537916,1.317414,2.430316,2.65145,1.555994,2.518734,
2.537508,1.316956,2.429181,2.644783,1.554408,2.52126,
2.537534,1.316655,2.427889,2.643733,1.557588,2.518225,
2.537927,1.31602,2.426147,2.643063,1.559609,2.512448,
2.538141,1.315148,2.42435,2.639718,1.559572,2.510517,
2.538756,1.314901,2.422244,2.634884,1.558721,2.509869,
2.540095,1.314434,2.419595,2.630893,1.557701,2.506382,
2.541103,1.314329,2.417275,2.626251,1.556584,2.504888,
2.542347,1.314355,2.414677,2.621248,1.555219,2.503451,
2.544061,1.314419,2.411524,2.615618,1.554133,2.501015,
2.545451,1.314609,2.40873,2.608609,1.553436,2.50001,
2.546995,1.315289,2.405566,2.599484,1.552395,2.500197,
2.548711,1.316332,2.402102,2.59161,1.552143,2.49919,
2.550155,1.317521,2.398828,2.581501,1.553404,2.499033,
2.551737,1.319245,2.395426,2.572443,1.553224,2.498355,
2.553648,1.320732,2.392003,2.562577,1.553664,2.49795,
2.555229,1.322623,2.388962,2.553862,1.554724,2.496768,
2.556948,1.324647,2.385887,2.544096,1.554494,2.495878,
2.558703,1.326784,2.382908,2.535099,1.555407,2.495035,
2.560483,1.329338,2.380146,2.526754,1.556981,2.492985,
2.562346,1.332194,2.377341,2.518276,1.557249,2.490858,
2.564096,1.335048,2.374862,2.51061,1.558532,2.488545,
2.565703,1.338447,2.372662,2.504001,1.560021,2.485202,
2.567398,1.341668,2.370641,2.497197,1.560437,2.482331,
2.569154,1.345371,2.368627,2.490547,1.56147,2.479565,
2.570626,1.349487,2.366931,2.48512,1.562399,2.475468,
2.572102,1.35406,2.365306,2.479563,1.56251,2.471499,
2.573547,1.358893,2.36382,2.474029,1.563397,2.467978,
2.574623,1.364148,2.362677,2.470622,1.563884,2.462234,
2.57584,1.369765,2.36145,2.466489,1.564177,2.457289,
2.57685,1.375397,2.360517,2.464135,1.564238,2.450887,
2.577709,1.381102,2.359978,2.461536,1.565089,2.444731,
2.578448,1.386838,2.359743,2.459222,1.56469,2.438449,
2.5791,1.392771,2.359611,2.456619,1.56424,2.432718,
2.579848,1.398694,2.359862,2.454939,1.564214,2.426255,
2.580451,1.404279,2.360305,2.453474,1.563917,2.419688,
2.581249,1.410078,2.360935,2.452746,1.563574,2.412914,
2.58178,1.415952,2.361932,2.452044,1.56299,2.406176,
2.581781,1.421995,2.363309,2.451398,1.563149,2.399395,
2.582009,1.428203,2.36475,2.451201,1.561861,2.392716,
2.582106,1.434925,2.366387,2.452053,1.560976,2.385214,
2.582003,1.441932,2.368139,2.453085,1.55966,2.377718,
2.58182,1.448889,2.370201,2.454304,1.558034,2.370409,
2.581318,1.455974,2.372442,2.455859,1.556175,2.362983,
2.580364,1.462867,2.375366,2.45753,1.554145,2.355903,
2.579041,1.469821,2.378583,2.460003,1.551181,2.348506,
2.577232,1.476782,2.382042,2.462872,1.548271,2.341001,
2.574986,1.483515,2.38599,2.465867,1.545305,2.333632,
2.572214,1.490212,2.390249,2.469144,1.540778,2.326439,
2.569472,1.496829,2.394372,2.472086,1.537243,2.319637,
2.566257,1.503311,2.398775,2.475326,1.533099,2.312753,
2.562729,1.509566,2.403049,2.478602,1.527249,2.306171,
2.558923,1.515895,2.407388,2.481832,1.522308,2.299752,
2.554817,1.521791,2.411821,2.485223,1.516748,2.29327,
2.550587,1.527417,2.415916,2.489062,1.510692,2.286541,
2.546028,1.532866,2.419846,2.492613,1.504322,2.280061,
2.5407,1.537977,2.423663,2.496042,1.497495,2.273576,
2.535512,1.542999,2.427145,2.499662,1.489947,2.267204,
2.529916,1.547811,2.430457,2.503286,1.481873,2.261005,
2.524285,1.552347,2.433987,2.506431,1.472666,2.255715,
2.518204,1.556619,2.436953,2.509689,1.463888,2.249943,
2.511893,1.560702,2.440397,2.512323,1.45458,2.245396,
2.505749,1.564249,2.44324,2.513449,1.443575,2.242421,
2.499272,1.567847,2.446238,2.514048,1.430965,2.240589,
2.492688,1.571101,2.44909,2.515125,1.419761,2.238157,
2.485829,1.573763,2.451687,2.514707,1.40731,2.237349,
2.478848,1.576814,2.454674,2.514014,1.3944,2.237501,
2.4716,1.57957,2.457929,2.513676,1.38201,2.237293,
2.464241,1.582352,2.460667,2.511731,1.368969,2.238732,
2.456608,1.585628,2.463753,2.510051,1.355512,2.240584,
2.448773,1.58812,2.46713,2.508336,1.34252,2.242668,
2.441401,1.59068,2.469722,2.505866,1.32986,2.24564,
2.433878,1.593306,2.472386,2.503299,1.317545,2.249089,
2.426377,1.595842,2.474951,2.500454,1.305848,2.252756,
2.419196,1.598741,2.47739,2.4959,1.294475,2.258445,
2.411888,1.601527,2.480088,2.49132,1.283836,2.264656,
2.404656,1.604248,2.483109,2.486529,1.274127,2.271528,
2.397619,1.607285,2.485999,2.481709,1.265633,2.27844,
2.390349,1.610147,2.488954,2.47565,1.257807,2.286503,
2.383251,1.612809,2.492299,2.470232,1.251902,2.294441,
2.376444,1.615901,2.495603,2.463887,1.247351,2.302845,
2.369359,1.618467,2.499194,2.45744,1.243464,2.311778,
2.362204,1.620806,2.502921,2.451901,1.240225,2.319625,
2.355019,1.623027,2.506904,2.444076,1.237899,2.329635,
2.347845,1.62519,2.511092,2.437234,1.236786,2.338799,
2.341008,1.626904,2.514684,2.430232,1.236932,2.347618,
2.334106,1.628927,2.518865,2.423564,1.238541,2.356145,
2.32687,1.630543,2.523442,2.416967,1.240694,2.36428,
2.319623,1.631851,2.527876,2.411366,1.243185,2.371471,
2.312421,1.632764,2.532431,2.405744,1.246878,2.378316,
2.305023,1.63348,2.536783,2.400487,1.250159,2.384376,
2.297967,1.633798,2.540557,2.394573,1.253816,2.390893,
2.290468,1.634437,2.544718,2.388431,1.257755,2.397158,
2.282925,1.634576,2.549018,2.381311,1.260548,2.404487,
2.275323,1.634702,2.553447,2.374463,1.264507,2.41115,
2.267892,1.634412,2.558263,2.367332,1.268514,2.418297,
2.260236,1.633934,2.563444,2.359295,1.271603,2.426151,
2.252387,1.633593,2.568794,2.352136,1.275338,2.433569,
2.244685,1.632836,2.5746,2.343925,1.27847,2.441547,
2.236847,1.631878,2.580802,2.336207,1.281759,2.44916,
2.229077,1.631,2.586885,2.328451,1.284059,2.456891,
2.221273,1.629829,2.593565,2.320639,1.286588,2.464967,
2.2133,1.628459,2.600552,2.311702,1.286521,2.473641,
2.205446,1.626974,2.607405,2.303823,1.287261,2.482075,
2.197625,1.625669,2.614244,2.295892,1.287049,2.490149,
2.189703,1.623963,2.621361,2.287297,1.285442,2.498931,
2.181739,1.622329,2.628758,2.279233,1.2847,2.508096,
2.174084,1.620757,2.635748,2.271187,1.283434,2.516536,
2.165952,1.618629,2.643198,2.263179,1.283017,2.524843,
2.158027,1.616729,2.65054,2.255331,1.282169,2.533236,
2.150272,1.614988,2.657996,2.247132,1.281293,2.542099,
2.142353,1.61283,2.665755,2.238881,1.280221,2.551043,
2.134768,1.610696,2.673252,2.230562,1.278806,2.560368,
2.127037,1.608712,2.681333,2.221882,1.27692,2.570109,
2.119175,1.606234,2.689702,2.213067,1.274806,2.580021,
2.111468,1.603877,2.697842,2.204737,1.272438,2.589614,
2.103464,1.601192,2.706513,2.196814,1.269229,2.598938,
2.095615,1.598496,2.715261,2.18882,1.266381,2.608314,
2.087901,1.595919,2.723663,2.181885,1.263085,2.616808,
2.080514,1.59338,2.732489,2.175405,1.25995,2.625393,
2.073007,1.590664,2.74142,2.168595,1.256516,2.634279,
2.065694,1.588173,2.750472,2.161684,1.25315,2.643349,
2.058702,1.585528,2.759424,2.155164,1.249308,2.652653,
2.051637,1.582792,2.768552,2.148422,1.245585,2.662056,
2.044885,1.580182,2.777519,2.141847,1.241646,2.671617,
2.038318,1.577711,2.786658,2.135327,1.238,2.681502,
2.031532,1.574926,2.796395,2.128817,1.234055,2.691818,
2.025128,1.572195,2.806317,2.123144,1.229851,2.70202,
2.019218,1.569464,2.816423,2.117244,1.225985,2.713006,
2.013062,1.566563,2.826779,2.111791,1.222052,2.723741,
2.007091,1.563906,2.837474,2.106174,1.217815,2.735451,
2.001784,1.561017,2.848211,2.100911,1.213587,2.747591,
1.996121,1.55789,2.859067,2.095551,1.208967,2.759734,
1.990937,1.555001,2.869557,2.090356,1.204316,2.772364,
1.985551,1.551864,2.880488,2.084814,1.200198,2.785154,
1.980162,1.548598,2.891272,2.079618,1.195912,2.797638,
1.975283,1.545234,2.901309,2.074486,1.191794,2.810468,
1.970157,1.541898,2.91214,2.069533,1.188024,2.823307,
1.96545,1.538967,2.922928,2.064626,1.184433,2.835901,
1.96103,1.535914,2.933515,2.059896,1.180724,2.848843,
1.955906,1.533031,2.945263,2.055103,1.177057,2.86215,
1.950908,1.530008,2.957133,2.050248,1.173537,2.875619,
1.946067,1.527366,2.968652,2.045201,1.16946,2.890173,
1.941162,1.52454,2.980836,2.040299,1.165931,2.904514,
1.935885,1.52175,2.993283,2.035119,1.16292,2.919024,
1.930668,1.519241,3.005564,2.030059,1.160109,2.933608,
1.925277,1.516786,3.01907,2.024318,1.158378,2.948894,
1.919612,1.514308,3.03279,2.018028,1.156636,2.964457,
1.914063,1.512378,3.046237,2.011594,1.15531,2.980561,
1.908424,1.51057,3.060762,2.004421,1.154571,2.997662,
1.902402,1.508753,3.07533,1.996925,1.153984,3.014723,
1.896605,1.507167,3.089387,1.988354,1.154147,3.033053,
1.890292,1.505921,3.104637,1.980492,1.154333,3.050776,
1.883944,1.504599,3.11967,1.971756,1.154595,3.068892,
1.87785,1.503397,3.133834,1.963306,1.155225,3.086565,
1.871625,1.502674,3.148345,1.954931,1.156461,3.103973,
1.865009,1.501557,3.162839,1.946706,1.157194,3.120918,
1.85843,1.500746,3.176347,1.937757,1.158921,3.137872,
1.851862,1.500016,3.189503,1.929129,1.160604,3.15389,
1.844936,1.499288,3.20248,1.919786,1.162609,3.170006,
1.83845,1.498228,3.212953,1.910372,1.164502,3.18486,
1.831512,1.497987,3.224445,1.900831,1.167049,3.19993,
1.824453,1.497631,3.236058,1.891253,1.169717,3.214948,
1.817429,1.497354,3.246636,1.881841,1.172347,3.229298,
1.810429,1.497347,3.25793,1.872713,1.175535,3.243327,
1.803093,1.497408,3.269218,1.863734,1.178345,3.256975,
1.796061,1.497193,3.279728,1.854972,1.180926,3.270656,
1.788892,1.497942,3.290647,1.846798,1.183879,3.283839,
1.781259,1.498112,3.30205,1.838243,1.186162,3.297385,
1.773917,1.498645,3.312804,1.830116,1.188534,3.310463,
1.766604,1.499632,3.324238,1.822417,1.191154,3.323543,
1.759109,1.500827,3.335817,1.814377,1.19373,3.336575,
1.75144,1.501967,3.34722,1.806865,1.196337,3.348725,
1.743831,1.503235,3.359384,1.799325,1.199269,3.361247,
1.736059,1.504475,3.371285,1.791424,1.202562,3.373567,
1.728314,1.505803,3.383207,1.783836,1.206028,3.386124,
1.720599,1.507338,3.395599,1.776331,1.209718,3.399068,
1.7128,1.508664,3.408097,1.768999,1.213348,3.411902,
1.705736,1.509626,3.419702,1.762378,1.216764,3.424755,
1.698826,1.511611,3.431927,1.755988,1.2204,3.437126,
1.691857,1.513233,3.444371,1.749974,1.223597,3.448894,
1.685949,1.514667,3.455825,1.744228,1.226815,3.460503,
1.679829,1.517742,3.468324,1.739196,1.229813,3.471642,
1.673438,1.520172,3.481143,1.733894,1.232776,3.483015,
1.667606,1.522935,3.493936,1.729072,1.236067,3.494406,
1.662148,1.525885,3.505955,1.724347,1.239498,3.505969,
1.656702,1.528831,3.517608,1.719642,1.243012,3.51764,
1.651642,1.531094,3.528525,1.715366,1.246453,3.528724,
1.646639,1.534075,3.539665,1.711279,1.250175,3.539556,
1.641605,1.536511,3.550611,1.707326,1.253627,3.54945,
1.636767,1.538969,3.561699,1.703492,1.257669,3.559761,
1.632411,1.541354,3.5724,1.699535,1.261791,3.570106,
1.627721,1.543666,3.583568,1.695371,1.265815,3.580382,
1.623541,1.545881,3.594612,1.691335,1.26983,3.590527,
1.619603,1.548477,3.605812,1.687473,1.274438,3.601296,
1.615369,1.55069,3.61682,1.683149,1.27871,3.61205,
1.611232,1.553065,3.627681,1.678889,1.283308,3.622967,
1.607336,1.555518,3.638343,1.674852,1.288075,3.634502,
1.60327,1.55768,3.648964,1.670626,1.29283,3.646362,
1.599311,1.559901,3.659251,1.666442,1.297963,3.658162,
1.595204,1.562132,3.669688,1.662151,1.302834,3.670237,
1.591116,1.564013,3.680117,1.657931,1.307326,3.682423,
1.587314,1.566118,3.690559,1.654125,1.312245,3.695074,
1.583586,1.568446,3.701046,1.650347,1.317257,3.708265,
1.579857,1.570672,3.711469,1.646597,1.322348,3.721823,
1.576159,1.573345,3.722304,1.64297,1.327612,3.735606,
1.572843,1.575974,3.733004,1.640052,1.333325,3.7507,
1.569298,1.578185,3.743731,1.637133,1.338784,3.766667,
1.566023,1.580876,3.754264,1.634515,1.345496,3.78338,
1.562502,1.583495,3.764991,1.631903,1.351888,3.800077,
1.558956,1.585761,3.775409,1.629683,1.359281,3.819038,
1.555664,1.588421,3.785717,1.627336,1.367618,3.837354,
1.55217,1.590759,3.795724,1.624687,1.377312,3.857739,
1.548833,1.592705,3.805704,1.622237,1.388264,3.879988,
1.545835,1.594705,3.815348,1.619816,1.40134,3.903917,
1.542711,1.596177,3.82457,1.618445,1.416242,3.930814,
1.539745,1.59704,3.833254,1.617648,1.433814,3.961534,
1.537343,1.597895,3.841476,1.61741,1.452602,3.993039,
1.53493,1.598175,3.849583,1.618116,1.473611,4.028725,
1.532401,1.59804,3.857476,1.620147,1.501529,4.076372,
1.530572,1.597421,3.86456,1.622751,1.528024,4.120237,
1.528614,1.597025,3.871839,1.625548,1.557341,4.171907,
1.526791,1.596113,3.878831,1.62837,1.587401,4.225469,
1.52522,1.595126,3.885736,1.631081,1.61636,4.28033,
1.523489,1.594384,3.892195,1.630787,1.642123,4.333177,
1.522198,1.592963,3.898185,1.628798,1.666157,4.381745,
1.521387,1.592354,3.904355,1.624341,1.682522,4.420573,
1.520639,1.592246,3.910786,1.616434,1.68848,4.441899,
1.519669,1.592494,3.917387,1.603327,1.691399,4.453392,
1.518976,1.593692,3.924184,1.591787,1.693791,4.464164,
1.517663,1.59565,3.931266,1.572966,1.681163,4.451179,
1.516258,1.597398,3.938257,1.561147,1.679884,4.456346,
1.515236,1.600453,3.945515,1.558807,1.676646,4.453486,
1.514115,1.603248,3.951928,1.564273,1.671549,4.449061,
1.513274,1.605517,3.957729,1.565165,1.667223,4.44558,
1.512957,1.607981,3.963386,1.564743,1.662398,4.441773,
1.512524,1.609782,3.968458,1.555719,1.66345,4.446132,
1.512419,1.610968,3.972934,1.541556,1.663806,4.447739,
1.512647,1.612465,3.977185,1.524746,1.668476,4.451635,
1.512639,1.613578,3.981258,1.51052,1.671748,4.461618,
1.512553,1.614171,3.984954,1.495556,1.669059,4.461648,
1.512852,1.615205,3.988013,1.481473,1.667383,4.462052,
1.51286,1.61578,3.990916,1.469297,1.665469,4.466234,
1.512637,1.615805,3.993182,1.456522,1.660413,4.464405,
1.512844,1.615939,3.994747,1.443093,1.654247,4.460823,
1.512831,1.615628,3.99607,1.430972,1.649141,4.459474,
1.512652,1.614985,3.996992,1.418725,1.644163,4.456787,
1.512705,1.614731,3.997908,1.407544,1.637807,4.452427,
1.51284,1.614036,3.998379,1.397883,1.629911,4.446539,
1.512734,1.613271,3.998855,1.387532,1.623017,4.441504,
1.513047,1.613131,3.999436,1.378756,1.615256,4.434733,
1.513086,1.612712,3.999639,1.369427,1.606852,4.426665,
1.513038,1.612121,3.999887,1.3599,1.599032,4.419041,
1.513507,1.612006,3.99981,1.351519,1.591319,4.410972,
1.513459,1.61175,3.999705,1.342752,1.583128,4.401433,
1.513183,1.611213,3.999258,1.333849,1.574719,4.391754,
1.513154,1.611485,3.999082,1.325563,1.56708,4.382015,
1.513029,1.611261,3.998456,1.317631,1.558636,4.371424,
1.512841,1.610837,3.997485,1.309883,1.549769,4.360126,
1.512688,1.610931,3.996537,1.302319,1.541699,4.34885,
1.51244,1.610732,3.995359,1.295578,1.532696,4.336493,
1.512083,1.610252,3.994088,1.288729,1.523587,4.323959,
1.511779,1.610357,3.992478,1.282521,1.515078,4.311238,
1.511381,1.61017,3.990519,1.276694,1.506199,4.298099,
1.510956,1.609565,3.988449,1.271375,1.49676,4.284526,
1.510668,1.609734,3.986026,1.267165,1.487464,4.270487,
1.510126,1.60955,3.983598,1.262838,1.478173,4.256414,
1.509378,1.609133,3.980839,1.259089,1.468598,4.241825,
1.508916,1.609317,3.978161,1.25604,1.459637,4.227462,
1.508021,1.609215,3.975133,1.252932,1.450699,4.212997,
1.506959,1.609017,3.972185,1.250293,1.441437,4.198304,
1.506255,1.609047,3.969031,1.248915,1.432412,4.183606,
1.505208,1.608891,3.965533,1.247537,1.42341,4.168835,
1.504086,1.608488,3.962073,1.24613,1.414348,4.15409,
1.503074,1.608699,3.958232,1.246113,1.405469,4.139176,
1.501817,1.608474,3.954219,1.245281,1.397091,4.124265,
1.500498,1.608184,3.950448,1.212088,1.39772,4.09601,
1.499077,1.608011,3.946142,1.214367,1.388162,4.079865,
1.49766,1.607757,3.941706,1.214177,1.381192,4.065073,
1.496253,1.60724,3.937313,1.214262,1.373937,4.049941,
1.494752,1.607254,3.932876,1.217978,1.365495,4.035447,
1.493204,1.607127,3.928385,1.219415,1.358398,4.020812,
1.492003,1.606779,3.924002,1.221186,1.351038,4.005529,
1.490724,1.606991,3.919772,1.225824,1.343016,3.991711,
1.489636,1.60699,3.915508,1.228632,1.335866,3.97673,
1.488537,1.606594,3.911292,1.23145,1.32863,3.961552,
1.487559,1.607042,3.907203,1.235975,1.321544,3.948213,
1.486536,1.607043,3.903092,1.239461,1.314783,3.933016,
1.4858,1.606725,3.899099,1.255983,1.306112,3.939897,
1.485055,1.606835,3.895255,1.258612,1.300387,3.926048,
1.484318,1.606678,3.89135,1.263842,1.292422,3.911378,
1.483588,1.605966,3.887238,1.267016,1.286277,3.896945,
1.483175,1.605746,3.883297,1.269632,1.281647,3.88364,
1.482564,1.605102,3.879081,1.272863,1.27653,3.8697,
1.482091,1.604016,3.874768,1.278503,1.269111,3.854524,
1.482149,1.603127,3.870122,1.280022,1.266637,3.842221,
1.481975,1.601628,3.865237,1.282941,1.262683,3.82875,
1.482381,1.599482,3.859898,1.289111,1.255661,3.813248,
1.483164,1.597878,3.854801,1.29046,1.254276,3.801121,
1.484337,1.595757,3.84912,1.294886,1.249881,3.787529,
1.485557,1.593229,3.84314,1.297683,1.247152,3.774455,
1.487127,1.591062,3.837418,1.299491,1.2463,3.762328,
1.488743,1.588373,3.831282,1.302216,1.244546,3.749604,
1.490333,1.585351,3.824987,1.306597,1.241316,3.736488,
1.492669,1.582225,3.81829,1.3084,1.241468,3.724712,
1.49455,1.57892,3.811426,1.31166,1.2401,3.711946,
1.49647,1.575104,3.803858,1.316873,1.236892,3.698534,
1.498677,1.571392,3.79631,1.32064,1.235549,3.686133,
1.499922,1.568618,3.788697,1.323022,1.235865,3.67443,
1.503934,1.566107,3.783376,1.327985,1.233477,3.661728,
1.506274,1.562268,3.775033,1.331383,1.23332,3.649536,
1.508844,1.556605,3.765471,1.336158,1.231742,3.637094,
1.51095,1.551919,3.75706,1.340191,1.230937,3.625122,
1.512941,1.547995,3.74874,1.343978,1.230783,3.613187,
1.515795,1.542564,3.739317,1.34909,1.229193,3.601278,
1.518055,1.538206,3.730777,1.353324,1.228574,3.589732,
1.520141,1.534448,3.722297,1.357003,1.228947,3.578269,
1.523121,1.529213,3.711999,1.361636,1.228527,3.566226,
1.52535,1.52513,3.703287,1.365735,1.22857,3.554808,
1.527864,1.521101,3.694638,1.369542,1.229168,3.543858,
1.530818,1.516296,3.685089,1.373814,1.229385,3.532419,
1.533083,1.512319,3.676495,1.377057,1.230147,3.522573,
1.535681,1.508454,3.667921,1.379939,1.231717,3.512978,
1.538529,1.503976,3.659053,1.383129,1.232598,3.503529,
1.541081,1.499791,3.650593,1.386164,1.233653,3.494049,
1.544082,1.496011,3.641917,1.388655,1.235483,3.485392,
1.547,1.491657,3.633335,1.391544,1.236534,3.476272,
1.549684,1.487578,3.624584,1.393986,1.237793,3.467793,
1.552611,1.483694,3.615919,1.396437,1.239248,3.459468,
1.555409,1.479497,3.607295,1.399285,1.239878,3.45106,
1.55816,1.475229,3.598623,1.402087,1.240534,3.442808,
1.561103,1.470987,3.589712,1.404983,1.241016,3.434641,
1.563974,1.466631,3.580931,1.408103,1.240923,3.426461,
1.566951,1.462021,3.571938,1.411203,1.240755,3.418458,
1.570333,1.457585,3.562569,1.414486,1.240639,3.410181,
1.573151,1.453479,3.553951,1.417777,1.23999,3.40217,
1.576365,1.448795,3.544402,1.421133,1.239025,3.394005,
1.579923,1.444217,3.534928,1.424744,1.23811,3.385899,
1.583704,1.43933,3.525653,1.42863,1.236196,3.378274,
1.587507,1.434162,3.515674,1.432551,1.234309,3.370193,
1.591506,1.429186,3.505519,1.436868,1.232254,3.36187,
1.595453,1.424094,3.49551,1.441103,1.229982,3.353673,
1.599754,1.418444,3.484832,1.445474,1.227302,3.345464,
1.604083,1.41311,3.474123,1.44975,1.225218,3.33705,
1.608511,1.40774,3.463382,1.454458,1.222224,3.328658,
1.613105,1.40199,3.452343,1.458939,1.219474,3.320405,
1.617824,1.396369,3.441372,1.463638,1.216725,3.31221,
1.622759,1.390675,3.43042,1.468528,1.213809,3.303771,
1.627699,1.384618,3.419252,1.473648,1.210681,3.29518,
1.632534,1.379055,3.408294,1.479011,1.207913,3.286234,
1.637786,1.372937,3.396902,1.484798,1.205032,3.276548,
1.642936,1.3665,3.385683,1.49057,1.202066,3.267223,
1.647817,1.360606,3.37472,1.497234,1.198912,3.256965,
1.652902,1.354533,3.363835,1.504446,1.195767,3.245837,
1.657935,1.34826,3.353143,1.510902,1.192776,3.235739,
1.662571,1.342263,3.342533,1.518205,1.189693,3.224365,
1.667686,1.335768,3.331453,1.525606,1.186491,3.212921,
1.672563,1.328897,3.320519,1.53372,1.182869,3.20079,
1.677166,1.322308,3.309507,1.541551,1.179449,3.18878,
1.681877,1.314892,3.298239,1.549943,1.175522,3.176438,
1.686391,1.307557,3.28713,1.558466,1.171582,3.164038,
1.690519,1.300293,3.27673,1.567421,1.167246,3.151846,
1.694601,1.292681,3.26614,1.575773,1.163432,3.139914,
1.698486,1.2848,3.255633,1.584447,1.159132,3.127909,
1.701752,1.27737,3.245887,1.593183,1.154582,3.116299,
1.705184,1.269631,3.236088,1.601413,1.150545,3.105274,
1.70823,1.261595,3.226968,1.609522,1.146308,3.094811,
1.710403,1.253344,3.219092,1.617331,1.142311,3.08491,
1.712996,1.245058,3.21039,1.625304,1.138216,3.075075,
1.715427,1.236378,3.202286,1.633213,1.134286,3.065546,
1.717712,1.227755,3.194541,1.640777,1.13072,3.056398,
1.719716,1.218907,3.186815,1.647997,1.127056,3.048048,
1.721797,1.210041,3.179246,1.654438,1.123818,3.040821,
1.723124,1.201606,3.172002,1.660986,1.120436,3.033295,
1.724477,1.192919,3.164254,1.666882,1.117508,3.026313,
1.725575,1.184068,3.156632,1.672628,1.11475,3.019692,
1.726438,1.175492,3.148918,1.678488,1.112115,3.01271,
1.72702,1.166506,3.140764,1.6838,1.109665,3.006409,
1.727589,1.157724,3.132909,1.689624,1.107228,2.99962,
1.727976,1.149173,3.125066,1.694902,1.105321,2.993375,
1.728296,1.140412,3.117373,1.700475,1.103641,2.987279,
1.728544,1.131565,3.109756,1.705907,1.102401,2.981341,
1.728205,1.123596,3.102923,1.711676,1.101223,2.975442,
1.727843,1.115173,3.095968,1.716851,1.101051,2.970145,
1.727229,1.10743,3.089527,1.722386,1.100994,2.965066,
1.726592,1.099961,3.08286,1.728071,1.10101,2.959566,
1.725698,1.092516,3.076275,1.733317,1.101977,2.954339,
1.725071,1.085046,3.069388,1.738858,1.102687,2.948714,
1.723871,1.07868,3.062729,1.74395,1.103941,2.943241,
1.722521,1.072484,3.055933,1.74925,1.105276,2.937809,
1.721035,1.067027,3.049399,1.754496,1.107286,2.932342,
1.719016,1.062646,3.043257,1.759426,1.109258,2.927343,
1.717195,1.057844,3.03732,1.763741,1.112119,2.923212,
1.715144,1.05352,3.031855,1.767869,1.115594,2.919255,
1.712796,1.049604,3.027263,1.771481,1.119127,2.916203,
1.710692,1.045047,3.023015,1.775334,1.122574,2.912821,
1.708529,1.041053,3.019314,1.779852,1.125869,2.909107,
1.705948,1.037793,3.015933,1.784723,1.129174,2.905078,
1.703541,1.034305,3.013003,1.789981,1.132394,2.900952,
1.701048,1.031399,3.009717,1.795341,1.135177,2.896467,
1.697769,1.029726,3.006977,1.800223,1.13837,2.892166,
1.695091,1.027222,3.004154,1.804961,1.141734,2.887996,
1.692475,1.025105,3.001172,1.809499,1.143537,2.883885,
1.690191,1.023449,2.998212,1.814404,1.14611,2.879847,
1.687637,1.021803,2.995073,1.818759,1.148578,2.875494,
1.685191,1.020667,2.991769,1.822771,1.150944,2.871189,
1.682713,1.020007,2.988573,1.825482,1.15383,2.867824,
1.680343,1.019096,2.985211,1.828423,1.157321,2.864014,
1.678188,1.018342,2.981778,1.830313,1.160497,2.860814,
1.675978,1.01778,2.978427,1.832009,1.163833,2.85806,
1.673931,1.017161,2.974649,1.832103,1.167484,2.855273,
1.672123,1.016618,2.97038,1.832964,1.171181,2.85148,
1.670294,1.016593,2.966141,1.832974,1.175354,2.847695,
1.668342,1.01642,2.961316,1.831556,1.180379,2.844168,
1.666563,1.016288,2.956801,1.829489,1.184731,2.840845,
1.664918,1.016417,2.952058,1.826363,1.185968,2.840073,
1.663025,1.016403,2.946778,1.823983,1.1882,2.837095,
1.66134,1.016561,2.941885,1.821401,1.186216,2.834546,
1.659324,1.01728,2.936757,1.818537,1.184406,2.832023,
1.657569,1.017754,2.932076,1.815368,1.183743,2.829714,
1.656013,1.018303,2.927524,1.808588,1.183961,2.830154,
1.654562,1.019052,2.923337,1.799737,1.186086,2.833144,
1.653248,1.019531,2.919725,1.790703,1.187639,2.836672,
1.652312,1.020353,2.915877,1.779258,1.188901,2.842256,
1.650944,1.021668,2.912714,1.76821,1.188971,2.847722,
1.649935,1.022566,2.90995,1.757034,1.188786,2.852968,
1.649318,1.023645,2.907745,1.746355,1.1881,2.858238,
1.648436,1.025171,2.906416,1.736797,1.186554,2.86267,
1.647622,1.026341,2.905318,1.727311,1.184839,2.867138,
1.64723,1.027542,2.904717,1.7191,1.180592,2.871002,
1.646288,1.029727,2.904499,1.7104,1.17612,2.874347,
1.64574,1.031449,2.904048,1.701871,1.172046,2.877693,
1.645679,1.033423,2.903454,1.693174,1.167265,2.88091,
1.645072,1.036168,2.903056,1.683426,1.163726,2.883757,
1.644737,1.038465,2.902969,1.672651,1.160618,2.888331,
1.64513,1.040984,2.903032,1.661634,1.157627,2.893402,
1.645072,1.043977,2.903498,1.650426,1.154056,2.898187,
1.645346,1.046994,2.904928,1.639905,1.149754,2.903167,
1.646042,1.050379,2.906404,1.629982,1.144752,2.907673,
1.646115,1.054699,2.90797,1.621487,1.13868,2.910772,
1.646877,1.05853,2.909728,1.61325,1.133073,2.913807,
1.647444,1.063709,2.911386,1.606721,1.125394,2.915028,
1.647739,1.069261,2.913349,1.600149,1.118765,2.916361,
1.64842,1.075027,2.915608,1.593862,1.111898,2.917687,
1.648889,1.081783,2.918438,1.587524,1.105365,2.91961,
1.648911,1.089096,2.922112,1.581519,1.099079,2.921292,
1.649497,1.096123,2.926248,1.575693,1.093333,2.923938,
1.649693,1.104285,2.930655,1.569701,1.087898,2.926725,
1.64986,1.113023,2.935799,1.564982,1.082215,2.929323,
1.65033,1.121756,2.941438,1.560627,1.076867,2.932491,
1.650486,1.131768,2.947702,1.557904,1.070968,2.934873,
1.65054,1.142031,2.954254,1.55732,1.063965,2.935866,
1.650679,1.152173,2.960565,1.555961,1.05834,2.937721,
1.650729,1.163422,2.966917,1.55606,1.05235,2.938912,
1.650512,1.175166,2.973337,1.55643,1.046798,2.939982,
1.650637,1.186677,2.979649,1.556656,1.042237,2.94169,
1.650617,1.199053,2.986135,1.557405,1.037879,2.943882,
1.650716,1.211471,2.992909,1.558311,1.034199,2.946722,
1.650941,1.22393,2.999765,1.558941,1.031596,2.950287,
1.651206,1.236837,3.006316,1.5605,1.029281,2.953443,
1.651335,1.249941,3.012836,1.562897,1.027107,2.956218,
1.65145,1.262883,3.019115,1.565546,1.025514,2.958954,
1.651646,1.276199,3.025476,1.569731,1.023852,2.961078,
1.65145,1.289499,3.0319,1.57405,1.022435,2.963591,
1.651372,1.302449,3.038135,1.578174,1.022,2.966063,
1.651278,1.315656,3.04407,1.582883,1.022189,2.96895,
1.651002,1.328414,3.049717,1.587625,1.023025,2.971528,
1.650887,1.340437,3.054794,1.592645,1.024138,2.973968,
1.65051,1.352472,3.05932,1.598016,1.026242,2.976388,
1.65004,1.364122,3.063683,1.603586,1.028605,2.978629,
1.649605,1.374905,3.067358,1.609156,1.031086,2.980927,
1.64921,1.385558,3.071006,1.614683,1.034925,2.98382,
1.648622,1.395698,3.074541,1.620486,1.038904,2.986414,
1.648188,1.404997,3.077118,1.626384,1.043063,2.98874,
1.647524,1.414103,3.079528,1.63226,1.048504,2.991362,
1.64651,1.422881,3.082533,1.638539,1.053971,2.993687,
1.645764,1.43038,3.084289,1.644678,1.059686,2.995968,
1.644395,1.438214,3.086788,1.650623,1.0664,2.998418,
1.64296,1.445492,3.088989,1.656017,1.073789,3.000362,
1.641667,1.451983,3.09039,1.661592,1.081041,3.00268,
1.640168,1.458544,3.092226,1.666714,1.089343,3.004674,
1.638396,1.464467,3.09409,1.670861,1.09792,3.007002,
1.636878,1.470097,3.094144,1.678409,1.115099,3.010715,
1.632948,1.480059,3.099009,1.681457,1.12382,3.012858,
1.63125,1.484081,3.1005,1.684266,1.132072,3.014686,
1.629239,1.488823,3.101283,1.68937,1.158704,3.02216,
1.62266,1.504914,3.112556,1.689153,1.175051,3.02713,
1.619111,1.510416,3.117612,1.688354,1.189395,3.033775,
1.613456,1.51786,3.126735,1.685554,1.208537,3.045966,
1.60972,1.522748,3.134676,1.681912,1.219788,3.055701,
1.606549,1.52689,3.143513,1.676702,1.231615,3.068988,
1.6033,1.530265,3.15584,1.671168,1.243248,3.087688,
1.603504,1.530198,3.15696,1.669801,1.24376,3.090878,
1.601764,1.531902,3.166059,1.662983,1.255209,3.111885,
1.598902,1.535327,3.176626,1.659361,1.261258,3.123324,
1.59721,1.537079,3.184487,1.655812,1.267004,3.135162,
1.595657,1.538301,3.19173,1.652626,1.272303,3.147511,
1.589435,1.544755,3.22367,1.639909,1.295514,3.206215,
1.587217,1.546927,3.240024,1.633755,1.310615,3.244615,
1.586039,1.547076,3.247131,1.631001,1.317822,3.26285,
1.583073,1.547112,3.267579,1.624412,1.346331,3.326992,
1.581961,1.546004,3.281955,1.624832,1.372597,3.382769,
1.581797,1.543418,3.297564,1.626225,1.414312,3.461401,
1.582418,1.542388,3.298614,1.625269,1.420459,3.472703,
1.58311,1.540819,3.309024,1.627028,1.475594,3.574512,
1.584848,1.53861,3.321346,1.627794,1.502845,3.631449,
1.585756,1.537023,3.328659,1.62936,1.528303,3.684454,
1.58713,1.535912,3.335561,1.628456,1.553015,3.74321,
1.592152,1.531624,3.367189,1.599716,1.610365,3.902049,
1.593672,1.53087,3.385916,1.562893,1.605709,3.908898,
1.593676,1.531393,3.394585,1.54039,1.604531,3.907648,
1.591586,1.533672,3.422012,1.531792,1.590679,3.902777,
1.590253,1.532657,3.435533,1.524041,1.586147,3.904401,
1.589526,1.531034,3.44541,1.48432,1.596766,3.919899,
1.588892,1.528836,3.452094,1.449614,1.602488,3.930433,
1.58874,1.528753,3.453111,1.44893,1.600178,3.933242,
1.58832,1.527274,3.456969,1.434984,1.598841,3.937026,
1.587774,1.527317,3.46168,1.422274,1.595528,3.939175,
1.587096,1.526984,3.472701,1.394916,1.591031,3.948385,
1.586296,1.526725,3.478821,1.381439,1.587923,3.949466,
1.585633,1.526892,3.486354,1.367195,1.58437,3.952511,
1.584873,1.526893,3.490899,1.353355,1.580477,3.953202,
1.584193,1.527846,3.500094,1.32808,1.572658,3.952035,
1.582981,1.529271,3.510515,1.30259,1.563035,3.949471,
1.58229,1.531272,3.519629,1.281373,1.547592,3.936896,
1.581904,1.532801,3.528229,1.264097,1.531475,3.923084,
1.581843,1.532862,3.527872,1.265537,1.52969,3.921311,
1.581626,1.533081,3.521449,1.258082,1.521377,3.904258,
1.581245,1.534047,3.525186,1.252943,1.511847,3.895385,
1.580348,1.534714,3.527548,1.248562,1.501436,3.884209,
1.577008,1.537243,3.541862,1.234853,1.461079,3.843018,
1.574625,1.538912,3.549122,1.230267,1.443309,3.824097,
1.573357,1.539849,3.552373,1.229856,1.433475,3.813262,
1.570773,1.541675,3.557624,1.232581,1.412387,3.789705,
1.567765,1.543406,3.560565,1.236679,1.390637,3.762801,
1.564484,1.545559,3.56238,1.24242,1.370871,3.736811,
1.564404,1.545181,3.560738,1.242589,1.370639,3.735095,
1.562884,1.546424,3.561267,1.246444,1.361021,3.722066,
1.559938,1.547628,3.560812,1.255811,1.33984,3.693352,
1.558542,1.548741,3.559971,1.262031,1.328814,3.678336,
1.556857,1.549187,3.558782,1.267474,1.317967,3.662901,
1.555643,1.550075,3.557549,1.27311,1.308028,3.648336,
1.554095,1.550716,3.556383,1.279186,1.297618,3.634152,
1.552738,1.551336,3.555297,1.284617,1.288176,3.620894,
1.54833,1.553739,3.552306,1.306026,1.253527,3.572923,
1.546644,1.555923,3.549896,1.315599,1.239367,3.552025,
1.544537,1.557676,3.546292,1.324773,1.226419,3.533342,
1.542794,1.559477,3.540993,1.333218,1.215549,3.517585,
1.543151,1.559307,3.540201,1.332905,1.216193,3.519387,
1.541967,1.560511,3.538394,1.341708,1.205609,3.505376,
1.540092,1.562852,3.532212,1.346124,1.200658,3.499111,
1.539308,1.563871,3.529221,1.35073,1.195683,3.492985,
1.538002,1.564632,3.526304,1.350311,1.194058,3.483817,
1.536124,1.566667,3.520981,1.358683,1.185527,3.476463,
1.533484,1.569168,3.516203,1.367159,1.176599,3.467747,
1.531532,1.572265,3.512476,1.373953,1.16951,3.459316,
1.530525,1.573502,3.510839,1.377002,1.166154,3.455987,
1.529391,1.5771,3.50759,1.382132,1.161043,3.447099,
1.529364,1.577001,3.507773,1.381512,1.161396,3.44654,
1.529138,1.579002,3.506936,1.38328,1.159941,3.442604,
1.528233,1.582399,3.505072,1.387487,1.155914,3.434037,
1.528526,1.584232,3.504486,1.388192,1.155842,3.4299,
1.528526,1.585678,3.503372,1.38935,1.155276,3.424308,
1.528424,1.588382,3.501187,1.392193,1.153662,3.414784,
1.529916,1.590384,3.499347,1.391408,1.156859,3.40561,
1.532817,1.591116,3.496871,1.390477,1.160997,3.396649,
1.536805,1.591549,3.493824,1.390109,1.165384,3.386629,
1.538009,1.591328,3.494386,1.388379,1.167624,3.386555,
1.540607,1.591547,3.492734,1.388619,1.170279,3.380551,
1.543061,1.591297,3.490891,1.38806,1.173777,3.374897,
1.546149,1.591522,3.489734,1.387153,1.178268,3.369641,
1.549121,1.591465,3.488091,1.386525,1.182833,3.364215,
1.552096,1.59111,3.486482,1.386697,1.186799,3.358128,
1.555592,1.591034,3.488893,1.38645,1.197089,3.346513,
1.562427,1.590348,3.482079,1.387514,1.201459,3.340573,
1.566562,1.590245,3.481047,1.388435,1.206906,3.334805,
1.570294,1.589945,3.479719,1.390312,1.211397,3.328747,
1.577635,1.589204,3.47753,1.394593,1.220964,3.31706,
1.585912,1.588227,3.476115,1.402376,1.22952,3.303307,
1.594826,1.585866,3.474007,1.412361,1.237114,3.289374,
1.599249,1.584282,3.472571,1.419548,1.23947,3.28123,
1.612918,1.579274,3.466985,1.44508,1.243027,3.256345,
1.613127,1.578479,3.465561,1.447081,1.239717,3.255659,
1.617889,1.576982,3.462762,1.457258,1.238422,3.246896,
1.62264,1.575415,3.459956,1.46672,1.237554,3.239002,
1.627434,1.573641,3.456211,1.476136,1.236971,3.230586,
1.632581,1.572068,3.452567,1.485067,1.236616,3.223076,
1.638305,1.569744,3.448804,1.493206,1.237131,3.216142,
1.643783,1.567878,3.443999,1.502,1.23726,3.208477,
1.649473,1.566658,3.439493,1.50983,1.238528,3.201657,
1.672424,1.559721,3.41661,1.541055,1.247532,3.172681,
1.68415,1.556297,3.402774,1.555554,1.25284,3.159191,
1.695205,1.554506,3.390347,1.569554,1.258351,3.146591,
1.69498,1.554909,3.389011,1.568939,1.258179,3.146948,
1.70062,1.554633,3.382666,1.575732,1.261057,3.141007,
1.706079,1.553753,3.376446,1.582041,1.264314,3.135313,
1.711558,1.553443,3.369764,1.588263,1.26781,3.129891,
1.717094,1.554194,3.363416,1.594194,1.271726,3.124886,
1.722494,1.554434,3.356778,1.59937,1.276159,3.120228,
1.727805,1.55532,3.350098,1.604469,1.280856,3.115656,
1.733295,1.556502,3.34579,1.613962,1.291214,3.106773,
1.744655,1.559319,3.329562,1.618838,1.296623,3.102171,
1.750564,1.561365,3.322659,1.623371,1.302699,3.097804,
1.756435,1.563533,3.315797,1.627692,1.309161,3.09389,
1.768325,1.567107,3.302933,1.637133,1.321283,3.086066,
1.780036,1.573698,3.289938,1.645203,1.336208,3.07927,
1.791018,1.580752,3.276932,1.653689,1.351055,3.070938,
1.801805,1.588457,3.26342,1.66179,1.368258,3.062168,
1.801385,1.589433,3.263818,1.662046,1.369006,3.062082,
1.806595,1.593984,3.257488,1.66644,1.377946,3.057823,
1.817233,1.602684,3.245935,1.675216,1.398008,3.049328,
1.833978,1.616076,3.229383,1.68751,1.430875,3.038608,
1.845105,1.625041,3.218688,1.6949,1.455497,3.03299,
1.855351,1.634617,3.208955,1.702111,1.481565,3.027888,
1.8545,1.634897,3.209412,1.701517,1.482546,3.028236,
1.858887,1.639399,3.205119,1.705743,1.49594,3.02517,
1.863654,1.644458,3.200369,1.710436,1.509929,3.021978,
1.868455,1.649235,3.196429,1.715894,1.524093,3.018197,
1.873924,1.653445,3.192288,1.721653,1.538061,3.014521,
1.879959,1.658196,3.187536,1.728368,1.552822,3.010232,
1.885589,1.662436,3.183725,1.736153,1.567303,3.005308,
1.891004,1.666737,3.180683,1.743358,1.582212,3.001438,
1.896367,1.671373,3.177002,1.751572,1.597546,2.99677,
1.901907,1.675087,3.173593,1.759467,1.612385,2.992803,
1.907227,1.678971,3.170871,1.766912,1.627353,2.989541,
1.912714,1.683019,3.167676,1.774254,1.641554,2.986747,
1.923584,1.690855,3.161507,1.787849,1.670465,2.982698,
1.933994,1.69812,3.15712,1.799637,1.693279,2.981861,
1.943825,1.704727,3.153561,1.809706,1.712421,2.983067,
1.948829,1.708319,3.151829,1.81314,1.718898,2.985208,
1.958686,1.713654,3.148588,1.81813,1.727753,2.991093,
1.958552,1.712965,3.148291,1.816407,1.724764,2.992473,
1.963687,1.715387,3.145811,1.818076,1.728476,2.99591,
1.968755,1.717643,3.143296,1.818932,1.732018,2.999925,
1.974083,1.720056,3.1403,1.81939,1.735021,3.004055,
1.979467,1.722297,3.137149,1.820359,1.7382,3.007649,
1.984823,1.724388,3.133971,1.81979,1.739845,3.012334,
1.990563,1.726628,3.130553,1.819987,1.742178,3.016391,
1.995988,1.728606,3.126981,1.81968,1.744404,3.020264,
2.001571,1.730298,3.123365,1.81848,1.744991,3.024895,
2.007392,1.732118,3.119374,1.817764,1.746153,3.028931,
2.012837,1.733781,3.115396,1.816346,1.747213,3.033236,
2.018435,1.735062,3.111064,1.8152,1.747342,3.036718,
2.024488,1.736606,3.106194,1.814278,1.747334,3.039757,
2.030141,1.737613,3.101124,1.81312,1.747444,3.042829,
2.036023,1.738288,3.095878,1.812172,1.746898,3.045447,
2.042408,1.739185,3.089823,1.811188,1.745657,3.047888,
2.054457,1.740002,3.078183,1.805097,1.738817,3.056124,
2.061017,1.740399,3.071588,1.804951,1.738166,3.057699,
2.067454,1.740506,3.064773,1.804209,1.734928,3.05935,
2.087435,1.741237,3.042393,1.813888,1.733505,3.052442,
2.101066,1.740742,3.025851,1.826485,1.733898,3.041198,
2.101686,1.740724,3.024329,1.83081,1.735973,3.03634,
2.108152,1.740816,3.016308,1.836666,1.736876,3.031073,
2.115023,1.740461,3.00795,1.842838,1.73825,3.025409,
2.122319,1.740694,2.999239,1.850367,1.741036,3.018528,
2.129216,1.740638,2.990942,1.856211,1.742965,3.013378,
2.136545,1.740415,2.982016,1.862359,1.745788,3.007657,
2.146063,1.741465,2.971493,1.869929,1.749103,3.000515,
2.153774,1.741343,2.962457,1.876482,1.751675,2.9943,
2.161789,1.741045,2.952955,1.883562,1.754401,2.987074,
2.16982,1.740835,2.94612,1.891573,1.757071,2.979557,
2.177504,1.74079,2.936652,1.899265,1.759385,2.971771,
2.185621,1.740521,2.927308,1.906862,1.761371,2.96397,
2.194361,1.740526,2.917449,1.915902,1.763862,2.954434,
2.203676,1.740606,2.907506,1.924644,1.765763,2.945338,
2.213258,1.74089,2.897227,1.933651,1.768255,2.935823,
2.222826,1.741349,2.886922,1.941853,1.770127,2.926795,
2.232578,1.741844,2.876727,1.95174,1.772105,2.916064,
2.242497,1.742679,2.866401,1.960514,1.774027,2.906237,
2.252392,1.74391,2.855936,1.969394,1.776361,2.89595,
2.26258,1.745026,2.845059,1.979808,1.778804,2.884289,
2.272435,1.746167,2.834111,1.989416,1.781322,2.873186,
2.281681,1.747293,2.823255,2.000482,1.784526,2.860535,
2.289979,1.748179,2.812732,2.011655,1.787338,2.847665,
2.298388,1.748858,2.802219,2.02227,1.790204,2.835555,
2.308477,1.751547,2.790433,2.033363,1.79331,2.823065,
2.31679,1.752783,2.779862,2.045827,1.79732,2.809474,
2.324898,1.75384,2.769429,2.056734,1.800721,2.79732,
2.330209,1.753042,2.761143,2.068701,1.804774,2.784325,
2.337571,1.754346,2.751196,2.081617,1.809426,2.770412,
2.344852,1.755697,2.741135,2.092865,1.814022,2.758023,
2.350663,1.755797,2.7321,2.10423,1.818407,2.745484,
2.357543,1.757186,2.722313,2.117106,1.82414,2.731789,
2.364368,1.758593,2.71208,2.127914,1.829777,2.719647,
2.37058,1.759787,2.702354,2.138648,1.835734,2.707607,
2.377212,1.761267,2.692069,2.150257,1.843117,2.694788,
2.383623,1.762566,2.681939,2.159621,1.84925,2.684013,
2.390423,1.764374,2.671509,2.169382,1.85568,2.672786,
2.396868,1.765927,2.661345,2.180167,1.863409,2.660923,
2.403379,1.767501,2.651206,2.187884,1.869637,2.651786,
2.409948,1.768847,2.641101,2.196095,1.875535,2.642221,
2.416343,1.770296,2.630866,2.205436,1.88275,2.631689,
2.422732,1.771568,2.621078,2.210942,1.887661,2.624728,
2.429157,1.772678,2.611123,2.217631,1.892878,2.616638,
2.435559,1.7737,2.601047,2.226923,1.899678,2.606292,
2.441724,1.774542,2.591203,2.230931,1.902663,2.60042,
2.447726,1.775326,2.581599,2.235352,1.906029,2.594242,
2.453762,1.775925,2.571838,2.242617,1.910297,2.585354,
2.459795,1.776446,2.562436,2.246648,1.912578,2.579552,
2.466026,1.776735,2.552811,2.250058,1.914152,2.574167,
2.471859,1.777165,2.54358,2.257194,1.916881,2.565261,
2.477553,1.777266,2.53434,2.258969,1.916273,2.560928,
2.48268,1.776947,2.525547,2.2613,1.916261,2.556306,
2.48774,1.776988,2.516659,2.266314,1.917048,2.548858,
2.492772,1.776994,2.507825,2.268058,1.91662,2.544592,
2.496851,1.776419,2.499632,2.27025,1.916133,2.539834,
2.501399,1.77646,2.491098,2.274368,1.916434,2.533195,
2.505917,1.776486,2.482546,2.277045,1.916044,2.527821,
2.509587,1.775919,2.474842,2.279204,1.915656,2.523063,
2.514139,1.776109,2.46644,2.283508,1.916732,2.51636,
2.518851,1.776494,2.457744,2.287893,1.9178,2.509295,
2.523074,1.77621,2.449594,2.29109,1.917846,2.503307,
2.527594,1.776465,2.441235,2.296558,1.919496,2.495207,
2.532097,1.776758,2.432737,2.301611,1.92036,2.487241,
2.537189,1.777286,2.423863,2.307623,1.92199,2.478364,
2.542255,1.777944,2.415383,2.317791,1.925713,2.465687,
2.547867,1.778875,2.406292,2.325558,1.928432,2.455089,
2.553854,1.77985,2.396958,2.336117,1.93212,2.441655,
2.559681,1.781076,2.387849,2.348503,1.936445,2.426674,
2.565617,1.782708,2.37863,2.361166,1.940993,2.411218,
2.57133,1.783871,2.369438,2.374987,1.946681,2.394682,
2.57679,1.784938,2.360506,2.39088,1.95257,2.37609,
2.582538,1.786569,2.351356,2.405566,1.957838,2.358335,
2.587994,1.787789,2.342359,2.422387,1.963706,2.338583,
2.593588,1.789261,2.332793,2.439559,1.969771,2.317906,
2.598953,1.790522,2.323807,2.456791,1.975358,2.297385,
2.604496,1.792075,2.314449,2.474005,1.98131,2.276725,
2.609751,1.793626,2.305251,2.493429,1.988107,2.254021,
2.61498,1.794924,2.295627,2.511573,1.994346,2.232007,
2.620092,1.795955,2.286168,2.528444,1.999939,2.211172,
2.625081,1.797105,2.276201,2.548728,2.007449,2.186639,
2.63035,1.797996,2.266242,2.567241,2.013891,2.163857,
2.635217,1.798671,2.255783,2.585597,2.020421,2.140152,
2.639928,1.799335,2.245072,2.603751,2.027059,2.116298,
2.644863,1.79992,2.233912,2.622034,2.033014,2.091749,
2.649525,1.800382,2.222548,2.639962,2.038704,2.066986,
2.654063,1.800905,2.211195,2.657653,2.044739,2.042605,
2.658777,1.801599,2.199227,2.675291,2.049998,2.017318,
2.663084,1.801972,2.188091,2.693038,2.055664,1.99236,
2.667209,1.802464,2.176242,2.710911,2.060392,1.966118,
2.671504,1.802855,2.164856,2.727856,2.064581,1.941278,
2.6756,1.803349,2.153256,2.743904,2.067825,1.916508,
2.679485,1.804101,2.141465,2.760713,2.071579,1.890537,
2.68344,1.804784,2.129124,2.776072,2.073489,1.865171,
2.686922,1.805517,2.117394,2.791064,2.074942,1.840147,
2.690592,1.806206,2.105592,2.806187,2.076784,1.815151,
2.694482,1.807021,2.093047,2.820717,2.076467,1.789782,
2.698255,1.807796,2.080214,2.83533,2.075816,1.764023,
2.702024,1.808605,2.066957,2.851952,2.076288,1.736209,
2.705989,1.80959,2.053174,2.866648,2.074423,1.709677,
2.709728,1.810603,2.039438,2.881084,2.072955,1.683694,
2.713593,1.81172,2.025878,2.899156,2.073015,1.654225,
2.717283,1.813021,2.012427,2.912681,2.068574,1.628699,
2.721127,1.81451,1.999087,2.926312,2.063537,1.603673,
2.724967,1.81607,1.985991,2.94519,2.065642,1.575288,
2.728916,1.817839,1.972961,2.952183,2.05356,1.556701,
2.732791,1.819919,1.96022,2.9757,2.059235,1.525241,
2.73702,1.822031,1.947662,2.984563,2.053753,1.507625,
2.741794,1.82418,1.935277,2.992353,2.044683,1.491919,
2.746505,1.826618,1.923436,2.997675,2.038272,1.480296,
2.75152,1.829161,1.911564,3.002999,2.030225,1.469883,
2.756577,1.831961,1.900707,3.008303,2.022954,1.461385,
2.761209,1.834857,1.890689,3.01132,2.017515,1.456663,
2.765966,1.837608,1.881128,3.015446,2.012462,1.45282,
2.770921,1.840652,1.871639,3.019127,2.008771,1.450954,
2.775603,1.843668,1.862236,3.022107,2.006261,1.451129,
2.780339,1.846573,1.853513,3.023214,2.005726,1.455327,
2.785082,1.849671,1.84451,3.02437,2.005808,1.460815,
2.789349,1.853077,1.836505,3.024266,2.006905,1.46934,
2.793799,1.856215,1.827802,3.023095,2.009224,1.479025,
2.798273,1.859936,1.819022,3.02093,2.012473,1.49169,
2.802107,1.863678,1.810727,3.017664,2.017111,1.505497,
2.806203,1.867402,1.801867,3.014548,2.023811,1.519244,
2.809988,1.871212,1.793306,3.008498,2.031837,1.537139,
2.813281,1.875117,1.785394,3.003667,2.039722,1.553452,
2.816815,1.878938,1.777445,2.996967,2.050855,1.571671,
2.819983,1.882787,1.770429,2.99213,2.061297,1.587853,
2.822855,1.886692,1.764764,2.9861,2.07262,1.606266,
2.825947,1.89048,1.758234,2.97926,2.083056,1.623742,
2.829151,1.894392,1.751931,2.972852,2.092984,1.641083,
2.831854,1.898514,1.745942,2.965657,2.1029,1.657043,
2.834782,1.902692,1.739503,2.958549,2.111999,1.672385,
2.837693,1.907243,1.733209,2.951232,2.120299,1.687341,
2.83986,1.911474,1.727568,2.94434,2.128624,1.701123,
2.841836,1.915694,1.721996,2.937189,2.134654,1.713684,
2.843452,1.919782,1.71714,2.930157,2.140396,1.726558,
2.845267,1.923712,1.712489,2.922343,2.143892,1.738743,
2.846868,1.927531,1.708308,2.916257,2.147264,1.750367,
2.848389,1.931252,1.704447,2.910516,2.148242,1.759664,
2.850299,1.935196,1.700647,2.903443,2.150192,1.771295,
2.852159,1.939294,1.697152,2.896217,2.149853,1.782321,
2.854141,1.943312,1.693325,2.890097,2.150039,1.791881,
2.855947,1.947537,1.689535,2.883427,2.146744,1.799644,
2.857457,1.951547,1.686042,2.875956,2.144706,1.809314,
2.858707,1.955703,1.682293,2.86902,2.140379,1.815988,
2.860198,1.959918,1.678511,2.862007,2.135164,1.82228,
2.861605,1.964129,1.674682,2.854665,2.129989,1.828439,
2.863188,1.968146,1.670877,2.848053,2.123726,1.83327,
2.864694,1.972435,1.667215,2.841075,2.117281,1.837829,
2.866071,1.976785,1.663832,2.834786,2.11141,1.841966,
2.867517,1.981051,1.660372,2.828197,2.104387,1.845252,
2.869084,1.985462,1.657084,2.822113,2.098292,1.848298,
2.870511,1.990014,1.653728,2.816605,2.092669,1.850273,
2.87177,1.994486,1.650236,2.810769,2.087157,1.852103,
2.872971,1.999016,1.646936,2.80594,2.082627,1.853202,
2.874232,2.003533,1.643377,2.801538,2.078951,1.853528,
2.8756,2.008068,1.639644,2.798366,2.076127,1.852808,
2.876826,2.012756,1.635806,2.795174,2.073609,1.851817,
2.878215,2.017552,1.631982,2.79269,2.071077,1.849986,
2.879419,2.022484,1.6282,2.791197,2.069679,1.84761,
2.880378,2.02689,1.624679,2.790322,2.068956,1.845016,
2.88139,2.031417,1.621286,2.790382,2.069544,1.842126,
2.882516,2.035572,1.618069,2.791084,2.070654,1.839359,
2.883062,2.039783,1.615095,2.791229,2.07177,1.836745,
2.88408,2.044263,1.612102,2.792389,2.074208,1.834034,
2.885314,2.04871,1.609038,2.794239,2.076994,1.830943,
2.886192,2.052953,1.606425,2.796282,2.080253,1.828006,
2.887317,2.057673,1.60346,2.798756,2.08418,1.824758,
2.888464,2.062185,1.60065,2.801695,2.088523,1.821218,
2.889153,2.066426,1.598502,2.805134,2.093055,1.817544,
2.890162,2.071024,1.596184,2.809108,2.098386,1.81364,
2.891165,2.075632,1.594022,2.813604,2.104111,1.809448,
2.891711,2.079961,1.592249,2.818217,2.10976,1.804952,
2.892517,2.084675,1.590273,2.823177,2.116196,1.800097,
2.893244,2.089112,1.58848,2.828347,2.122981,1.795462,
2.893052,2.09299,1.586909,2.833571,2.129503,1.790443,
2.893286,2.09753,1.584617,2.837851,2.135257,1.786424,
2.893965,2.101792,1.582759,2.843886,2.143231,1.781447,
2.893341,2.104947,1.581885,2.848981,2.150553,1.777556,
2.893806,2.108829,1.580415,2.850029,2.154257,1.776676,
2.89417,2.112615,1.579108,2.84892,2.155915,1.777249,
2.894154,2.116486,1.577907,2.848942,2.157192,1.776815,
2.895006,2.121146,1.575964,2.848504,2.159479,1.77724,
2.896038,2.125575,1.574088,2.843834,2.159559,1.780037,
2.896311,2.129111,1.572749,2.841171,2.161374,1.781956,
2.897223,2.133293,1.570993,2.835618,2.161484,1.786456,
2.89818,2.137422,1.569352,2.828262,2.159709,1.791525,
2.898863,2.141528,1.567981,2.820959,2.158513,1.796988,
2.899787,2.145949,1.566732,2.814347,2.156982,1.802261,
2.900672,2.150085,1.565638,2.806799,2.154192,1.807937,
2.901084,2.154271,1.564681,2.797442,2.148998,1.814211,
2.90189,2.158665,1.563376,2.789209,2.1442,1.819559,
2.902884,2.162964,1.561951,2.779413,2.13584,1.824985,
2.90314,2.166811,1.561042,2.769922,2.127651,1.829523,
2.90342,2.170803,1.559922,2.761067,2.117814,1.832013,
2.901191,2.172222,1.560962,2.750482,2.10299,1.834387,
2.902003,2.176735,1.560592,2.743378,2.08998,1.833967,
2.902837,2.181229,1.560034,2.737596,2.079863,1.833339,
2.902689,2.184691,1.560551,2.735222,2.07129,1.830747,
2.903791,2.189799,1.560774,2.736446,2.066102,1.826997,
2.905124,2.195077,1.560802,2.739486,2.064996,1.821984,
2.905662,2.199999,1.561386,2.743784,2.067448,1.818456,
2.907022,2.205482,1.561559,2.745117,2.068521,1.817178,
2.90863,2.210982,1.561394,2.747484,2.074362,1.81715,
2.909931,2.216069,1.560898,2.752655,2.083291,1.815799,
2.911462,2.221651,1.559806,2.754857,2.0923,1.816177,
2.913015,2.227046,1.557727,2.759256,2.100954,1.814457,
2.91427,2.232003,1.555264,2.763415,2.10973,1.811833,
2.915956,2.237811,1.552247,2.770598,2.121817,1.807309,
2.917749,2.243585,1.549004,2.775584,2.131038,1.80347,
2.919416,2.249067,1.546096,2.781508,2.141197,1.799214,
2.921372,2.255543,1.542915,2.784977,2.148524,1.795929,
2.923513,2.261825,1.540213,2.789476,2.155701,1.791358,
2.925283,2.267918,1.538068,2.792446,2.160974,1.788034,
2.927802,2.274514,1.53552,2.794471,2.164099,1.784619,
2.929935,2.281224,1.533315,2.797771,2.168783,1.780059,
2.932243,2.287697,1.531087,2.799913,2.171781,1.776133,
2.934758,2.294775,1.528852,2.802151,2.174306,1.771474,
2.937206,2.301957,1.526717,2.80446,2.177393,1.767152,
2.94002,2.309402,1.524505,2.803956,2.178026,1.764106,
2.943105,2.317168,1.522188,2.804368,2.179441,1.760531,
2.946148,2.324803,1.51982,2.804121,2.180814,1.757357,
2.949677,2.332623,1.517206,2.803153,2.181412,1.754444,
2.953462,2.340801,1.514362,2.802803,2.183477,1.751104,
2.95693,2.348943,1.51148,2.803023,2.186255,1.747362,
2.960696,2.357557,1.508524,2.803187,2.190396,1.744024,
2.964417,2.366002,1.505493,2.803472,2.194607,1.740417,
2.96809,2.374804,1.502257,2.804075,2.199466,1.736573,
2.972138,2.384015,1.498787,2.805233,2.205043,1.732003,
2.975857,2.392913,1.495664,2.807777,2.212013,1.726767,
2.979407,2.401305,1.492605,2.810633,2.219088,1.721423,
2.984017,2.410856,1.488996,2.814717,2.22815,1.715819,
2.9878,2.41944,1.485849,2.818147,2.236407,1.710645,
2.992053,2.428403,1.482411,2.822652,2.246032,1.705337,
2.996076,2.437061,1.47887,2.827708,2.256665,1.700237,
2.999905,2.445884,1.475745,2.831907,2.267203,1.696067,
3.004323,2.454886,1.47198,2.836058,2.277413,1.691565,
3.009259,2.464536,1.46823,2.840216,2.288389,1.6878,
3.014282,2.474537,1.464744,2.843827,2.299634,1.684599,
3.019506,2.484781,1.460888,2.847288,2.310773,1.681533,
3.025094,2.495624,1.456845,2.850935,2.322002,1.678115,
3.030535,2.506134,1.452713,2.854407,2.334163,1.674961,
3.035752,2.516247,1.44872,2.857951,2.345309,1.671958,
3.041367,2.526532,1.444534,2.860851,2.356164,1.669842,
3.046677,2.536969,1.440555,2.863923,2.367989,1.66806,
3.05182,2.547074,1.436556,2.866898,2.379849,1.666454,
3.057286,2.55747,1.432204,2.869953,2.392022,1.665157,
3.061936,2.567251,1.428138,2.872239,2.404049,1.66427,
3.066657,2.577066,1.423876,2.874388,2.416339,1.663496,
3.071333,2.586982,1.419741,2.876415,2.428582,1.662841,
3.07579,2.596907,1.415467,2.877978,2.44189,1.662466,
3.080181,2.60663,1.411107,2.879595,2.454701,1.661496,
3.084443,2.616502,1.406802,2.88112,2.467743,1.660347,
3.088479,2.626248,1.402378,2.882775,2.481423,1.65873,
3.092446,2.635687,1.397757,2.884502,2.4949,1.656685,
3.09641,2.645152,1.393352,2.885821,2.508365,1.655157,
3.099943,2.654569,1.389431,2.886628,2.522741,1.653479,
3.102964,2.663887,1.38656,2.888292,2.537097,1.651057,
3.10626,2.673153,1.383284,2.888915,2.551881,1.649549,
3.109398,2.682205,1.379862,2.88957,2.5669,1.648093,
3.112641,2.691064,1.376303,2.890128,2.582289,1.646273,
3.116247,2.7004,1.3724,2.890707,2.59805,1.644048,
3.119757,2.709908,1.368267,2.891897,2.614383,1.640901,
3.123687,2.719727,1.363339,2.893464,2.631031,1.636635,
3.127181,2.729495,1.358646,2.895015,2.647832,1.632536,
3.130469,2.739415,1.353493,2.896674,2.665305,1.626755,
3.133595,2.749193,1.348336,2.898724,2.683253,1.62062,
3.136795,2.759295,1.343344,2.900613,2.701363,1.615453,
3.139715,2.769355,1.338276,2.902296,2.72012,1.609642,
3.142597,2.779396,1.33311,2.90365,2.739392,1.604143,
3.145789,2.78952,1.32791,2.905952,2.75927,1.598021,
3.148717,2.799736,1.322591,2.90812,2.77927,1.591482,
3.151532,2.809756,1.317252,2.909967,2.799275,1.585424,
3.15443,2.819839,1.311802,2.912916,2.820006,1.577996,
3.15696,2.829783,1.306625,2.916336,2.841156,1.570158,
3.159423,2.839437,1.30094,2.919073,2.861991,1.563112,
3.162027,2.849199,1.295217,2.923083,2.883157,1.554555,
3.164452,2.858851,1.288983,2.926878,2.903999,1.545782,
3.166488,2.867904,1.283354,2.930279,2.924722,1.537749,
3.168895,2.876981,1.277402,2.933536,2.944701,1.530514,
3.171299,2.886168,1.27176,2.935661,2.963567,1.523412,
3.173604,2.895106,1.266698,2.936876,2.982107,1.518914,
3.176057,2.903874,1.262088,2.938566,2.999848,1.515096,
3.178757,2.91308,1.257769,2.939335,3.015982,1.512139,
3.181598,2.922318,1.254425,2.939862,3.03073,1.510454,
3.184818,2.932082,1.251492,2.941359,3.044195,1.508311,
3.188207,2.941968,1.248357,2.944846,3.058585,1.505844,
3.191726,2.951862,1.245281,2.950554,3.072029,1.500914,
3.195802,2.962306,1.241919,2.95829,3.085559,1.494294,
3.200397,2.973827,1.238026,2.968249,3.099385,1.485585,
3.205081,2.98548,1.23314,2.977496,3.112404,1.477642,
3.209688,2.997236,1.227637,2.988008,3.124972,1.467903,
3.214122,3.00867,1.221693,2.995745,3.136473,1.461087,
3.218831,3.020244,1.214755,3.005803,3.147515,1.450799,
3.223499,3.031748,1.208424,3.016161,3.158684,1.441312,
3.228203,3.043297,1.202061,3.024703,3.168537,1.433192,
3.233176,3.055107,1.195969,3.031543,3.177387,1.42721,
3.238291,3.067001,1.189983,3.039041,3.186119,1.420756,
3.243489,3.079018,1.184369,3.050446,3.197359,1.412158,
3.248285,3.090917,1.178987,3.059361,3.206869,1.405203,
3.253299,3.102745,1.173577,3.070008,3.217252,1.397384,
3.258396,3.114655,1.168149,3.08299,3.229489,1.388567,
3.263854,3.126421,1.162507,3.092235,3.239014,1.382366,
3.268935,3.138089,1.156973,3.102709,3.249544,1.375544,
3.274151,3.149842,1.151143,3.114193,3.261212,1.368669,
3.279596,3.161355,1.145162,3.123409,3.271222,1.363584,
3.284562,3.172531,1.139259,3.133526,3.281897,1.357973,
3.289651,3.183643,1.132851,3.143566,3.29335,1.353346,
3.294584,3.194453,1.126748,3.152913,3.30399,1.349385,
3.299426,3.205204,1.120778,3.162262,3.315444,1.346407,
3.304229,3.216268,1.115257,3.171465,3.326526,1.343723,
3.309086,3.227226,1.109655,3.180577,3.337478,1.341409,
3.314056,3.238347,1.10442,3.190041,3.348472,1.339011,
3.319232,3.24968,1.099156,3.19949,3.359862,1.337165,
3.324194,3.260605,1.094123,3.208871,3.370533,1.335024,
3.329127,3.271435,1.08918,3.2183,3.381529,1.333479,
3.334067,3.282207,1.084078,3.227043,3.392303,1.332605,
3.338714,3.292434,1.078819,3.236064,3.40376,1.332394,
3.343245,3.30245,1.073513,3.244845,3.415153,1.332599,
3.348129,3.312612,1.068239,3.253132,3.426275,1.333343,
3.352821,3.322152,1.062638,3.261611,3.437804,1.334589,
3.357848,3.331883,1.057024,3.270187,3.449405,1.336199,
3.362675,3.341516,1.051997,3.278645,3.461119,1.338148,
3.367435,3.350861,1.046852,3.287179,3.47245,1.339817,
3.372269,3.360209,1.041939,3.295522,3.483826,1.342296,
3.377267,3.369721,1.036782,3.303538,3.495564,1.345364,
3.382171,3.378623,1.031415,3.311666,3.506591,1.348168,
3.387318,3.387617,1.026096,3.319433,3.517608,1.351995,
3.392567,3.396386,1.020274,3.326539,3.52798,1.355633,
3.397889,3.405135,1.014475,3.33327,3.537738,1.359101,
3.403069,3.413843,1.008852,3.339346,3.546917,1.362614,
3.408246,3.422329,1.003612,3.345537,3.556474,1.366472,
3.413252,3.430091,0.9980077,3.35094,3.565441,1.371067,
3.418543,3.438001,0.9927485,3.357269,3.575088,1.375209,
3.423365,3.445631,0.987491,3.363017,3.584355,1.379301,
3.428219,3.452864,0.9821379,3.369073,3.593271,1.383379,
3.433342,3.460175,0.9767284,3.375381,3.602332,1.386988,
3.437862,3.46702,0.9715233,3.381492,3.611686,1.390671,
3.442607,3.473332,0.965818,3.388395,3.620472,1.393217,
3.447214,3.479639,0.9605033,3.395166,3.62936,1.396017,
3.451925,3.486024,0.9547632,3.402099,3.638843,1.398229,
3.456548,3.491786,0.9487516,3.408929,3.646942,1.398885,
3.461055,3.497634,0.9430965,3.415551,3.654927,1.399884,
3.465197,3.503191,0.9374191,3.421402,3.661628,1.399951,
3.469429,3.508574,0.9314981,3.427011,3.667246,1.399113,
3.47344,3.513622,0.9259657,3.432529,3.673133,1.398918,
3.477025,3.518548,0.9207557,3.436774,3.677632,1.397969,
3.480626,3.52312,0.9155692,3.440993,3.681373,1.396468,
3.483946,3.527657,0.9111713,3.444369,3.684606,1.395598,
3.487183,3.532126,0.9075963,3.447482,3.688068,1.396132,
3.490354,3.536192,0.9043291,3.449474,3.68908,1.396042,
3.493267,3.540494,0.9024265,3.450671,3.689285,1.397075,
3.49597,3.544366,0.9009192,3.451843,3.689312,1.397764,
3.498532,3.547858,0.899699,3.454021,3.688502,1.396059,
3.500994,3.551315,0.8983453,3.455345,3.687909,1.395628,
3.503333,3.554667,0.8977268,3.456942,3.686816,1.393309,
3.505363,3.557502,0.8960641,3.465104,3.695458,1.388866,
3.507168,3.560306,0.8942057,3.469451,3.703099,1.391884,
3.50882,3.563101,0.8911288,3.466033,3.700633,1.388454,
3.510053,3.565349,0.888491,3.46782,3.702394,1.386346,
3.51078,3.567175,0.8851919,3.46775,3.703172,1.384501,
3.511643,3.569206,0.8813797,3.463004,3.699978,1.377901,
3.512504,3.571186,0.8784684,3.471495,3.70426,1.363716,
3.513534,3.573298,0.8750772,3.475495,3.706482,1.354798,
3.514665,3.575371,0.8712607,3.471522,3.700945,1.345073,
3.51557,3.577085,0.867335,3.472684,3.699378,1.334971,
3.516495,3.579063,0.8645254,3.475,3.698583,1.322989,
3.517182,3.581086,0.8623268,3.471328,3.694268,1.313452,
3.517478,3.582377,0.859594,3.473114,3.692379,1.296928,
3.517209,3.583556,0.8586683,3.473343,3.690907,1.28582,
3.517207,3.585031,0.8572329,3.468853,3.685811,1.274742,
3.516974,3.586134,0.8560826,3.465886,3.681853,1.263134,
3.516394,3.587205,0.8553849,3.461797,3.677719,1.252728,
3.515804,3.588391,0.8540908,3.455683,3.671443,1.24172,
3.515029,3.58916,0.8535132,3.45084,3.665825,1.231048,
3.513826,3.58974,0.8529322,3.444222,3.659355,1.221093,
3.512487,3.59016,0.852338,3.43662,3.651951,1.21152,
3.511237,3.590469,0.851779,3.428837,3.644029,1.202065,
3.50929,3.590243,0.8519688,3.420872,3.635967,1.193019,
3.507733,3.590421,0.8520072,3.412303,3.627834,1.184157,
3.505733,3.589955,0.8522702,3.403492,3.618927,1.174961,
3.503346,3.589283,0.8535712,3.394816,3.610656,1.166966,
3.501193,3.58873,0.8543359,3.385135,3.602283,1.159338,
3.499016,3.587712,0.855711,3.375022,3.593252,1.152856,
3.496503,3.586556,0.8578725,3.365166,3.584459,1.146608,
3.494115,3.585567,0.8602417,3.354628,3.575538,1.141017,
3.491447,3.584117,0.8630742,3.343623,3.566052,1.136104,
3.488167,3.582196,0.8670591,3.332777,3.557028,1.131642,
3.484929,3.580017,0.8711246,3.322517,3.548705,1.126604,
3.480805,3.57688,0.8757909,3.310989,3.539645,1.123015,
3.47679,3.573754,0.8810931,3.30033,3.531331,1.119485,
3.472531,3.570311,0.8868636,3.288111,3.522609,1.118276,
3.467325,3.565902,0.8932136,3.27565,3.513671,1.117425,
3.461962,3.561359,0.9002841,3.263186,3.504715,1.117404,
3.456489,3.556604,0.9076215,3.251258,3.496223,1.117163,
3.450164,3.550818,0.9159452,3.239569,3.487778,1.117361,
3.443498,3.544658,0.9249744,3.229347,3.481544,1.118212,
3.436738,3.53802,0.9342702,3.220839,3.475617,1.118107,
3.429812,3.531132,0.9439535,3.209614,3.467487,1.11977,
3.421819,3.523037,0.9541626,3.197762,3.458708,1.1228,
3.414189,3.515148,0.9646816,3.185986,3.450803,1.126987,
3.406077,3.506439,0.9754288,3.17424,3.442342,1.13146,
3.398516,3.4978,0.9860048,3.161465,3.433668,1.138023,
3.390039,3.488626,0.9974834,3.148387,3.424562,1.145764,
3.38108,3.47881,1.009023,3.135999,3.415699,1.153238,
3.372604,3.468921,1.020292,3.122603,3.40607,1.162658,
3.374566,3.461468,1.025942,3.108888,3.396654,1.173117,
3.365759,3.450878,1.037499,3.095611,3.386584,1.183063,
3.35622,3.439761,1.04909,3.082295,3.37642,1.19344,
3.34583,3.427995,1.062048,3.068781,3.366076,1.205058,
3.335072,3.415609,1.074667,3.05537,3.354854,1.21676,
3.324659,3.403275,1.086946,3.042851,3.343614,1.227681,
3.313133,3.390466,1.099419,3.029292,3.331236,1.239196,
3.301824,3.377231,1.111539,3.015337,3.318416,1.251432,
3.290944,3.363701,1.123467,3.001968,3.306058,1.263708,
3.279727,3.350157,1.135891,2.987682,3.292092,1.277245,
3.268442,3.33627,1.147914,2.973104,3.277794,1.291254,
3.257516,3.322478,1.160148,2.958282,3.262854,1.30613,
3.246185,3.308146,1.172316,2.944017,3.247873,1.321007,
3.235114,3.294149,1.184291,2.92943,3.231734,1.336239,
3.224371,3.280275,1.196021,2.914398,3.214536,1.352166,
3.213695,3.266479,1.207752,2.899961,3.196968,1.367993,
3.203192,3.252756,1.219538,2.885556,3.178886,1.384207,
3.19284,3.239522,1.231583,2.871098,3.160313,1.400687,
3.182966,3.226829,1.243895,2.857132,3.141701,1.417542,
3.172806,3.2146,1.255719,2.842825,3.122518,1.433852,
3.162717,3.202438,1.267143,2.828483,3.102879,1.450035,
3.152808,3.190299,1.277939,2.814477,3.083518,1.465759,
3.143323,3.178857,1.288165,2.800033,3.062474,1.481272,
3.133437,3.167203,1.297376,2.786085,3.041883,1.495732,
3.123819,3.155728,1.306378,2.772528,3.021431,1.510397,
3.114671,3.144816,1.314303,2.759091,3.000398,1.524052,
3.105024,3.133889,1.322675,2.746194,2.979767,1.53773,
3.095749,3.123325,1.331091,2.733701,2.958885,1.551363,
3.08674,3.113936,1.33946,2.72221,2.938279,1.564179,
3.077585,3.103997,1.348414,2.711111,2.918074,1.577312,
3.068575,3.094074,1.35736,2.699664,2.897549,1.591581,
3.059363,3.084425,1.366602,2.689091,2.877403,1.604931,
3.050119,3.07491,1.375988,2.678904,2.857402,1.618268,
3.04108,3.065348,1.385216,2.668543,2.836724,1.632174,
3.031567,3.055846,1.394877,2.658193,2.816139,1.646482,
3.022239,3.04666,1.404302,2.648684,2.795994,1.660084,
3.012906,3.037455,1.413714,2.639891,2.776716,1.673305,
3.003657,3.028147,1.422994,2.632386,2.757401,1.68536,
2.994319,3.019119,1.432169,2.625101,2.738751,1.6975,
2.985157,3.010047,1.440817,2.618982,2.721335,1.708163,
2.975846,3.001084,1.449733,2.613444,2.704391,1.718497,
2.966612,2.992365,1.458454,2.607994,2.687643,1.728935,
2.957439,2.983551,1.467401,2.603308,2.672065,1.738648,
2.948247,2.974979,1.476413,2.599657,2.658604,1.746763,
2.938928,2.96653,1.485486,2.595432,2.64363,1.756502,
2.929934,2.95818,1.49433,2.598897,2.637353,1.754915,
2.920513,2.949828,1.503442,2.596003,2.624574,1.76291,
2.910973,2.941669,1.51248,2.591653,2.609139,1.773342,
2.901556,2.933214,1.521591,2.589318,2.598493,1.77962,
2.891935,2.925042,1.53074,2.585974,2.587349,1.787302,
2.882244,2.917107,1.539918,2.582655,2.576766,1.794883,
2.872565,2.909003,1.549007,2.579346,2.566561,1.802077,
2.862846,2.901049,1.558084,2.575819,2.556828,1.809399,
2.853261,2.893255,1.567124,2.572132,2.546912,1.817146,
2.843566,2.885334,1.576176,2.567197,2.538009,1.824701,
2.834161,2.877866,1.584848,2.563024,2.528553,1.832432,
2.824513,2.870218,1.593644,2.558639,2.520094,1.839741,
2.815055,2.862811,1.602371,2.554271,2.511066,1.8475,
2.805506,2.855481,1.611087,2.550382,2.502602,1.854973,
2.795824,2.848195,1.61981,2.545859,2.493408,1.863271,
2.786461,2.841175,1.628446,2.541403,2.48458,1.871354,
2.776931,2.834209,1.637197,2.536992,2.476034,1.879468,
2.767349,2.827339,1.645893,2.532398,2.467247,1.887856,
2.7582,2.820673,1.654454,2.527764,2.459121,1.896024,
2.748341,2.813286,1.663901,2.523564,2.451349,1.903864,
2.739053,2.806532,1.672656,2.519217,2.443392,1.911997,
2.729754,2.800022,1.681682,2.514979,2.435682,1.919978,
2.720053,2.793034,1.691726,2.510771,2.42837,1.927835,
2.710613,2.786666,1.701224,2.506308,2.421219,1.93588,
2.701161,2.780226,1.710858,2.501598,2.413757,1.944222,
2.691401,2.773242,1.720725,2.497138,2.406417,1.952444,
2.682314,2.76714,1.72988,2.492566,2.399302,1.960897,
2.672678,2.760621,1.739323,2.488352,2.392836,1.968361,
2.662775,2.753245,1.749329,2.484086,2.386678,1.975823,
2.653467,2.746693,1.758235,2.480553,2.381436,1.982484,
2.643713,2.739783,1.767606,2.477177,2.37617,1.98903,
2.633719,2.731987,1.777823,2.474461,2.372259,1.994587,
2.623789,2.724791,1.78784,2.471358,2.367486,2.000983,
2.613569,2.717221,1.798404,2.4682,2.363001,2.007177,
2.603155,2.709125,1.809378,2.465136,2.358343,2.013457,
2.593043,2.701492,1.819963,2.46158,2.353636,2.019824,
2.582951,2.693601,1.830673,2.457707,2.348058,2.026739,
2.572671,2.685075,1.841719,2.453264,2.342374,2.03378,
2.562407,2.676928,1.852633,2.449173,2.336779,2.040694,
2.552403,2.668371,1.863361,2.444941,2.331145,2.047424,
2.542268,2.659204,1.874351,2.440216,2.325305,2.05408,
2.532365,2.650347,1.884685,2.435814,2.319699,2.060142,
2.522696,2.641428,1.894894,2.431417,2.313999,2.066212,
2.513066,2.632164,1.904756,2.426866,2.3086,2.071471,
2.50315,2.622934,1.914739,2.422512,2.303058,2.076842,
2.493713,2.613588,1.923856,2.418068,2.297352,2.081541,
2.484324,2.603911,1.933092,2.413524,2.291031,2.086736,
2.474835,2.594503,1.942194,2.409053,2.284659,2.091981,
2.465657,2.584889,1.950884,2.404405,2.277614,2.097239,
2.456589,2.575048,1.959706,2.399848,2.270649,2.102424,
2.447418,2.565332,1.968594,2.395368,2.263418,2.108017,
2.438681,2.555587,1.97756,2.390989,2.254983,2.11472,
2.429362,2.545385,1.986834,2.386706,2.247269,2.120954,
2.420132,2.535126,1.996269,2.382142,2.238558,2.128191,
2.411315,2.524799,2.005544,2.377414,2.228894,2.136476,
2.402791,2.514685,2.014655,2.372403,2.219279,2.144864,
2.394671,2.504931,2.023548,2.368073,2.210194,2.152807,
2.386398,2.495156,2.032478,2.362979,2.200321,2.161832,
2.378627,2.485397,2.041304,2.357823,2.190316,2.171111,
2.371112,2.475959,2.049893,2.352247,2.180307,2.180755,
2.363754,2.466632,2.058472,2.346769,2.170004,2.190475,
2.356528,2.457373,2.067179,2.340834,2.159549,2.20064,
2.348962,2.44826,2.076344,2.334366,2.148768,2.211197,
2.341479,2.439214,2.085721,2.327414,2.137398,2.222445,
2.334206,2.430393,2.094629,2.319993,2.125833,2.234158,
2.326848,2.421736,2.103352,2.312612,2.114793,2.245372,
2.319726,2.412869,2.112025,2.305125,2.103943,2.256583,
2.312508,2.404215,2.082741,2.296829,2.093492,2.230632,
2.305178,2.395452,2.097529,2.288709,2.083188,2.247717,
2.298162,2.386986,2.105054,2.278993,2.073761,2.257858,
2.290865,2.378579,2.119082,2.269633,2.064523,2.273922,
2.283189,2.369975,2.127712,2.259948,2.054756,2.284675,
2.275563,2.361603,2.135704,2.24913,2.045027,2.295237,
2.267835,2.353446,2.143786,2.238174,2.035015,2.306374,
2.259843,2.34511,2.1529,2.227174,2.025103,2.318189,
2.25204,2.337073,2.16108,2.215279,2.015202,2.329837,
2.243906,2.328804,2.168724,2.203439,2.005402,2.340792,
2.235894,2.320579,2.176917,2.191514,1.996238,2.351933,
2.227993,2.312031,2.182521,2.179424,1.987371,2.360267,
2.219983,2.303948,2.189376,2.16757,1.979071,2.369624,
2.21197,2.295504,2.203623,2.156043,1.970623,2.385831,
2.203818,2.287119,2.209929,2.144576,1.962737,2.393966,
2.195919,2.279052,2.216538,2.133339,1.954817,2.402652,
2.187806,2.270841,2.223111,2.122472,1.946523,2.411208,
2.179333,2.262311,2.228714,2.111248,1.938881,2.418108,
2.171356,2.254679,2.233475,2.100899,1.931041,2.42496,
2.163182,2.246559,2.239362,2.090391,1.923853,2.43185,
2.154893,2.238654,2.244828,2.079352,1.916821,2.438625,
2.146631,2.231394,2.249509,2.069353,1.91004,2.444828,
2.137908,2.223041,2.255594,2.059052,1.903195,2.450853,
2.129184,2.215033,2.259121,2.048638,1.896694,2.455275,
2.120846,2.207609,2.263461,2.038619,1.889469,2.461705,
2.112771,2.199346,2.26788,2.02904,1.882913,2.466505,
2.104494,2.191681,2.272404,2.019875,1.877146,2.471501,
2.096554,2.183986,2.276667,2.011002,1.871013,2.476446,
2.088948,2.176084,2.280071,2.002902,1.865396,2.479882,
2.081337,2.168422,2.281719,1.995084,1.859861,2.48173,
2.073699,2.161018,2.28487,1.988098,1.854445,2.484842,
2.066211,2.153374,2.288702,1.98106,1.849109,2.488312,
2.058681,2.14607,2.292325,1.975066,1.844471,2.490404,
2.051432,2.139472,2.295911,1.969218,1.839319,2.492408,
2.044106,2.132444,2.299708,1.963622,1.834222,2.493949,
2.036583,2.125552,2.302691,1.958886,1.828629,2.495426,
2.028444,2.11811,2.309524,1.953733,1.82236,2.499871,
2.02138,2.111023,2.315416,1.949391,1.816457,2.504556,
2.014439,2.104308,2.320522,1.945078,1.811009,2.508263,
2.007163,2.09865,2.326148,1.941828,1.805347,2.513116,
2.000356,2.091423,2.334578,1.938887,1.799792,2.519289,
1.993622,2.084591,2.341629,1.935838,1.79435,2.52418,
1.986976,2.078094,2.348118,1.933518,1.788181,2.529379,
1.980346,2.070653,2.355273,1.931483,1.781538,2.53446,
1.973675,2.06348,2.361896,1.929489,1.774745,2.539274,
1.967599,2.056354,2.368753,1.927441,1.767796,2.545379,
1.961062,2.048728,2.377043,1.9258,1.760649,2.551597,
1.954345,2.040878,2.384481,1.92408,1.753235,2.557062,
1.948105,2.033422,2.391099,1.92247,1.746262,2.562617,
1.9414,2.025432,2.398105,1.920945,1.739562,2.567198,
1.934543,2.017557,2.404616,1.91977,1.733675,2.570221,
1.928118,2.009092,2.411159,1.918032,1.727682,2.574131,
1.92155,2.000882,2.419482,1.916709,1.721717,2.57912,
1.915129,1.992283,2.425201,1.91531,1.716045,2.581101,
1.908728,1.984273,2.43382,1.91393,1.710482,2.586707,
1.901999,1.976025,2.441541,1.912917,1.704574,2.590732,
1.895251,1.968024,2.450308,1.911865,1.698646,2.595949,
1.888923,1.959755,2.460245,1.910973,1.692955,2.602298,
1.882274,1.951768,2.467558,1.910351,1.687333,2.605661,
1.875529,1.944185,2.474895,1.909701,1.681608,2.609291,
1.868903,1.936063,2.482196,1.908636,1.676118,2.612749,
1.861947,1.928199,2.487692,1.907216,1.670623,2.614621,
1.855354,1.920502,2.49484,1.905952,1.665043,2.618451,
1.848486,1.912939,2.50182,1.903978,1.660157,2.621967,
1.841502,1.905628,2.507678,1.902026,1.654987,2.625272,
1.834892,1.898169,2.512859,1.899398,1.650114,2.627598,
1.828098,1.890988,2.519669,1.897091,1.645263,2.631526,
1.821305,1.883981,2.525899,1.894718,1.640217,2.635479,
1.815197,1.877453,2.532229,1.892711,1.635219,2.640112,
1.80848,1.87063,2.538825,1.890081,1.630079,2.64489,
1.801952,1.864358,2.545275,1.887683,1.624712,2.649738,
1.795854,1.858377,2.550305,1.884914,1.619286,2.6542,
1.789753,1.852372,2.55714,1.882013,1.613895,2.659382,
1.783656,1.846619,2.567507,1.878464,1.608276,2.669111,
1.778079,1.841447,2.572892,1.875001,1.602897,2.674592,
1.772122,1.835737,2.580436,1.870981,1.596803,2.682459,
1.766521,1.830517,2.586322,1.867158,1.591103,2.689097,
1.76103,1.825379,2.592392,1.86284,1.585433,2.69687,
1.754853,1.820645,2.598492,1.857673,1.579682,2.704477,
1.74909,1.815278,2.603257,1.852406,1.574219,2.711051,
1.743088,1.811454,2.607755,1.846889,1.569042,2.718364,
1.737025,1.806685,2.617154,1.840749,1.564133,2.727968,
1.731197,1.802002,2.622925,1.834982,1.558841,2.735136,
1.724956,1.797677,2.628955,1.828487,1.55358,2.74312,
1.718954,1.793304,2.639949,1.822346,1.548167,2.756244,
1.71289,1.78916,2.646296,1.815624,1.542575,2.765399,
1.706521,1.785211,2.652046,1.809172,1.53751,2.773699,
1.700067,1.781055,2.658742,1.801953,1.532254,2.783458,
1.693698,1.777165,2.663801,1.79441,1.527468,2.791702,
1.686836,1.773368,2.667213,1.786604,1.523043,2.798391,
1.680169,1.769523,2.673481,1.778516,1.51868,2.807841,
1.673434,1.765552,2.677873,1.770464,1.514539,2.815382,
1.666524,1.762159,2.681518,1.761557,1.51158,2.82153,
1.659481,1.758567,2.684022,1.751712,1.509047,2.825732,
1.65261,1.755363,2.690087,1.742704,1.50675,2.834066,
1.645524,1.752301,2.693145,1.733549,1.504697,2.838887,
1.638341,1.749176,2.694891,1.72451,1.502614,2.842366,
1.631313,1.746442,2.700774,1.715676,1.500888,2.84993,
1.623861,1.743811,2.704046,1.707198,1.498944,2.854816,
1.616277,1.741153,2.70722,1.698938,1.496814,2.85974,
1.608702,1.738766,2.708888,1.690898,1.494854,2.863154,
1.601106,1.736777,2.714654,1.683214,1.493271,2.870951,
1.593154,1.734443,2.717133,1.675307,1.491555,2.875402,
1.585409,1.732815,2.721914,1.667605,1.490323,2.882956,
1.577717,1.730959,2.727295,1.660025,1.488835,2.890518,
1.570251,1.729101,2.731058,1.6528,1.487436,2.896152,
1.563385,1.727556,2.737231,1.645744,1.48666,2.90426,
1.557156,1.726674,2.743649,1.638798,1.486002,2.91234,
1.551038,1.725606,2.748065,1.632527,1.485232,2.917549,
1.545202,1.725083,2.754436,1.626849,1.48456,2.924903,
1.539217,1.724522,2.763738,1.621525,1.483691,2.935513,
1.533211,1.723532,2.766423,1.61652,1.482511,2.939606,
1.527711,1.723278,2.775003,1.611178,1.482398,2.949489,
1.522071,1.722841,2.779642,1.605667,1.482322,2.954602,
1.516401,1.721976,2.78065,1.600069,1.482394,2.955526,
1.511222,1.721423,2.789498,1.594233,1.483007,2.963761,
1.506504,1.721221,2.794024,1.588524,1.483389,2.967826,
1.501585,1.720976,2.796112,1.582636,1.484138,2.967662,
1.496902,1.720989,2.800247,1.577284,1.484478,2.97026,
1.492328,1.721019,2.805087,1.571921,1.484516,2.974447,
1.487931,1.720845,2.80913,1.567494,1.484247,2.977875,
1.483564,1.721176,2.813494,1.563123,1.484152,2.981865,
1.479272,1.721349,2.817703,1.559018,1.483622,2.986734,
1.475032,1.721356,2.822367,1.555502,1.482965,2.992306,
1.470785,1.721787,2.828296,1.552023,1.482658,2.999326,
1.466878,1.722304,2.83293,1.549161,1.482445,3.005892,
1.462926,1.722756,2.836256,1.546815,1.482103,3.011991,
1.459262,1.723868,2.841016,1.54431,1.482625,3.019156,
1.45568,1.724909,2.845708,1.541882,1.48321,3.026491,
1.452243,1.725916,2.850204,1.539539,1.483916,3.034175,
1.448737,1.727675,2.854481,1.536734,1.486237,3.042126,
1.445602,1.729089,2.859065,1.53418,1.488397,3.050153,
1.442318,1.730495,2.863982,1.531374,1.491853,3.059418,
1.438975,1.732009,2.867953,1.528549,1.496632,3.068754,
1.435846,1.73367,2.872115,1.525725,1.502358,3.078704,
1.432661,1.734718,2.872347,1.522748,1.508484,3.085139,
1.429357,1.736171,2.873751,1.519751,1.515702,3.093103,
1.426083,1.736808,2.877343,1.515986,1.524583,3.104313,
1.423011,1.73675,2.878767,1.513006,1.532739,3.113476,
1.419878,1.737013,2.880164,1.509832,1.542517,3.12383,
1.417316,1.736336,2.883659,1.506739,1.555054,3.140082,
1.414802,1.735224,2.886611,1.504092,1.567082,3.155506,
1.412683,1.733862,2.889359,1.502119,1.582247,3.175304,
1.410803,1.732023,2.891112,1.500832,1.597266,3.195175,
1.409174,1.729982,2.894567,1.501398,1.615628,3.225937,
1.407645,1.728536,2.897656,1.503295,1.632634,3.254549,
1.406158,1.72732,2.900904,1.507776,1.650236,3.294314,
1.405217,1.726286,2.901994,1.513242,1.66786,3.329926,
1.404391,1.726231,2.9059,1.52119,1.685022,3.376836,
1.403619,1.7264,2.907865,1.527112,1.703721,3.427121,
1.403139,1.726144,2.906846,1.531789,1.721029,3.474644,
1.402878,1.726504,2.90835,1.53276,1.733793,3.51559,
1.402389,1.726671,2.90783,1.529471,1.746197,3.546822,
1.40209,1.727051,2.905331,1.514556,1.754291,3.55142,
1.401987,1.728512,2.90313,1.50449,1.763284,3.558348,
1.401518,1.729981,2.901781,1.489055,1.760557,3.547426,
1.401037,1.73207,2.897252,1.481514,1.755591,3.53731,
1.400567,1.734446,2.893415,1.474065,1.75504,3.534507,
1.400038,1.736838,2.890364,1.465372,1.752181,3.523993,
1.399722,1.738901,2.885557,1.461347,1.750398,3.511324,
1.399148,1.741466,2.880207,1.460427,1.744236,3.499511,
1.398534,1.743305,2.875582,1.460824,1.739109,3.489529,
1.397933,1.744483,2.8709,1.456268,1.732467,3.477125,
1.39758,1.745971,2.865291,1.452732,1.728565,3.466147,
1.39682,1.74727,2.859997,1.445429,1.727019,3.4558,
1.396156,1.748284,2.852356,1.433206,1.723251,3.439084,
1.395487,1.749942,2.847149,1.421441,1.72614,3.42942,
1.394564,1.751292,2.842318,1.411035,1.725968,3.418839,
1.393754,1.75236,2.838205,1.397481,1.723561,3.407493,
1.393252,1.753848,2.834152,1.387409,1.723918,3.398055,
1.392227,1.75497,2.8304,1.377486,1.723125,3.391037,
1.391204,1.755564,2.825966,1.36663,1.719207,3.381062,
1.390088,1.757019,2.822548,1.358089,1.717004,3.372752,
1.388739,1.758126,2.818878,1.349701,1.713416,3.364413,
1.38714,1.759098,2.813585,1.339764,1.709971,3.353832,
1.385556,1.760489,2.809151,1.331423,1.706327,3.344328,
1.383513,1.762172,2.804871,1.321925,1.702972,3.33444,
1.381591,1.763731,2.799892,1.312757,1.699545,3.324201,
1.379621,1.766023,2.795165,1.30341,1.695597,3.313565,
1.377515,1.768137,2.79023,1.294188,1.692304,3.303211,
1.374809,1.770132,2.785303,1.284736,1.688256,3.292216,
1.372604,1.77255,2.780314,1.276315,1.68401,3.280828,
1.370199,1.774847,2.774707,1.267873,1.67974,3.269942,
1.367498,1.77699,2.768672,1.259655,1.6745,3.258226,
1.364932,1.779692,2.763063,1.251851,1.669613,3.246991,
1.361968,1.782142,2.757328,1.243428,1.66478,3.235806,
1.358973,1.784411,2.750857,1.235065,1.659536,3.223628,
1.356107,1.787095,2.743983,1.226853,1.65449,3.210376,
1.352898,1.789523,2.737373,1.217917,1.649582,3.196687,
1.349842,1.791483,2.729502,1.209408,1.644949,3.182606,
1.346604,1.793902,2.7208,1.200751,1.640742,3.166238,
1.343249,1.796009,2.71321,1.19212,1.636766,3.15116,
1.340178,1.79746,2.705045,1.183726,1.632413,3.13578,
1.337067,1.799715,2.695772,1.17545,1.628904,3.119114,
1.333924,1.801679,2.688028,1.167583,1.624732,3.104505,
1.33105,1.803482,2.680065,1.159849,1.620336,3.089491,
1.328521,1.805907,2.672148,1.153001,1.616214,3.074113,
1.325791,1.808164,2.664905,1.145545,1.612387,3.059802,
1.32337,1.810484,2.656631,1.138504,1.608274,3.043657,
1.321268,1.813134,2.647706,1.131855,1.604995,3.027211,
1.318988,1.815341,2.640411,1.125689,1.601353,3.012024,
1.317053,1.817452,2.632283,1.119774,1.597767,2.996774,
1.315676,1.819757,2.623756,1.114841,1.594216,2.981025,
1.313962,1.82188,2.616045,1.109257,1.590589,2.965763,
1.312776,1.823214,2.607668,1.103946,1.586775,2.950047,
1.31179,1.825047,2.597223,1.099629,1.582666,2.932582,
1.31068,1.826965,2.589658,1.094076,1.579558,2.916841,
1.309871,1.828667,2.582482,1.088915,1.576555,2.901874,
1.309381,1.830928,2.574101,1.084315,1.574257,2.885432,
1.308862,1.832556,2.566966,1.079657,1.57158,2.870325,
1.308349,1.833848,2.560759,1.075204,1.568604,2.856007,
1.308202,1.835459,2.551021,1.071609,1.566114,2.839298,
1.307843,1.836556,2.543907,1.06758,1.563573,2.824748,
1.30739,1.8374,2.535678,1.063491,1.561115,2.809219,
1.307312,1.838542,2.529549,1.060166,1.559327,2.795987,
1.306911,1.83928,2.52247,1.05583,1.557811,2.781532,
1.306677,1.839536,2.516029,1.051579,1.556677,2.768231,
1.306697,1.84032,2.508097,1.047714,1.556289,2.753457,
1.306558,1.840831,2.500507,1.043302,1.556047,2.738534,
1.306484,1.84096,2.493361,1.039333,1.555607,2.724554,
1.30655,1.841591,2.484929,1.035467,1.556198,2.709461,
1.306463,1.841854,2.483078,1.031305,1.556727,2.700409,
1.306379,1.841696,2.434411,1.027218,1.557064,2.650036,
1.306665,1.842185,2.425602,1.023665,1.558114,2.635212,
1.306695,1.842158,2.423933,1.019513,1.559346,2.62873,
1.306811,1.84187,2.417412,1.015704,1.560166,2.615681,
1.307097,1.8422,2.40908,1.012364,1.56146,2.602047,
1.307155,1.842316,2.400022,1.008423,1.562976,2.587453,
1.30726,1.842437,2.392357,1.00464,1.564635,2.574824,
1.307741,1.843111,2.385005,1.001326,1.566564,2.562539,
1.30798,1.843623,2.376747,0.9971994,1.568974,2.549379,
1.308215,1.844016,2.368687,0.9931545,1.571459,2.537375,
1.309,1.845219,2.361869,0.98917,1.574648,2.526459,
1.309554,1.846456,2.354131,0.984992,1.577932,2.515503,
1.309893,1.847946,2.345979,0.9807145,1.5812,2.504938,
1.311017,1.849903,2.339086,0.9764876,1.585001,2.495272,
1.311535,1.85197,2.332024,0.9721933,1.588745,2.486943,
1.311991,1.854434,2.324257,0.9684641,1.592252,2.479894,
1.313435,1.857032,2.318446,0.9642118,1.596804,2.474149,
1.314391,1.859667,2.311653,0.9603208,1.600755,2.469295,
1.315491,1.861991,2.303679,0.956977,1.604178,2.464462,
1.317776,1.864845,2.297076,0.953464,1.608115,2.46108,
1.319457,1.867163,2.28969,0.9499644,1.612086,2.458309,
1.321641,1.868422,2.28181,0.9467342,1.615563,2.456127,
1.325024,1.869985,2.275758,0.9432268,1.619964,2.45462,
1.327812,1.870769,2.269186,0.9394586,1.624081,2.453183,
1.330942,1.870007,2.261519,0.9355457,1.628383,2.452531,
1.336033,1.869549,2.25652,0.9317574,1.632926,2.452658,
1.340136,1.868879,2.250199,0.9278969,1.637241,2.452403,
1.344395,1.8663,2.243498,0.9241267,1.641247,2.452807,
1.349968,1.86451,2.238828,0.9206454,1.64541,2.452828,
1.355153,1.861252,2.233753,0.9169438,1.649202,2.453135,
1.360077,1.856455,2.228049,0.9133725,1.652888,2.453391,
1.366112,1.852837,2.223989,0.9102366,1.656246,2.452883,
1.376423,1.846773,2.226861,0.9066602,1.659528,2.451881,
1.381858,1.841663,2.22302,0.9034486,1.662405,2.450712,
1.387289,1.837261,2.219301,0.9001919,1.665659,2.448844,
1.392699,1.831048,2.216821,0.8972089,1.668041,2.44691,
1.398034,1.82541,2.214247,0.8943862,1.67021,2.444645,
1.403303,1.820032,2.212587,0.8913625,1.672968,2.442335,
1.407821,1.814744,2.2101,0.8885584,1.675062,2.440252,
1.412525,1.809389,2.209025,0.8854939,1.677699,2.438191,
1.416873,1.804979,2.207373,0.8816472,1.681626,2.435691,
1.42122,1.8001,2.206256,0.8778031,1.685356,2.433572,
1.425552,1.795028,2.205243,0.8738151,1.68886,2.431129,
1.430201,1.790086,2.205014,0.8687231,1.693997,2.427977,
1.433948,1.785214,2.202678,0.8627856,1.699624,2.424747,
1.437798,1.780852,2.201642,0.8563516,1.705669,2.420789,
1.441961,1.776397,2.201243,0.8491998,1.712722,2.415859,
1.445246,1.771804,2.198317,0.8421824,1.719379,2.411744,
1.448646,1.767775,2.196587,0.8336423,1.727062,2.404998,
1.452522,1.763738,2.195022,0.8249899,1.735401,2.397132,
1.455912,1.759644,2.19154,0.815882,1.743606,2.387898,
1.45924,1.756087,2.189064,0.8065856,1.751768,2.378356,
1.463344,1.75229,2.186878,0.7982297,1.760047,2.368706,
1.466613,1.748283,2.183717,0.7892558,1.767758,2.356473,
1.469708,1.744911,2.181192,0.7807658,1.775331,2.343506,
1.473459,1.741406,2.178452,0.7738096,1.782482,2.331116,
1.476088,1.737599,2.175514,0.7688451,1.78809,2.32096,
1.478661,1.734395,2.172903,0.7630202,1.794494,2.30828,
1.481236,1.731563,2.170036,0.7564062,1.801212,2.293757,
1.483614,1.728411,2.167573,0.7512006,1.806616,2.279683,
1.485709,1.725226,2.164906,0.7455914,1.812319,2.26487,
1.488182,1.722618,2.161893,0.7415997,1.817452,2.249725,
1.490201,1.719752,2.159671,0.738863,1.82121,2.235328,
1.492132,1.717326,2.157006,0.7357565,1.825675,2.219447,
1.494407,1.715229,2.153949,0.7331626,1.83059,2.20449,
1.496469,1.712736,2.151769,0.7331832,1.832771,2.189946,
1.498198,1.710629,2.148861,0.7321527,1.836432,2.174877,
1.500437,1.708983,2.145586,0.7323045,1.83972,2.160281,
1.502537,1.707311,2.143346,0.7342009,1.84104,2.146785,
1.504885,1.705183,2.139972,0.7361529,1.842586,2.132516,
1.507104,1.703789,2.136698,0.7389002,1.844319,2.118471,
1.509408,1.702153,2.134584,0.7423894,1.845003,2.10547,
1.511501,1.700706,2.13115,0.7465168,1.845555,2.092174,
1.513955,1.698991,2.127829,0.7515258,1.845243,2.07958,
1.516093,1.6972,2.124746,0.7576978,1.843391,2.067726,
1.518133,1.695568,2.121553,0.7640332,1.841873,2.055806,
1.520354,1.694156,2.117844,0.7702468,1.841002,2.044103,
1.52205,1.692198,2.114691,0.778001,1.837708,2.033537,
1.52377,1.690442,2.110912,0.7856899,1.835113,2.022717,
1.525745,1.688681,2.10711,0.7943334,1.831546,2.012699,
1.527883,1.687116,2.103394,0.8040885,1.826862,2.002911,
1.529817,1.68585,2.099087,0.8141019,1.822465,1.992837,
1.532026,1.68429,2.094625,0.8252881,1.816943,1.983356,
1.534046,1.682803,2.090307,0.8372658,1.810362,1.974742,
1.536073,1.681466,2.085865,0.8484938,1.805143,1.965685,
1.538437,1.680513,2.081282,0.8616002,1.798368,1.957297,
1.540636,1.67933,2.077016,0.8741624,1.791662,1.949462,
1.542729,1.678273,2.072188,0.8869466,1.784969,1.941609,
1.545195,1.677864,2.067011,0.9002231,1.778519,1.933724,
1.547347,1.676869,2.062441,0.9140207,1.770891,1.926846,
1.549435,1.676289,2.057707,0.9270959,1.764601,1.919584,
1.551607,1.675355,2.053316,0.9416797,1.756745,1.913226,
1.553542,1.674263,2.049481,0.9560314,1.749197,1.907211,
1.555674,1.673465,2.045249,0.9699815,1.74251,1.900844,
1.55783,1.672271,2.041678,0.9841146,1.735613,1.895066,
1.559994,1.671365,2.038027,0.9980149,1.728715,1.889695,
1.562459,1.670965,2.034114,1.011425,1.722918,1.884059,
1.564911,1.670484,2.030544,1.024757,1.717188,1.878867,
1.567364,1.67019,2.027028,1.037507,1.71167,1.874116,
1.569958,1.670401,2.023464,1.050285,1.706423,1.869855,
1.572778,1.670524,2.020132,1.06173,1.701914,1.866241,
1.575397,1.670887,2.016786,1.073947,1.696638,1.862832,
1.578449,1.671877,2.013263,1.085541,1.691948,1.859969,
1.581131,1.672995,2.009622,1.096716,1.687113,1.857545,
1.583921,1.674039,2.006334,1.10776,1.682182,1.855637,
1.586965,1.675749,2.002393,1.118517,1.678099,1.853312,
1.589442,1.677415,1.99843,1.143362,1.648054,1.868182,
1.591916,1.67892,1.994792,1.159875,1.644247,1.859537,
1.594535,1.680666,1.990743,1.172959,1.636032,1.8599,
1.596902,1.682448,1.986634,1.18473,1.630133,1.858837,
1.5991,1.684097,1.982485,1.192568,1.632378,1.851639,
1.601478,1.686048,1.978279,1.203162,1.631556,1.845576,
1.603466,1.688097,1.973954,1.212932,1.630769,1.840379,
1.605457,1.689949,1.96945,1.216053,1.642226,1.82687,
1.607744,1.69234,1.964581,1.223261,1.647092,1.81758,
1.609675,1.694502,1.959576,1.226621,1.658684,1.803702,
1.611525,1.696635,1.95425,1.231421,1.66725,1.791768,
1.613783,1.699334,1.948439,1.237019,1.674079,1.781403,
1.615823,1.701758,1.943003,1.241398,1.682295,1.770982,
1.617767,1.704324,1.936841,1.243402,1.694878,1.757604,
1.6201,1.707287,1.930764,1.247099,1.703804,1.747193,
1.622113,1.710151,1.92455,1.250129,1.712348,1.737674,
1.624213,1.713148,1.918083,1.252736,1.722099,1.727288,
1.626713,1.716592,1.911276,1.255073,1.729859,1.719436,
1.628725,1.720089,1.904787,1.257782,1.73781,1.711314,
1.630761,1.723439,1.898313,1.259,1.745943,1.704312,
1.632951,1.727138,1.891835,1.261403,1.753658,1.696864,
1.634803,1.730666,1.885571,1.263462,1.761537,1.689534,
1.636438,1.734232,1.879146,1.265464,1.767518,1.684073,
1.638389,1.738287,1.872652,1.266994,1.774773,1.677814,
1.639759,1.741898,1.86662,1.269978,1.782758,1.669742,
,,,,

1.641223,1.745551,1.860277,1.271467,1.786371,1.666833,
1.642791,1.749607,1.855584,1.277893,1.799592,1.652734,
1.64582,1.75723,1.841299,1.280364,1.804448,1.647995,
1.647422,1.761752,1.83626,1.288554,1.820784,1.629985,
1.66126,1.786287,1.801222,1.305818,1.861036,1.587413,
1.669041,1.797567,1.787004,1.314368,1.878964,1.568326,
1.676837,1.808748,1.772565,1.325707,1.892814,1.550476,
1.682058,1.815032,1.765719,1.337346,1.904856,1.534388,
1.69402,1.829678,1.742656,1.348471,1.911238,1.523378,
1.694132,1.828965,1.743883,1.355814,1.911175,1.519246,
1.711965,1.846765,1.713582,1.375039,1.921006,1.501097,
1.716759,1.850732,1.70709,1.392443,1.926777,1.48609,
1.730863,1.860726,1.68428,1.406863,1.930163,1.47529,
1.735584,1.863897,1.676999,1.415218,1.931743,1.469029,
1.749089,1.872612,1.655917,1.438416,1.933593,1.453817,
1.75828,1.877665,1.642307,1.455532,1.932857,1.44388,
1.763025,1.88043,1.636597,1.477826,1.931291,1.430916,
1.778104,1.887822,1.616917,1.495335,1.928312,1.423592,
1.783045,1.890152,1.612875,1.513356,1.924255,1.417655,
1.798465,1.897624,1.594988,1.531085,1.920226,1.413105,
1.808998,1.902663,1.583677,1.552143,1.916103,1.40594,
1.81992,1.906863,1.571712,1.571773,1.911652,1.399356,
1.830739,1.910598,1.558933,1.590465,1.907937,1.391988,
1.830921,1.910022,1.558078,1.590388,1.907781,1.39138,
1.842067,1.913607,1.543911,1.608896,1.904687,1.382357,
1.847723,1.915338,1.53501,1.627282,1.902759,1.371275,
1.858653,1.918515,1.521216,1.636828,1.902517,1.36508,
1.876194,1.923801,1.500016,1.661324,1.902475,1.349269,
1.88184,1.925287,1.49612,1.675721,1.903737,1.339967,
1.903934,1.933222,1.481451,1.688587,1.906038,1.332239,
1.913259,1.936731,1.477704,1.694902,1.909606,1.327486,
1.937942,1.947275,1.464599,1.711731,1.921263,1.31465,
1.952904,1.953849,1.454889,1.721421,1.928728,1.307309,
1.965703,1.960029,1.444336,1.734644,1.936573,1.296507,
1.977021,1.965704,1.433916,1.749095,1.944019,1.284629,
1.989156,1.97135,1.426057,1.749046,1.944861,1.283835,
2.002355,1.977709,1.416117,1.764114,1.956715,1.269267,
2.00909,1.981056,1.411832,1.774041,1.965781,1.259299,
2.028739,1.991044,1.400816,1.812188,2.006895,1.216257,
2.040854,1.997124,1.395201,1.832625,2.034319,1.190786,
2.052797,2.003506,1.389908,1.852208,2.062718,1.166263,
2.058834,2.006804,1.390777,1.868446,2.090624,1.145558,
2.076276,2.015774,1.380154,1.886258,2.120077,1.12388,
2.075949,2.015616,1.384327,1.88934,2.133281,1.119126,
2.098738,2.02705,1.372926,1.914461,2.176041,1.092096,
2.109713,2.032241,1.370577,1.930612,2.203214,1.07793,
2.115139,2.035116,1.374555,1.945625,2.229747,1.066656,
2.12962,2.043337,1.367452,1.968292,2.258128,1.050301,
2.133875,2.045775,1.371823,1.98708,2.286125,1.038935,
2.14656,2.053998,1.36546,2.007722,2.314519,1.028197,
2.150664,2.056775,1.370434,2.031682,2.343664,1.01673,
2.161151,2.06485,1.365867,2.056167,2.370883,1.008613,
2.164366,2.067574,1.372497,2.080574,2.396765,1.003527,
2.172982,2.075503,1.372145,2.105339,2.420825,1.00364,
2.175364,2.078045,1.375421,2.117519,2.43263,1.004917,
2.187855,2.087703,1.385193,2.152657,2.466483,1.014419,
2.19625,2.094174,1.393369,2.173998,2.487919,1.026639,
2.20019,2.09708,1.405369,2.19483,2.507586,1.040285,
2.211131,2.104912,1.408267,2.21587,2.525805,1.052191,
2.219857,2.110395,1.412262,2.238833,2.543017,1.059081,
2.229794,2.11726,1.412677,2.261772,2.559208,1.061596,
2.238672,2.12365,1.413291,2.284187,2.572661,1.062316,
2.238677,2.123769,1.412304,2.284648,2.572124,1.059654,
2.246716,2.130143,1.41307,2.303556,2.582728,1.059841,
2.250816,2.133577,1.413407,2.311982,2.585943,1.059041,
2.264364,2.146544,1.416362,2.349097,2.59286,1.046411,
2.268806,2.152534,1.417042,2.385511,2.599814,1.014375,
2.270733,2.157861,1.41957,2.449407,2.612034,0.9549143,
2.271854,2.160787,1.425136,2.513486,2.60895,0.8908409,
2.271991,2.168345,1.427522,2.563204,2.572013,0.8443443,
2.271256,2.167971,1.428774,2.558714,2.565552,0.8491379,
2.272025,2.173014,1.440555,2.578318,2.498771,0.8501515,
2.275643,2.180986,1.445479,2.567164,2.450195,0.8782523,
2.279721,2.187115,1.450597,2.551986,2.403064,0.9089231,
2.281474,2.190434,1.458084,2.536112,2.357986,0.9439378,
2.289308,2.202343,1.457343,2.519021,2.322438,0.9760096,
2.292419,2.206725,1.462922,2.496495,2.30405,1.000681,
2.299969,2.219383,1.462239,2.474105,2.283947,1.028758,
2.302549,2.223719,1.469837,2.450843,2.268791,1.057199,
2.309807,2.237737,1.469477,2.422503,2.255378,1.090808,
2.314068,2.248028,1.473155,2.392593,2.244357,1.12657,
2.315936,2.253285,1.481428,2.359188,2.241879,1.164113,
2.331446,2.274601,1.475981,2.327841,2.250222,1.199387,
2.333022,2.285034,1.483099,2.295461,2.26802,1.235957,
2.335445,2.295156,1.490511,2.26178,2.295566,1.276002,
2.33689,2.304997,1.500273,2.228718,2.334181,1.320116,
2.338933,2.31515,1.510929,2.194127,2.377067,1.371571,
2.337746,2.314713,1.512225,2.194255,2.382305,1.37182,
2.338706,2.319901,1.518157,2.174893,2.400343,1.402106,
2.33974,2.325299,1.533263,2.133824,2.433566,1.468857,
2.341332,2.336205,1.537498,2.113274,2.447351,1.503101,
2.342231,2.341594,1.543431,2.09354,2.459564,1.537066,
2.342961,2.346946,1.54921,2.076354,2.470258,1.567905,
2.344461,2.362555,1.566151,2.021682,2.497287,1.663294,
2.345057,2.373005,1.5744,1.985932,2.508106,1.721708,
2.344536,2.372878,1.572031,1.988703,2.504982,1.715262,
2.345112,2.37825,1.573869,1.974465,2.510242,1.738113,
2.345274,2.383466,1.577093,1.960672,2.515553,1.761351,
2.345373,2.388664,1.579713,1.946638,2.519542,1.783337,
2.346168,2.394385,1.582416,1.932942,2.524168,1.805111,
2.346113,2.399582,1.586346,1.921391,2.527186,1.824744,
2.346025,2.404906,1.591344,1.908176,2.530878,1.846627,
2.346604,2.410621,1.596714,1.895815,2.533857,1.867589,
2.347009,2.41638,1.60258,1.883871,2.536163,1.888247,
2.348062,2.423064,1.609289,1.871819,2.538133,1.909925,
2.349528,2.430086,1.61635,1.85955,2.540332,1.932353,
2.350714,2.436956,1.623178,1.848565,2.540692,1.95217,
2.352185,2.444337,1.630049,1.838185,2.540441,1.971395,
2.354361,2.452201,1.636017,1.826978,2.54045,1.990982,
2.355949,2.459872,1.642026,1.81884,2.538107,2.005786,
2.357801,2.467711,1.647664,1.811261,2.536173,2.019711,
2.360157,2.47583,1.652243,1.803381,2.534937,2.033395,
2.362385,2.483977,1.6569,1.798414,2.533391,2.043687,
2.364806,2.492008,1.661404,1.795148,2.532331,2.052179,
2.367853,2.500516,1.665489,1.792422,2.532664,2.060237,
2.370704,2.508837,1.670313,1.795945,2.535049,2.063027,
2.373601,2.517192,1.675339,1.798899,2.538045,2.066927,
2.376959,2.525728,1.680556,1.80569,2.543759,2.068053,
2.379805,2.533961,1.686379,1.816278,2.551322,2.066422,
2.382631,2.542264,1.692207,1.826693,2.558612,2.064891,
2.385736,2.550722,1.698326,1.843162,2.569652,2.058908,
2.388222,2.5587,1.704503,1.857593,2.578581,2.054206,
2.390849,2.566757,1.710499,1.875441,2.590335,2.047204,
2.393418,2.575007,1.716528,1.891311,2.600973,2.04175,
2.39595,2.583035,1.722558,1.910685,2.612223,2.033297,
2.398335,2.591016,1.728208,1.93004,2.624137,2.024926,
2.401027,2.598822,1.733749,1.949412,2.635935,2.016875,
2.403463,2.606884,1.739658,1.969926,2.647733,2.007984,
2.406079,2.61506,1.745372,1.989257,2.658946,1.999965,
2.408921,2.623398,1.751386,2.009687,2.671256,1.991797,
2.411698,2.631896,1.757589,2.030498,2.683405,1.983232,
2.415006,2.640707,1.763488,2.051851,2.69535,1.974128,
2.418442,2.649977,1.76994,2.071818,2.706997,1.966501,
2.42164,2.659056,1.776296,2.093985,2.719796,1.957318,
2.425251,2.668029,1.782751,2.114889,2.731356,1.948932,
2.4292,2.677147,1.78928,2.137811,2.743988,1.939204,
2.433453,2.686739,1.795738,2.159796,2.756295,1.930286,
2.437917,2.696316,1.802385,2.18212,2.768612,1.921337,
2.442711,2.705945,1.809331,2.205766,2.781407,1.911647,
2.447711,2.715561,1.816372,2.229034,2.793902,1.902672,
2.452862,2.725342,1.823382,2.251662,2.806117,1.893913,
2.458311,2.735065,1.830774,2.274395,2.818413,1.885746,
2.464034,2.744793,1.838264,2.296655,2.830701,1.87859,
2.469544,2.754326,1.845785,2.317641,2.842543,1.87232,
2.475423,2.763597,1.853345,2.337164,2.854679,1.868739,
2.481184,2.772537,1.861151,2.35668,2.866785,1.86568,
2.487104,2.781443,1.868923,2.373376,2.878756,1.86566,
2.493069,2.790279,1.877273,2.387765,2.891007,1.869581,
2.499445,2.799127,1.885481,2.399511,2.903216,1.876746,
2.505708,2.808016,1.893923,2.410587,2.9162,1.885301,
2.512493,2.816959,1.902895,2.414216,2.92862,1.902972,
2.520252,2.826721,1.912169,2.419438,2.940307,1.918527,
2.528764,2.837363,1.921424,2.420525,2.952606,1.939544,
2.537252,2.848265,1.931151,2.418948,2.962538,1.962053,
2.545669,2.858883,1.940761,2.417159,2.971772,1.984086,
2.554214,2.869643,1.949924,2.413384,2.980535,2.007885,
2.562842,2.8806,1.958718,2.405854,2.98714,2.033898,
2.571389,2.891423,1.966507,2.400056,2.993824,2.057321,
2.579818,2.902116,1.973954,2.394495,3.000972,2.080385,
2.588121,2.912681,1.979502,2.38865,3.007548,2.101487,
2.596019,2.922798,1.984908,2.381472,3.013818,2.123873,
2.603936,2.933288,1.987615,2.373458,3.019371,2.143649,
2.611866,2.943856,1.991524,2.365385,3.024487,2.164052,
2.619517,2.954277,1.994477,2.356011,3.028904,2.183996,
2.627042,2.964732,1.997353,2.346553,3.033051,2.203317,
2.63435,2.975048,2.000595,2.335901,3.035967,2.222738,
2.641506,2.98509,2.004178,2.325732,3.038353,2.241276,
2.648694,2.995282,2.009048,2.313999,3.039602,2.261246,
2.655848,3.005336,2.014834,2.301448,3.039308,2.281495,
2.662711,3.015248,2.020823,2.290467,3.039665,2.300929,
2.669713,3.025135,2.027521,2.276708,3.037173,2.321082,
2.676559,3.034897,2.034085,2.262453,3.032979,2.339828,
2.683476,3.044832,2.04066,2.248156,3.028269,2.35821,
2.690322,3.054581,2.046771,2.233771,3.023542,2.376096,
2.697252,3.064389,2.052161,2.218673,3.016426,2.391653,
2.704256,3.074244,2.057112,2.203796,3.009286,2.406414,
2.711483,3.084359,2.062229,2.189133,3.000702,2.419446,
2.718856,3.094903,2.066588,2.175293,2.992843,2.431168,
2.726679,3.105892,2.071523,2.162009,2.985226,2.443137,
2.734504,3.116938,2.076723,2.149709,2.97769,2.454025,
2.742609,3.128533,2.082098,2.137797,2.970054,2.464208,
2.750697,3.140047,2.088009,2.126728,2.962604,2.474161,
2.758589,3.151585,2.094151,2.117287,2.955321,2.482303,
2.766481,3.16286,2.100275,2.107725,2.948259,2.490883,
2.774272,3.174012,2.106638,2.100267,2.941737,2.497848,
2.781701,3.184945,2.113063,2.09217,2.935191,2.505356,
2.789248,3.195711,2.119136,2.085788,2.93009,2.512046,
2.796641,3.206409,2.125029,2.081351,2.925565,2.516936,
2.803627,3.216889,2.131398,2.076387,2.921399,2.522531,
2.810735,3.227377,2.137506,2.074596,2.91905,2.525957,
2.817858,3.237601,2.143642,2.072013,2.916025,2.529857,
2.824934,3.248188,2.150438,2.070658,2.914021,2.533165,
2.83232,3.258856,2.15711,2.072479,2.915455,2.535664,
2.839774,3.269659,2.164306,2.074556,2.916454,2.537935,
2.847519,3.281119,2.17223,2.078134,2.918849,2.53958,
2.855585,3.292742,2.180259,2.081443,2.921244,2.541466,
2.863391,3.304154,2.188616,2.087605,2.926198,2.542907,
2.871258,3.315517,2.196955,2.093569,2.931172,2.544535,
2.879468,3.327092,2.205595,2.103136,2.940705,2.546527,
2.887795,3.338843,2.21453,2.113572,2.950185,2.547734,
2.896885,3.350972,2.223015,2.123574,2.959879,2.549432,
2.906384,3.363737,2.232135,2.136765,2.972575,2.550536,
2.915622,3.376596,2.24158,2.15102,2.986903,2.552146,
2.924745,3.389126,2.250891,2.166922,3.003035,2.554069,
2.934376,3.401594,2.260425,2.182264,3.019229,2.557505,
2.943243,3.41348,2.269828,2.200634,3.038916,2.561336,
2.951845,3.425133,2.279952,2.218566,3.058476,2.56635,
2.960379,3.436373,2.289389,2.240749,3.084192,2.57349,
2.969385,3.447945,2.299092,2.261857,3.107785,2.580941,
2.977701,3.458793,2.308602,2.286226,3.136655,2.590616,
2.986586,3.469819,2.317705,2.308915,3.163462,2.600471,
2.995869,3.480999,2.327141,2.335166,3.193364,2.611077,
3.004759,3.49202,2.336926,2.362427,3.224697,2.622773,
3.013604,3.50269,2.347155,2.389871,3.256614,2.636479,
3.02241,3.513153,2.357496,2.417967,3.287418,2.649061,
3.030915,3.523388,2.368773,2.447846,3.320298,2.663645,
3.03928,3.533361,2.380127,2.479179,3.353784,2.678227,
3.047584,3.542979,2.391202,2.510486,3.386491,2.692718,
3.055778,3.552615,2.402216,2.543324,3.419807,2.706674,
3.063631,3.561772,2.412394,2.577836,3.453575,2.719334,
3.07204,3.571427,2.422475,2.61153,3.486049,2.7317,
3.080267,3.580949,2.431433,2.646698,3.51904,2.74258,
3.088395,3.590406,2.439619,2.681506,3.550326,2.751318,
3.096687,3.599827,2.447513,2.717059,3.581426,2.759468,
3.104733,3.609049,2.454128,2.755015,3.614573,2.766628,
3.112805,3.618331,2.460547,2.78956,3.643837,2.772448,
3.120805,3.627463,2.466899,2.821406,3.670408,2.777666,
3.129025,3.636876,2.473517,2.851862,3.695783,2.783021,
3.137269,3.646396,2.480673,2.882893,3.72191,2.789274,
3.145683,3.656041,2.48806,2.909436,3.743609,2.794631,
3.153991,3.665658,2.495913,2.937957,3.767546,2.801321,
3.162451,3.675602,2.504126,2.964047,3.789824,2.808773,
3.170935,3.68556,2.512506,2.986984,3.809108,2.816053,
3.179441,3.695512,2.521429,3.012242,3.830924,2.82524,
3.188011,3.705594,2.530436,3.034223,3.850543,2.83545,
3.196558,3.715753,2.539253,3.057396,3.870525,2.844898,
3.205406,3.726121,2.547497,3.078613,3.889174,2.854266,
3.214516,3.736685,2.555567,3.099986,3.908243,2.8641,
3.223855,3.747388,2.563768,3.120085,3.925846,2.873336,
3.233482,3.758334,2.572083,3.139719,3.942847,2.882288,
3.243773,3.769977,2.580382,3.158498,3.959252,2.890898,
3.254565,3.781542,2.588307,3.178352,3.976875,2.90045,
3.26529,3.793417,2.596856,3.196678,3.992671,2.908762,
3.275743,3.805059,2.605893,3.21383,4.00711,2.916825,
3.286849,3.817307,2.615327,3.230633,4.021404,2.924988,
3.298041,3.829699,2.6253,3.246079,4.034455,2.932946,
3.309626,3.842367,2.635455,3.261838,4.047417,2.940679,
3.321221,3.855255,2.646051,3.275781,4.059123,2.948792,
3.332474,3.868137,2.657085,3.289563,4.07128,2.957786,
3.343243,3.880532,2.667971,3.302646,4.083293,2.967592,
3.353755,3.89257,2.678512,3.316257,4.095855,2.977747,
3.363739,3.904218,2.689329,3.32866,4.107833,2.988953,
3.37353,3.915823,2.699705,3.339083,4.118493,2.999768,
3.383121,3.927426,2.710359,3.350079,4.129252,3.010169,
3.39255,3.938712,2.720953,3.361073,4.139781,3.020458,
3.401673,3.950092,2.731945,3.371103,4.150258,3.031748,
3.410259,3.960981,2.742918,3.381741,4.161067,3.042983,
3.418391,3.971325,2.754131,3.392276,4.171629,3.054543,
3.425785,3.981103,2.765691,3.40288,4.18232,3.066486,
3.432845,3.990832,2.777651,3.412908,4.192373,3.07809,
3.439558,3.999731,2.789258,3.42273,4.202164,3.090101,
3.445805,4.008286,2.801915,3.431481,4.211096,3.102707,
3.451423,4.016395,2.81439,3.440762,4.220744,3.115707,
3.457269,4.024449,2.827001,3.449522,4.23008,3.129272,
3.462822,4.032392,2.839997,3.458014,4.23921,3.143086,
3.467568,4.039754,2.852806,3.46619,4.248542,3.157347,
3.472293,4.046929,2.865961,3.4742,4.25745,3.171809,
3.476575,4.053895,2.879228,3.481453,4.265927,3.186333,
3.480338,4.060478,2.892678,3.488151,4.274499,3.201928,
3.484282,4.066828,2.905759,3.495569,4.283268,3.217219,
3.487653,4.072472,2.918884,3.503145,4.293059,3.234622,
3.491226,4.077921,2.931531,3.510807,4.30286,3.251865,
3.493787,4.082654,2.944625,3.518991,4.313314,3.270084,
3.496311,4.087475,2.958242,3.527472,4.324934,3.290258,
3.498821,4.092016,2.971282,3.535905,4.336448,3.310118,
3.501285,4.096302,2.984784,3.544242,4.347824,3.330732,
3.503623,4.100707,2.99867,3.55344,4.360083,3.351866,
3.506425,4.104865,3.011698,3.56205,4.37204,3.373169,
3.508844,4.108589,3.025313,3.57106,4.383513,3.394161,
3.511278,4.11272,3.039505,3.579931,4.394793,3.414888,
3.514134,4.116779,3.053066,3.588294,4.405515,3.435144,
3.51684,4.120718,3.067278,3.596541,4.416121,3.456134,
3.519197,4.124939,3.082435,3.604551,4.426558,3.477354,
3.521319,4.128171,3.096167,3.61257,4.436826,3.497971,
3.523191,4.130936,3.109437,3.619956,4.44653,3.518402,
3.524733,4.134134,3.123587,3.627439,4.455499,3.537347,
3.526495,4.136844,3.136235,3.635143,4.464705,3.556004,
3.528232,4.139203,3.148207,3.642162,4.473084,3.573962,
3.52994,4.141991,3.160798,3.648753,4.480171,3.590055,
3.531302,4.144217,3.171898,3.654456,4.486396,3.604761,
3.532689,4.146317,3.182282,3.660239,4.492009,3.617951,
3.534044,4.148596,3.192645,3.665173,4.496224,3.629225,
3.535044,4.150407,3.202319,3.668366,4.499163,3.639891,
3.536114,4.151659,3.210009,3.670718,4.500857,3.648272,
3.537257,4.153219,3.218356,3.672617,4.502215,3.656765,
3.538403,4.154529,3.226243,3.674453,4.503955,3.665663,
3.539335,4.155424,3.233541,3.675685,4.505179,3.674074,
3.540131,4.156343,3.240964,3.67686,4.50663,3.682671,
3.540774,4.157322,3.248513,3.677976,4.508353,3.691449,
3.541645,4.158004,3.255843,3.679402,4.509785,3.699897,
3.542355,4.158745,3.263181,3.680324,4.511258,3.708546,
3.543159,4.159649,3.270711,3.681785,4.513247,3.717463,
3.543811,4.159956,3.277596,3.680847,4.511868,3.72339,
3.544436,4.160341,3.284121,3.680667,4.510157,3.727479,
3.544966,4.160695,3.290426,3.681167,4.510067,3.733289,
3.545481,4.160537,3.296348,3.680995,4.508047,3.736941,
3.545798,4.16041,3.302336,3.683552,4.511493,3.744793,
3.545752,4.160012,3.308584,3.686803,4.516632,3.756685,
3.545579,4.159074,3.314082,3.685983,4.515542,3.762515,
3.545237,4.158093,3.319185,3.686329,4.515353,3.768011,
3.544724,4.157084,3.324074,3.686194,4.513614,3.771143,
3.544451,4.155842,3.328578,3.691753,4.514052,3.771326,
3.544688,4.155041,3.33321,3.695066,4.513571,3.772434,
3.545387,4.154969,3.3375,3.69551,4.512043,3.774016,
3.546765,4.154741,3.342261,3.698383,4.510017,3.773535,
3.548648,4.154887,3.346727,3.6994,4.504883,3.769385,
3.550408,4.155293,3.351062,3.699223,4.498499,3.763781,
3.552276,4.155155,3.355447,3.697912,4.491381,3.759148,
3.554216,4.155,3.359585,3.696908,4.484676,3.754621,
3.555916,4.154385,3.362998,3.696069,4.478005,3.749561,
3.557471,4.153449,3.366713,3.694927,4.470575,3.744097,
3.559055,4.152394,3.370103,3.694028,4.462828,3.737736,
3.560258,4.151013,3.372824,3.691805,4.453968,3.730378,
3.561208,4.1495,3.376034,3.688396,4.443673,3.722338,
3.562135,4.147534,3.378529,3.684244,4.432246,3.713299,
3.563167,4.145466,3.38065,3.680135,4.421012,3.704321,
3.564194,4.143024,3.382664,3.675254,4.408439,3.69451,
3.565155,4.140588,3.384569,3.668442,4.39322,3.682237,
3.566846,4.137493,3.385087,3.661076,4.37777,3.670302,
3.567981,4.134398,3.386121,3.65368,4.362391,3.658628,
3.568613,4.131136,3.387644,3.645376,4.345353,3.645445,
3.570721,4.127059,3.386473,3.636452,4.327942,3.632236,
3.571674,4.122824,3.38676,3.626367,4.309582,3.619405,
3.574393,4.117798,3.384542,3.616978,4.29247,3.608165,
3.575245,4.11301,3.384622,3.606486,4.273444,3.59498,
3.575991,4.10783,3.384634,3.595213,4.253609,3.581821,
3.576457,4.102259,3.384501,3.584148,4.23412,3.569201,
3.576689,4.096849,3.384434,3.57263,4.21411,3.555692,
3.57678,4.090721,3.384279,3.561468,4.194246,3.542941,
3.577434,4.083993,3.382649,3.55051,4.175182,3.53113,
3.577256,4.077648,3.382509,3.540371,4.156378,3.518955,
3.576494,4.070633,3.382053,3.530881,4.138117,3.507095,
3.575349,4.063143,3.381235,3.521773,4.120379,3.495587,
3.573991,4.055691,3.380467,3.512482,4.103794,3.485801,
3.572308,4.047802,3.37999,3.50388,4.086613,3.47498,
3.570136,4.040161,3.38018,3.494989,4.069385,3.464275,
3.570156,4.031658,3.377701,3.485916,4.053298,3.456052,
3.567693,4.023476,3.378985,3.476604,4.035565,3.446684,
3.563866,4.015768,3.382316,3.467383,4.018785,3.438986,
3.56122,4.007802,3.384488,3.458643,4.00206,3.431219,
3.558047,3.99963,3.387532,3.441478,3.988603,3.438022,
3.554833,3.991682,3.390664,3.432627,3.971952,3.431051,
3.55151,3.983612,3.393985,3.423833,3.955629,3.42499,
3.547652,3.975286,3.397162,3.415533,3.93923,3.418249,
3.54168,3.967451,3.402035,3.407648,3.923531,3.41144,
3.537505,3.959476,3.404084,3.399379,3.907897,3.404124,
3.53286,3.95128,3.406261,3.392024,3.892129,3.395855,
3.527359,3.943559,3.408708,3.384681,3.87728,3.387901,
3.5222,3.93557,3.40966,3.377316,3.862715,3.379652,
3.516768,3.927523,3.408248,3.371094,3.848372,3.368299,
3.511058,3.919825,3.408248,3.364924,3.835148,3.359196,
3.505267,3.911975,3.406277,3.358814,3.821962,3.348415,
3.499376,3.904105,3.404016,3.353817,3.809449,3.337362,
3.492569,3.896758,3.402505,3.348971,3.798202,3.327233,
3.486063,3.889253,3.400858,3.344324,3.787096,3.317331,
3.479044,3.881649,3.401016,3.340182,3.776241,3.308977,
3.472068,3.874134,3.400583,3.336805,3.766952,3.301553,
3.46445,3.866567,3.402066,3.333008,3.757282,3.295436,
3.456442,3.858977,3.406004,3.330824,3.748862,3.291788,
3.448946,3.851632,3.407752,3.328633,3.741153,3.287691,
3.440488,3.844194,3.410279,3.326432,3.733833,3.284119,
3.432011,3.836567,3.414188,3.323599,3.726197,3.282469,
3.42337,3.829077,3.416444,3.321521,3.719855,3.280215,
3.415735,3.821272,3.417042,3.318978,3.713241,3.2776,
3.408497,3.813217,3.414899,3.315297,3.706485,3.274114,
3.401889,3.80531,3.413538,3.312793,3.700138,3.271074,
3.394103,3.797856,3.412832,3.310028,3.693969,3.267289,
3.394919,3.791298,3.406228,3.306761,3.688118,3.264369,
3.387343,3.78406,3.406032,3.304668,3.682572,3.261076,
3.379992,3.776775,3.405711,3.30296,3.677592,3.258127,
3.371714,3.769328,3.406574,3.300461,3.67189,3.255424,
3.36404,3.762044,3.406974,3.298301,3.66652,3.252777,
3.356414,3.754766,3.407594,3.296015,3.660715,3.249822,
3.348406,3.747522,3.408625,3.292434,3.654282,3.247267,
3.341675,3.740447,3.408352,3.290116,3.648373,3.244086,
3.334802,3.733732,3.40855,3.286855,3.642,3.240892,
3.327225,3.726627,3.409103,3.283567,3.63528,3.237707,
3.320351,3.72004,3.409101,3.280432,3.628649,3.233934,
3.313023,3.713682,3.409467,3.276429,3.620895,3.229038,
3.305562,3.707508,3.410026,3.272205,3.613225,3.224477,
3.298691,3.701182,3.409629,3.267844,3.605514,3.219783,
3.291663,3.695111,3.409577,3.26191,3.596045,3.213885,
3.28458,3.68924,3.409488,3.256871,3.58692,3.207528,
3.27807,3.683544,3.409401,3.251418,3.578051,3.202102,
3.271246,3.6779,3.410035,3.245177,3.568019,3.19627,
3.264348,3.672321,3.410848,3.23902,3.557877,3.190388,
3.258179,3.666994,3.411675,3.232443,3.547654,3.184994,
3.251702,3.661455,3.412787,3.225591,3.536699,3.179073,
3.245998,3.655591,3.41324,3.218484,3.525573,3.173638,
3.240177,3.649289,3.413284,3.210973,3.514463,3.168468,
3.234552,3.643051,3.413061,3.203824,3.503087,3.162674,
3.229085,3.637085,3.412313,3.196457,3.491885,3.156654,
3.223842,3.631289,3.412415,3.189324,3.480905,3.151515,
3.2186,3.625391,3.412364,3.181573,3.46948,3.146329,
3.213629,3.619565,3.411082,3.173454,3.45753,3.140148,
3.208662,3.613712,3.410931,3.16572,3.446344,3.135594,
3.203748,3.607793,3.41112,3.157444,3.434509,3.131214,
3.198896,3.601932,3.411672,3.148593,3.422659,3.127737,
3.194339,3.596028,3.411732,3.140347,3.411142,3.124153,
3.189771,3.590098,3.412035,3.131513,3.399743,3.12159,
3.185589,3.584262,3.412433,3.123282,3.388534,3.119073,
3.181051,3.57809,3.413473,3.11484,3.377881,3.118197,
3.176788,3.571729,3.413395,3.105932,3.366781,3.116587,
3.172801,3.565794,3.413689,3.097544,3.355901,3.114861,
3.16857,3.559425,3.414237,3.089197,3.345767,3.114563,
3.164605,3.553114,3.41396,3.080777,3.335433,3.113614,
3.160972,3.546949,3.41321,3.072439,3.325278,3.112566,
3.15719,3.540684,3.413226,3.064754,3.316066,3.112749,
3.153803,3.534427,3.412038,3.057161,3.307113,3.112617,
3.150676,3.528479,3.411423,3.049894,3.298357,3.112713,
3.147478,3.522354,3.410943,3.04277,3.290002,3.113534,
3.14449,3.516259,3.410341,3.036108,3.282707,3.115268,
3.141956,3.510536,3.409382,3.029217,3.274841,3.116118,
3.139407,3.504489,3.407999,3.023237,3.268096,3.117544,
3.136964,3.498172,3.406026,3.017318,3.261188,3.118661,
3.134675,3.492166,3.404045,3.011863,3.254774,3.119619,
3.132407,3.485839,3.401771,3.007222,3.24892,3.12076,
3.130337,3.479274,3.398874,3.003298,3.242988,3.12107,
3.128233,3.47299,3.395622,2.999021,3.236949,3.120948,
3.126094,3.466319,3.391967,2.996414,3.23157,3.120224,
3.124199,3.459659,3.388024,2.993325,3.225813,3.119466,
3.122742,3.453552,3.383853,2.991014,3.220127,3.117642,
3.12109,3.447117,3.378947,2.988982,3.214618,3.115277,
3.119942,3.440818,3.373803,2.987223,3.208912,3.112423,
3.118833,3.434833,3.369492,2.985122,3.202992,3.109946,
3.11779,3.428607,3.364727,2.983745,3.197369,3.106985,
3.116916,3.422277,3.359453,2.982399,3.191362,3.1033,
3.116036,3.416175,3.354438,2.981231,3.185538,3.099488,
3.115305,3.410019,3.349521,2.980498,3.180089,3.095912,
3.114661,3.403919,3.343458,2.97976,3.174416,3.091023,
3.114371,3.398276,3.338189,2.97943,3.168834,3.086418,
3.113751,3.392458,3.332283,2.978957,3.163246,3.081137,
3.113333,3.386792,3.325898,2.978485,3.157506,3.075251,
3.11324,3.38165,3.320038,2.978706,3.151798,3.068839,
3.113108,3.376511,3.313946,2.978874,3.145875,3.061958,
3.113155,3.371588,3.307978,2.979469,3.140007,3.054939,
3.113299,3.367058,3.302418,2.980306,3.134051,3.04742,
3.113676,3.362538,3.296301,2.981076,3.128175,3.039686,
3.114104,3.358192,3.290377,2.981987,3.12205,3.031567,
3.114816,3.353826,3.283788,2.982857,3.11587,3.022809,
3.115873,3.349398,3.276768,2.984218,3.10981,3.013557,
3.116486,3.344628,3.269588,2.984995,3.103323,3.004242,
3.117767,3.339833,3.262668,2.985701,3.095952,2.994425,
3.118741,3.335064,3.255658,2.986542,3.08951,2.985223,
3.119685,3.330258,3.248739,2.987774,3.083242,2.976131,
3.120692,3.325445,3.241678,2.988566,3.076893,2.967199,
3.12111,3.32017,3.23456,2.989143,3.070898,2.95889,
3.121464,3.314716,3.226587,2.989891,3.064728,2.949846,
3.122091,3.309644,3.219254,2.990112,3.058421,2.941238,
3.122743,3.30449,3.211544,2.990545,3.052996,2.933378,
3.123024,3.299064,3.203309,2.990554,3.046567,2.924248,
3.123026,3.293672,3.195627,2.990222,3.040265,2.915721,
3.123035,3.288181,3.188003,2.989717,3.034041,2.907501,
3.122846,3.282426,3.179593,2.988228,3.02688,2.898491,
3.122842,3.27696,3.171925,2.987194,3.020142,2.889941,
3.122627,3.271298,3.154195,2.98551,3.013372,2.873044,
3.122124,3.265446,3.14615,2.983485,3.006079,2.864401,
3.121763,3.259849,3.138309,2.981313,2.998713,2.855744,
3.12112,3.253939,3.129908,2.979146,2.991655,2.847079,
3.120386,3.247832,3.121828,2.977216,2.984175,2.838306,
3.119321,3.241599,3.113547,2.975024,2.976826,2.829576,
3.118156,3.23516,3.105291,2.97227,2.969233,2.82106,
3.116915,3.228547,3.096947,2.96949,2.961514,2.812611,
3.115545,3.221832,3.08837,2.966516,2.954038,2.80442,
3.114335,3.215243,3.079558,2.963787,2.946911,2.79613,
3.113009,3.20858,3.071233,2.960134,2.93963,2.789016,
3.111136,3.201899,3.062776,2.957024,2.932742,2.78155,
3.109345,3.194897,3.05434,2.953228,2.925732,2.77492,
3.107413,3.187859,3.045768,2.949509,2.91856,2.76794,
3.105475,3.180845,3.037397,2.945811,2.911717,2.761559,
3.103283,3.173735,3.028659,2.941977,2.905124,2.755079,
3.101006,3.166166,3.019639,2.937879,2.89795,2.748427,
3.098559,3.158589,3.010328,2.933574,2.890911,2.741662,
3.096067,3.151057,3.001142,2.929014,2.883788,2.734935,
3.093543,3.14334,2.991868,2.924113,2.876482,2.728481,
3.090819,3.135784,2.982642,2.918998,2.869255,2.721993,
3.088019,3.128084,2.973089,2.913867,2.862552,2.715886,
3.084976,3.120222,2.963642,2.90877,2.855422,2.709444,
3.081889,3.112346,2.953787,2.903234,2.847921,2.702424,
3.07879,3.104519,2.944303,2.89823,2.840953,2.695849,
3.075504,3.096598,2.93428,2.892982,2.833693,2.688674,
3.072307,3.088783,2.92432,2.888004,2.826444,2.681196,
3.069143,3.080956,2.914418,2.883103,2.819325,2.673786,
3.066053,3.073244,2.904518,2.877976,2.811728,2.665932,
3.062962,3.065687,2.894549,2.872813,2.804088,2.657699,
3.05987,3.057966,2.884722,2.867602,2.796458,2.64973,
3.056855,3.050584,2.875209,2.862297,2.78862,2.641578,
3.053793,3.043091,2.865633,2.857408,2.780596,2.632944,
3.05076,3.035604,2.855956,2.852709,2.772868,2.62435,
3.048051,3.028098,2.845947,2.847972,2.764215,2.614684,
3.044983,3.02063,2.83597,2.843546,2.756079,2.605121,
3.041834,3.013062,2.825788,2.838665,2.747249,2.594866,
3.038999,3.005593,2.81537,2.83378,2.738278,2.584407,
3.036082,2.998271,2.805297,2.829237,2.729361,2.573821,
3.033282,2.990901,2.794671,2.824384,2.720382,2.562892,
3.030439,2.983104,2.783477,2.819198,2.710875,2.55163,
3.027467,2.975495,2.772331,2.814084,2.701248,2.539933,
3.024645,2.968006,2.76125,2.809067,2.691732,2.52825,
3.021657,2.960578,2.750311,2.804091,2.682117,2.51651,
3.018407,2.952774,2.738919,2.799356,2.67256,2.504566,
3.015078,2.945143,2.727848,2.794744,2.663174,2.492812,
3.011733,2.93745,2.716673,2.790478,2.653857,2.481086,
3.008049,2.930103,2.705302,2.786373,2.645132,2.469234,
3.004352,2.922663,2.695227,2.782272,2.636944,2.459039,
3.000674,2.915189,2.684976,2.778302,2.629139,2.44941,
2.996775,2.907813,2.675155,2.7751,2.622019,2.439966,
2.992933,2.90031,2.665014,2.771173,2.614267,2.430224,
2.988804,2.892844,2.655566,2.767577,2.607443,2.421687,
2.985074,2.885413,2.645788,2.764306,2.600217,2.412284,
2.981101,2.877606,2.635648,2.760857,2.592996,2.402873,
2.977193,2.869975,2.625813,2.757461,2.585366,2.393117,
2.973087,2.862406,2.615697,2.754595,2.577764,2.382612,
2.969014,2.854677,2.605366,2.751741,2.570382,2.372294,
2.96467,2.846784,2.594796,2.749243,2.5625,2.361063,
2.960394,2.83923,2.584489,2.746815,2.555085,2.35032,
2.956119,2.83174,2.574249,2.744756,2.548153,2.33966,
2.951866,2.824286,2.56389,2.742428,2.54091,2.328984,
2.947572,2.817117,2.554048,2.740091,2.534204,2.318915,
2.943452,2.810004,2.544009,2.737975,2.527979,2.308983,
2.939722,2.80286,2.534012,2.736039,2.522031,2.299557,
2.935695,2.795639,2.524348,2.733783,2.516487,2.290941,
2.931827,2.788543,2.514645,2.731364,2.510657,2.281891,
2.928349,2.781482,2.504814,2.729203,2.505499,2.273481,
2.924361,2.774358,2.495209,2.726764,2.500274,2.265047,
2.920673,2.766904,2.485235,2.724535,2.494712,2.256209,
2.917062,2.759773,2.47554,2.722032,2.489133,2.247483,
2.91366,2.752768,2.465545,2.719836,2.483422,2.238093,
2.909915,2.745856,2.455556,2.717621,2.477943,2.228648,
2.906269,2.738523,2.445195,2.714869,2.471522,2.218856,
2.902774,2.731524,2.435485,2.712222,2.464788,2.208904,
2.89899,2.724782,2.425435,2.709203,2.458372,2.198892,
2.895351,2.717888,2.415242,2.706077,2.451758,2.18892,
2.891445,2.711069,2.405298,2.702861,2.444753,2.178558,
2.887656,2.704006,2.395215,2.699646,2.4374,2.167969,
2.883782,2.697074,2.385008,2.696216,2.429826,2.157096,
2.880312,2.690066,2.375185,2.693197,2.421752,2.146031,
2.876654,2.683447,2.365067,2.689756,2.414065,2.134947,
2.872864,2.67648,2.354957,2.685845,2.405813,2.12394,
2.86945,2.669666,2.345262,2.6825,2.397672,2.113054,
2.865961,2.662827,2.335076,2.678568,2.389285,2.101842,
2.862328,2.655748,2.324946,2.674882,2.381037,2.090914,
2.858958,2.648617,2.314595,2.670601,2.372269,2.079923,
2.855684,2.641558,2.304057,2.666315,2.36364,2.068781,
2.852757,2.634598,2.293137,2.661347,2.354531,2.057542,
2.849596,2.627407,2.282429,2.657168,2.346088,2.046686,
2.846805,2.620165,2.27172,2.652309,2.336987,2.03578,
2.844104,2.613279,2.261379,2.647235,2.328065,2.025389,
2.841365,2.606211,2.250751,2.641845,2.318706,2.014611,
2.838696,2.599259,2.24047,2.636673,2.309536,2.004102,
2.836322,2.591934,2.230033,2.630982,2.300011,1.994313,
2.833589,2.584641,2.219966,2.625315,2.290348,1.984377,
2.831034,2.577359,2.210043,2.619684,2.28129,1.975303,
2.828234,2.569707,2.200009,2.613672,2.272196,1.966955,
2.825483,2.56219,2.190172,2.608237,2.263282,1.958292,
2.822472,2.554657,2.180103,2.602643,2.255559,1.950777,
2.819431,2.546973,2.169907,2.597774,2.248318,1.943475,
2.81595,2.539441,2.16004,2.592443,2.241111,1.936309,
2.812304,2.531646,2.149958,2.587297,2.234604,1.929749,
2.808569,2.523865,2.140014,2.582388,2.22772,1.922645,
2.804384,2.516009,2.130269,2.576769,2.220572,1.915677,
2.800128,2.508074,2.120458,2.570833,2.212948,1.908301,
2.795274,2.499958,2.110692,2.564776,2.205119,1.90067,
2.790628,2.492042,2.101209,2.55846,2.196282,1.892279,
2.785781,2.484246,2.09174,2.552128,2.187581,1.883741,
2.780296,2.47645,2.082939,2.545606,2.178384,1.875149,
2.77512,2.468843,2.074003,2.539168,2.169303,1.866549,
2.769876,2.461241,2.065289,2.532904,2.160573,1.85831,
2.764385,2.453665,2.056973,2.526715,2.151911,1.850497,
2.758893,2.446305,2.048961,2.52047,2.143138,1.842635,
2.753187,2.438976,2.041319,2.514351,2.135024,1.835522,
2.747358,2.431937,2.034534,2.507785,2.127295,1.829594,
2.741228,2.425012,2.027676,2.50145,2.119925,1.82349,
2.735126,2.417936,2.021096,2.494549,2.113098,1.818702,
2.728923,2.410655,2.014679,2.48791,2.105789,1.813588,
2.722579,2.403792,2.008305,2.48096,2.099473,1.809088,
2.716018,2.39725,2.002341,2.473944,2.093594,1.804963,
2.709603,2.390429,1.996242,2.467166,2.087936,1.801218,
2.702841,2.383866,1.990345,2.460193,2.082417,1.79734,
2.695971,2.377421,1.984781,2.453192,2.076726,1.793501,
2.689299,2.370996,1.979278,2.446215,2.071767,1.790554,
2.682069,2.364665,1.97398,2.439001,2.066657,1.78725,
2.674768,2.358495,1.969103,2.431609,2.061434,1.784279,
2.667319,2.352434,1.964587,2.423615,2.056899,1.78251,
2.659806,2.346381,1.960042,2.416109,2.052193,1.780121,
2.652211,2.340639,1.955972,2.408063,2.048003,1.778762,
2.644696,2.334871,1.951975,2.400461,2.043922,1.777371,
2.63679,2.329088,1.947988,2.392757,2.039893,1.775762,
2.629103,2.323663,1.944355,2.385052,2.035917,1.774327,
2.62151,2.318316,1.940739,2.377764,2.031939,1.772547,
2.613591,2.312956,1.936816,2.370179,2.027752,1.770168,
2.605701,2.307734,1.933038,2.362702,2.023253,1.767456,
2.597919,2.302789,1.929216,2.355166,2.018788,1.76452,
2.58985,2.297867,1.925519,2.347751,2.013635,1.76073,
2.581515,2.292865,1.922216,2.34017,2.008751,1.757653,
2.573183,2.287864,1.918986,2.33239,2.003286,1.754245,
2.564748,2.283056,1.916189,2.325137,1.997833,1.750674,
2.555821,2.278145,1.913795,2.317898,1.992716,1.74754,
2.54748,2.273382,1.91141,2.311344,1.987358,1.74407,
2.538516,2.268552,1.909238,2.304797,1.981431,1.73996,
2.529265,2.263857,1.90739,2.298293,1.975732,1.736052,
2.520438,2.25933,1.905449,2.292284,1.969962,1.731699,
2.511458,2.254801,1.903623,2.285962,1.963768,1.726963,
2.502193,2.249761,1.901386,2.279739,1.957501,1.722171,
2.493188,2.245114,1.899086,2.273369,1.950973,1.717012,
2.483984,2.240586,1.896943,2.266791,1.94412,1.71159,
2.474551,2.23572,1.894837,2.260432,1.937435,1.706509,
2.46514,2.230927,1.892476,2.254141,1.931027,1.701358,
2.455771,2.226351,1.890307,2.248237,1.92485,1.696311,
2.446262,2.221789,1.888301,2.242448,1.919258,1.69172,
2.437107,2.217272,1.886241,2.23735,1.914293,1.687501,
2.427735,2.212625,1.884038,2.232183,1.909843,1.683662,
2.418242,2.208082,1.882213,2.226947,1.905511,1.68017,
2.408952,2.203435,1.880078,2.222483,1.902262,1.67703,
2.399607,2.1988,1.877741,2.217818,1.899268,1.673859,
2.390213,2.194142,1.875281,2.213209,1.896452,1.670676,
2.380925,2.189398,1.87232,2.209124,1.893889,1.666953,
2.371844,2.184752,1.868987,2.205242,1.891413,1.662672,
2.362669,2.180076,1.865709,2.201192,1.888691,1.658428,
2.354124,2.175667,1.862231,2.198151,1.886165,1.653527,
2.345371,2.171023,1.858313,2.194853,1.882948,1.647747,
2.336776,2.166395,1.854495,2.191887,1.879915,1.642033,
2.328187,2.161873,1.85055,2.188489,1.876446,1.636082,
2.319674,2.157147,1.84607,2.184542,1.872113,1.629619,
2.311012,2.152414,1.841215,2.182533,1.869527,1.622776,
2.302534,2.147609,1.836093,2.17771,1.864757,1.616149,
2.29415,2.142802,1.830624,2.174747,1.86171,1.609162,
2.28565,2.137814,1.825212,2.171274,1.858899,1.603063,
2.277556,2.133077,1.81966,2.168472,1.856368,1.596499,
2.269557,2.127973,1.813182,2.165356,1.85391,1.589641,
2.261635,2.123033,1.806907,2.162255,1.851209,1.582581,
2.25369,2.117939,1.800043,2.159749,1.848315,1.574764,
2.245728,2.112686,1.793117,2.156486,1.844695,1.56686,
2.237458,2.107323,1.785622,2.153291,1.84123,1.558463,
2.22966,2.102164,1.778249,2.150132,1.836908,1.549792,
2.221886,2.096823,1.77024,2.14722,1.832682,1.54054,
2.214204,2.091484,1.762295,2.14431,1.82827,1.53149,
2.206585,2.086151,1.75426,2.141792,1.824306,1.522565,
2.199012,2.080509,1.746091,2.139078,1.820253,1.513662,
2.19157,2.075035,1.738258,2.136236,1.816218,1.505515,
2.183928,2.069471,1.730505,2.133819,1.812454,1.497471,
2.176337,2.063751,1.723187,2.130803,1.80805,1.489915,
2.168443,2.058023,1.716824,2.127346,1.803982,1.484001,
2.160755,2.052287,1.710406,2.123807,1.79969,1.478017,
2.153059,2.046463,1.705067,2.120454,1.795242,1.472942,
2.145249,2.040676,1.70015,2.116731,1.791254,1.468962,
2.137653,2.034916,1.695279,2.113096,1.787014,1.464838,
2.130033,2.029003,1.691094,2.109387,1.782685,1.461279,
2.122369,2.023153,1.686928,2.104898,1.778372,1.458495,
2.114947,2.017282,1.682872,2.100068,1.773566,1.455812,
2.107653,2.011314,1.678818,2.095158,1.768416,1.452999,
2.100331,2.005441,1.674415,2.089769,1.763486,1.450366,
2.093099,1.999675,1.6702,2.083419,1.757616,1.448098,
2.086015,1.99353,1.665256,2.077285,1.75143,1.445054,
2.079207,1.987756,1.66046,2.071178,1.745389,1.442131,
2.072322,1.981828,1.655455,2.064496,1.738567,1.439103,
2.065629,1.975512,1.650558,2.057886,1.731284,1.436199,
2.059057,1.969756,1.645738,2.050154,1.723442,1.433987,
2.0525,1.963966,1.641349,2.042316,1.716015,1.43265,
2.046107,1.95777,1.636981,2.033712,1.708127,1.432566,
2.040039,1.952008,1.632914,2.024656,1.700459,1.433757,
2.033587,1.946124,1.629335,2.015252,1.692679,1.436016,
2.027468,1.939836,1.62564,2.005846,1.685078,1.438911,
2.021747,1.933871,1.622501,1.995789,1.677329,1.443599,
2.016312,1.928547,1.619539,1.985204,1.669611,1.448893,
2.011014,1.92257,1.616675,1.97493,1.661886,1.454553,
2.005785,1.916683,1.614021,1.96388,1.65446,1.46221,
2.000538,1.911684,1.611719,1.952556,1.647037,1.47099,
1.99596,1.90608,1.609627,1.941453,1.639842,1.481579,
1.992053,1.901154,1.607542,1.930292,1.633343,1.49445,
1.987942,1.896227,1.605747,1.919466,1.627658,1.509448,
1.984312,1.891163,1.603498,1.908211,1.62236,1.52783,
1.980769,1.886367,1.601251,1.896453,1.618419,1.549599,
1.977098,1.881491,1.599025,1.884727,1.614846,1.572392,
1.973468,1.876434,1.596289,1.871294,1.612448,1.601342,
1.969949,1.871724,1.593681,1.857897,1.610717,1.629881,
1.966102,1.866657,1.590938,1.840986,1.606874,1.663928,
1.96268,1.861411,1.587584,1.827005,1.603613,1.695175,
1.959123,1.856063,1.584255,1.811849,1.597358,1.726648,
1.955568,1.850835,1.580883,1.795855,1.586716,1.755734,
1.95229,1.845522,1.577207,1.779914,1.576082,1.783744,
1.948959,1.84006,1.57316,1.758981,1.561749,1.809006,
1.945575,1.834915,1.569069,1.729446,1.547707,1.832103,
1.94238,1.82949,1.564611,1.695372,1.531579,1.845556,
1.939221,1.825303,1.561365,1.664614,1.51926,1.856331,
1.936221,1.821769,1.558784,1.635669,1.506517,1.845527,
1.933723,1.818537,1.556196,1.61433,1.496625,1.838838,
1.931497,1.816328,1.554038,1.6036,1.497576,1.832806,
1.929142,1.814312,1.551804,1.615062,1.498938,1.82362,
1.926518,1.812112,1.549265,1.62456,1.486478,1.812776,
1.92392,1.810228,1.546226,1.644632,1.456281,1.781799,
1.920877,1.807886,1.542797,1.653382,1.444712,1.762617,
1.917964,1.804847,1.538722,1.645101,1.438791,1.755185,
1.914614,1.802174,1.534851,1.625531,1.439301,1.7567,
1.911036,1.799471,1.531027,1.598547,1.43663,1.75967,
1.907628,1.79679,1.527143,1.575035,1.433605,1.757165,
1.904501,1.794687,1.523559,1.551582,1.431423,1.755947,
1.901466,1.7923,1.520113,1.527118,1.420141,1.754254,
1.898584,1.789656,1.516909,1.508136,1.410607,1.748286,
1.895871,1.787284,1.513929,1.489429,1.401037,1.74274,
1.893421,1.784921,1.511868,1.469114,1.388351,1.738468,
1.891214,1.782468,1.50991,1.45289,1.377724,1.730395,
1.889201,1.780292,1.508482,1.440073,1.366411,1.72043,
1.886925,1.778001,1.507181,1.425033,1.358864,1.714498,
1.8849,1.775627,1.506328,1.413983,1.352042,1.706592,
1.882801,1.77366,1.506014,1.404082,1.346265,1.698922,
1.880811,1.771687,1.506104,1.39514,1.343295,1.69082,
1.879311,1.769493,1.505932,1.388167,1.342064,1.682593,
1.877859,1.768316,1.506671,1.382447,1.342511,1.674,
1.876318,1.766883,1.507369,1.378191,1.342827,1.664306,
1.875147,1.765643,1.508451,1.374513,1.343749,1.65548,
1.87401,1.764695,1.509537,1.371479,1.346151,1.646643,
1.87273,1.763826,1.510695,1.370825,1.348021,1.636511,
1.871863,1.762653,1.511252,1.370548,1.350166,1.627383,
1.870918,1.762215,1.512139,1.373694,1.352418,1.616166,
1.869728,1.761681,1.513162,1.37846,1.354819,1.604344,
1.868902,1.760702,1.514145,1.383253,1.357311,1.593668,
1.867999,1.76028,1.515374,1.39083,1.359627,1.581459,
1.867306,1.759851,1.516665,1.396944,1.363938,1.571107,
1.866879,1.759273,1.517774,1.402506,1.369833,1.562299,
1.866011,1.759277,1.519634,1.409102,1.375958,1.553208,
1.865376,1.759252,1.52117,1.416352,1.382771,1.543995,
1.864887,1.759021,1.522834,1.423892,1.389011,1.535611,
1.864202,1.759292,1.524774,1.432319,1.3951,1.527264,
1.863619,1.759482,1.526558,1.441041,1.400746,1.519287,
1.862985,1.759653,1.528315,1.449702,1.406233,1.512199,
1.862018,1.759781,1.529719,1.457947,1.411596,1.505612,
1.861209,1.759975,1.531149,1.46594,1.418111,1.499523,
1.860619,1.759935,1.532106,1.469644,1.419455,1.498632,
1.859741,1.760766,1.533782,1.476354,1.424462,1.494523,
1.858986,1.761468,1.535491,1.481146,1.434276,1.492124,
1.858583,1.762226,1.537427,1.488229,1.43941,1.488245,
1.85825,1.763299,1.539564,1.496523,1.44249,1.483349,
1.857865,1.764785,1.542009,1.501983,1.448447,1.481311,
1.857744,1.766323,1.544425,1.508317,1.452286,1.478647,
1.857534,1.768506,1.547131,1.516045,1.454919,1.474554,
1.856372,1.786777,1.544661,1.522616,1.458208,1.47185,
1.856005,1.78896,1.548491,1.529177,1.461661,1.46927,
1.856288,1.7919,1.551689,1.536429,1.463811,1.466123,
1.856319,1.795112,1.555019,1.542862,1.465028,1.463561,
1.856071,1.797698,1.559011,1.549145,1.467275,1.461176,
1.855935,1.801072,1.562611,1.555069,1.468823,1.459223,
1.85272,1.797095,1.579357,1.560882,1.469256,1.456946,
1.852424,1.800472,1.583376,1.566122,1.47037,1.455493,
1.852097,1.804147,1.587874,1.570955,1.47165,1.454741,
1.852174,1.805016,1.590923,1.575828,1.471346,1.453751,
1.851568,1.808534,1.595387,1.579978,1.472649,1.453706,
1.851005,1.810613,1.599205,1.583741,1.473574,1.453991,
1.850221,1.814377,1.603498,1.587224,1.473822,1.45469,
1.849069,1.818387,1.608873,1.589897,1.474862,1.45643,
1.847676,1.822492,1.614555,1.592249,1.475954,1.458686,
1.847069,1.824109,1.618267,1.594135,1.476499,1.461312,
1.845483,1.828298,1.624756,1.594246,1.477936,1.466072,
1.844254,1.832707,1.631003,1.594892,1.480059,1.470132,
1.843458,1.835211,1.636483,1.594608,1.481588,1.475338,
1.842012,1.839894,1.644538,1.594234,1.483603,1.481007,
1.84116,1.843726,1.651857,1.592817,1.486919,1.487564,
1.840034,1.848306,1.659179,1.59131,1.48925,1.494175,
1.838381,1.852961,1.668026,1.588974,1.492102,1.502071,
1.837505,1.857553,1.676315,1.587173,1.494923,1.509551,
1.836282,1.861966,1.684693,1.583758,1.497429,1.518222,
1.83479,1.866712,1.693649,1.580891,1.499973,1.526898,
1.833898,1.871444,1.701888,1.577086,1.502671,1.536398,
1.832713,1.875747,1.710355,1.572898,1.50483,1.546516,
1.831334,1.880401,1.718963,1.568556,1.507024,1.557116,
1.830339,1.88505,1.727333,1.565302,1.509619,1.567139,
1.829484,1.889186,1.735531,1.561555,1.511508,1.57826,
1.828621,1.893224,1.743701,1.558319,1.514443,1.589316,
1.828226,1.897262,1.751768,1.556378,1.518582,1.600352,
1.828047,1.900896,1.760057,1.553739,1.522363,1.612552,
1.828052,1.904621,1.768205,1.551376,1.526393,1.625656,
1.82863,1.908876,1.77598,1.549843,1.531239,1.637952,
1.829107,1.912206,1.783813,1.552598,1.534698,1.647173,
1.829577,1.915516,1.790778,1.556496,1.537329,1.655364,
1.830294,1.91949,1.797625,1.563744,1.540154,1.661207,
1.830628,1.922104,1.804855,1.572364,1.540531,1.66616,
1.831228,1.924848,1.811598,1.58096,1.54288,1.67157,
1.83192,1.92841,1.818845,1.592798,1.544843,1.675303,
1.83229,1.930831,1.826035,1.605022,1.54702,1.678971,
1.832915,1.933159,1.832938,1.619367,1.550329,1.680958,
1.834021,1.935952,1.839607,1.634213,1.556019,1.683674,
1.834704,1.938006,1.846489,1.651183,1.560645,1.684504,
1.835889,1.939994,1.852466,1.669041,1.567065,1.683614,
1.836755,1.941943,1.858526,1.687618,1.573547,1.68265,
1.838078,1.943578,1.863893,1.705915,1.580794,1.681297,
1.839585,1.945111,1.868673,1.723042,1.589511,1.680397,
1.841059,1.946668,1.873108,1.738786,1.598644,1.680061,
1.842888,1.948303,1.876803,1.753096,1.609972,1.679318,
1.844759,1.949572,1.879866,1.764302,1.621731,1.681537,
1.846869,1.950767,1.882644,1.772578,1.633868,1.686105,
1.849491,1.952035,1.88351,1.776667,1.647439,1.693353,
1.851858,1.953093,1.885026,1.776176,1.660999,1.705705,
1.854558,1.95336,1.885459,1.768951,1.672564,1.722757,
1.857836,1.954125,1.884441,1.7609,1.687453,1.742051,
1.860992,1.955008,1.884222,1.751866,1.703756,1.764083,
1.864498,1.955323,1.883806,1.736013,1.722607,1.791745,
1.868352,1.956027,1.882797,1.722357,1.74408,1.817511,
1.871981,1.956778,1.882471,1.712742,1.761316,1.83865,
1.875803,1.957133,1.881999,1.682565,1.802888,1.892377,
1.879783,1.957834,1.88169,1.692869,1.812268,1.897771,
1.883484,1.95861,1.882099,1.703675,1.823159,1.888934,
1.887741,1.959119,1.882161,1.736574,1.821293,1.863313,
1.89146,1.959701,1.882881,1.756193,1.80952,1.843187,
1.895061,1.961034,1.883915,1.776706,1.803242,1.819383,
1.898777,1.962111,1.884477,1.804505,1.791111,1.794966,
1.902341,1.963346,1.884891,1.813351,1.779283,1.788318,
1.905771,1.964944,1.885602,1.826798,1.77101,1.770846,
1.908907,1.966942,1.886308,1.835957,1.766166,1.765143,
1.912018,1.968601,1.886868,1.830593,1.760582,1.771196,
1.915043,1.970548,1.887804,1.830258,1.761038,1.77158,
1.918364,1.972754,1.88868,1.823708,1.778771,1.788492,
1.921662,1.974705,1.890063,1.806486,1.793881,1.815096,
1.925006,1.97768,1.891389,1.791876,1.813588,1.836855,
1.928463,1.980606,1.89288,1.77206,1.836563,1.871552,
1.931815,1.983501,1.894398,1.766645,1.852608,1.888794,
1.935208,1.986032,1.895968,1.774822,1.85654,1.884163,
1.938501,1.988922,1.897844,1.790284,1.862336,1.878494,
1.941714,1.991296,1.899841,1.80935,1.860518,1.859257,
1.945089,1.993902,1.901655,1.832059,1.8526,1.839241,
1.947525,1.997177,1.904071,1.85936,1.846529,1.818008,
1.949939,1.999972,1.906899,1.871585,1.83149,1.804557,
1.952173,2.003045,1.909701,1.887217,1.823351,1.784553,
1.954489,2.006277,1.912563,1.895742,1.823379,1.781823,
1.956616,2.009513,1.916311,1.884724,1.825591,1.800706,
1.958454,2.012856,1.919958,1.87666,1.833001,1.815338,
1.96077,2.016249,1.923321,1.889959,1.852006,1.813253,
1.965028,2.02225,1.930462,1.879181,1.884253,1.842229,
1.967431,2.024838,1.93376,1.887888,1.894216,1.841313,
1.969618,2.027246,1.937712,1.89524,1.904725,1.842629,
1.974202,2.032362,1.944573,1.918341,1.918233,1.836414,
1.979922,2.039578,1.957701,1.969759,1.912189,1.799808,
1.98298,2.043032,1.967342,1.981015,1.910551,1.801028,
1.985229,2.046378,1.977042,1.967134,1.927025,1.831077,
1.985291,2.045954,1.97704,1.968461,1.936976,1.833865,
1.987534,2.047252,1.980804,1.968288,1.945376,1.843984,
1.990053,2.048107,1.983991,1.971038,1.952182,1.848797,
1.992157,2.049129,1.987289,1.977837,1.962147,1.853013,
1.994471,2.05025,1.989944,1.987445,1.972013,1.854061,
1.996693,2.05094,1.995684,2.000523,1.98089,1.854385,
2.000582,2.052717,1.995687,2.000152,1.980511,1.858635,
2.002109,2.053342,1.996555,2.00243,1.985498,1.861578,
2.005141,2.054739,1.998798,1.993469,1.982873,1.875553,
2.01039,2.055583,1.997623,1.993422,2.011117,1.891117,
2.011078,2.05545,1.996846,1.995695,2.012192,1.889665,
2.013817,2.055654,1.996928,2.005121,2.016298,1.885816,
2.016467,2.055804,1.997501,2.01292,2.023517,1.88541,
2.019362,2.055965,1.998405,2.023608,2.028605,1.881393,
2.022039,2.056151,1.999749,2.031904,2.029822,1.877788,
2.024383,2.056192,2.001055,2.033417,2.026115,1.877382,
2.026966,2.056493,2.002033,2.031374,2.021521,1.880422,
2.029437,2.056398,2.002342,2.004644,2.015919,1.907423,
2.031536,2.056303,2.005069,1.98747,2.015164,1.927367,
2.036919,2.056586,2.001457,1.985016,2.02433,1.936597,
2.040349,2.056697,1.999561,1.985368,2.032566,1.940164,
2.050921,2.058409,1.994042,1.998399,2.043362,1.939682,
2.05806,2.060452,1.989057,2.008278,2.045599,1.929594,
2.05802,2.06116,1.989104,2.014526,2.046275,1.92426,
2.061134,2.062266,1.98774,2.018512,2.048579,1.92048,
2.064394,2.063629,1.98664,2.022256,2.04807,1.916695,
2.067574,2.06527,1.98559,2.027802,2.050931,1.913313,
2.071147,2.066875,1.984449,2.031562,2.052506,1.909785,
2.074839,2.06899,1.983162,2.035855,2.055599,1.905926,
2.078564,2.071308,1.98186,2.041976,2.059965,1.901364,
2.082308,2.073535,1.98041,2.045844,2.062817,1.897537,
2.086165,2.076115,1.979195,2.048959,2.065664,1.894523,
2.089599,2.078594,1.977933,2.052939,2.069556,1.891121,
2.092918,2.081142,1.976754,2.055181,2.073722,1.889386,
2.104915,2.091994,1.974043,2.075065,2.105232,1.88382,
2.109714,2.097966,1.973644,2.088381,2.1419,1.889279,
2.114681,2.10375,1.972916,2.097347,2.167952,1.892793,
2.117585,2.106536,1.972622,2.101274,2.176411,1.892031,
2.124107,2.112363,1.972104,2.100331,2.190249,1.899655,
2.123983,2.112175,1.972465,2.099167,2.188522,1.90025,
2.127133,2.114706,1.972445,2.10145,2.194936,1.901444,
2.130555,2.117227,1.972535,2.103308,2.20233,1.904488,
2.13392,2.119646,1.972299,2.10533,2.209243,1.906395,
2.137463,2.122089,1.972227,2.106744,2.216144,1.909217,
2.140933,2.124316,1.972355,2.107857,2.222398,1.912278,
2.154341,2.132257,1.972055,2.112142,2.243808,1.9208,
2.160049,2.134401,1.972944,2.112931,2.24818,1.921913,
2.162179,2.135014,1.974372,2.112467,2.249824,1.923303,
2.168993,2.136345,1.976696,2.109907,2.247659,1.923798,
2.176756,2.13895,1.978719,2.104039,2.244473,1.92749,
2.179883,2.139388,1.980723,2.098898,2.240893,1.930227,
2.186042,2.139996,1.984739,2.082726,2.231213,1.942393,
2.186254,2.139639,1.98516,2.081583,2.228657,1.942512,
2.189732,2.139932,1.986858,2.073189,2.224355,1.950454,
2.193355,2.140292,1.98843,2.064691,2.21951,1.958864,
2.197209,2.140395,1.989717,2.05384,2.213866,1.969658,
2.201312,2.140684,1.990524,2.045191,2.208463,1.97838,
2.205717,2.140743,1.995805,2.026822,2.198885,1.998325,
2.21464,2.140617,1.990513,2.019988,2.194695,2.006688,
2.219157,2.14044,1.989545,2.011985,2.191546,2.016756,
2.232125,2.138461,1.985809,1.994841,2.180245,2.039907,
2.240627,2.135316,1.979969,2.002173,2.198351,2.048545,
2.240915,2.134576,1.978527,2.007542,2.206872,2.047082,
2.245644,2.132968,1.975522,2.004913,2.21261,2.056053,
2.254642,2.129396,1.969914,1.998126,2.218529,2.071518,
2.259191,2.127211,1.967345,1.992248,2.221215,2.081615,
2.26353,2.125463,1.971279,1.971045,2.226542,2.112598,
2.280019,2.116258,1.953219,1.95074,2.227759,2.136548,
2.286941,2.109321,1.946884,1.909294,2.222026,2.178519,
2.295687,2.103355,1.939652,1.886888,2.217696,2.202681,
2.305951,2.098371,1.93082,1.875288,2.208214,2.215011,
2.306581,2.098523,1.930074,1.877257,2.202072,2.210333,
2.311764,2.096025,1.925826,1.87592,2.193951,2.210455,
2.317125,2.093577,1.921406,1.874678,2.187712,2.211223,
2.322679,2.091198,1.917082,1.878513,2.180286,2.20641,
2.3282,2.088828,1.914962,1.894684,2.167856,2.189166,
2.339131,2.084237,1.904621,1.903865,2.162193,2.179207,
2.344937,2.082253,1.900259,1.913488,2.157425,2.16915,
2.35012,2.080233,1.896546,1.923512,2.152957,2.158553,
2.360505,2.076194,1.889417,1.94019,2.143018,2.141027,
2.370558,2.07307,1.882177,1.959094,2.135114,2.121234,
2.380559,2.070564,1.875332,1.976036,2.128067,2.10431,
2.389086,2.068257,1.869743,1.989793,2.120003,2.090363,
2.388249,2.068566,1.870604,1.989273,2.121417,2.091545,
2.391852,2.067321,1.868921,1.996139,2.117905,2.085341,
2.39522,2.066162,1.867429,2.000995,2.115425,2.081222,
2.398541,2.065001,1.866194,2.00741,2.113026,2.076115,
2.401266,2.063639,1.865544,2.012925,2.110446,2.071543,
2.404093,2.062172,1.865126,2.016863,2.107594,2.068525,
2.406701,2.060648,1.86493,2.022227,2.104912,2.064483,
2.409473,2.059412,1.86509,2.027063,2.102275,2.060769,
2.41222,2.058435,1.868384,2.036817,2.09659,2.053485,
2.417954,2.056584,1.865526,2.041818,2.094581,2.049672,
2.420727,2.055849,1.865741,2.047229,2.092699,2.04548,
2.423627,2.054891,1.866051,2.052159,2.091062,2.042741,
2.429508,2.053097,1.866652,2.061472,2.089202,2.037114,
2.437797,2.049802,1.868532,2.071926,2.0949,2.035395,
2.442754,2.047453,1.869921,2.076694,2.103855,2.037847,
2.447082,2.044823,1.871934,2.079777,2.116395,2.042346,
2.446865,2.044695,1.87205,2.078708,2.120131,2.045134,
2.448876,2.043305,1.873308,2.08083,2.126539,2.046837,
2.450994,2.041576,1.874539,2.082594,2.133073,2.049289,
2.452955,2.040104,1.876117,2.084835,2.139336,2.051798,
2.454706,2.038468,1.877499,2.087071,2.145958,2.05344,
2.456415,2.036769,1.879055,2.089176,2.152352,2.055389,
2.458047,2.034975,1.880713,2.091944,2.158805,2.057107,
2.459595,2.033245,1.881952,2.094662,2.16491,2.057864,
2.460953,2.031341,1.883415,2.098125,2.170819,2.057855,
2.462794,2.029951,1.884526,2.10176,2.176332,2.058093,
2.464318,2.028311,1.885816,2.105942,2.181992,2.057315,
2.467126,2.025275,1.888007,2.115516,2.19162,2.054303,
2.468437,2.02391,1.888781,2.12018,2.196436,2.052754,
2.472319,2.020539,1.891461,2.136456,2.209624,2.045527,
2.473883,2.019109,1.891201,2.149271,2.217284,2.036979,
2.473936,2.020018,1.890202,2.150869,2.216662,2.03518,
2.474671,2.019619,1.889587,2.157346,2.220579,2.02994,
2.474998,2.019184,1.889925,2.164639,2.224421,2.024378,
2.475914,2.019415,1.889748,2.171621,2.228502,2.019604,
2.476282,2.019537,1.891095,2.186908,2.236334,2.006194,
2.477095,2.020921,1.892049,2.195317,2.240603,1.999571,
2.477381,2.021918,1.893809,2.203508,2.244748,1.992545,
2.479171,2.025672,1.899001,2.230196,2.25774,1.971323,
2.479688,2.029575,1.903274,2.249786,2.266516,1.955559,
2.480061,2.030927,1.903051,2.251276,2.266931,1.9543,
2.480536,2.033225,1.904305,2.261999,2.271467,1.945492,
2.481102,2.036176,1.905635,2.272699,2.275919,1.93671,
2.482031,2.039277,1.906391,2.283961,2.280694,1.927746,
2.482722,2.042231,1.9067,2.295772,2.284848,1.917053,
2.483263,2.045658,1.906826,2.307476,2.288898,1.906204,
2.484336,2.049265,1.906721,2.319529,2.29314,1.895288,
2.485188,2.052925,1.906827,2.331538,2.297012,1.883963,
2.485963,2.056648,1.907086,2.343696,2.300737,1.8719,
2.487464,2.061044,1.906769,2.356199,2.304621,1.859596,
2.49393,2.069071,1.90297,2.369023,2.308243,1.846798,
2.494817,2.073361,1.903231,2.381637,2.311912,1.834193,
2.495736,2.077634,1.903404,2.393626,2.315369,1.821752,
2.494847,2.080817,1.904506,2.406454,2.318841,1.808203,
2.495784,2.08544,1.903877,2.418686,2.322388,1.795242,
2.497054,2.090345,1.902597,2.430972,2.326162,1.781864,
2.498285,2.095153,1.901459,2.443078,2.329615,1.768891,
2.499682,2.100083,1.900522,2.455057,2.333211,1.756524,
2.501225,2.105558,1.899014,2.466691,2.336941,1.744152,
2.501295,2.109803,1.898795,2.478182,2.340573,1.732188,
2.502941,2.1153,1.897703,2.489114,2.344412,1.721074,
2.504703,2.121031,1.896446,2.499521,2.348893,1.71054,
2.505058,2.125651,1.89651,2.509522,2.352846,1.700646,
2.506724,2.131294,1.895674,2.519461,2.357174,1.690879,
2.508543,2.137163,1.894656,2.528386,2.362117,1.68225,
2.509357,2.142268,1.894513,2.537098,2.367028,1.674048,
2.511047,2.148062,1.893778,2.54559,2.371899,1.666042,
2.512883,2.153952,1.89288,2.552729,2.378017,1.659905,
2.514375,2.159695,1.892527,2.560402,2.383558,1.653219,
2.516091,2.165535,1.892012,2.567275,2.38942,1.647607,
2.517907,2.170995,1.895881,2.586245,2.407762,1.633593,
2.525634,2.193603,1.890929,2.595419,2.420635,1.628298,
2.530422,2.20469,1.890293,2.601827,2.433156,1.62631,
2.535148,2.215172,1.889985,2.605567,2.445856,1.627488,
2.537498,2.219907,1.89008,2.606716,2.452169,1.628979,
2.54282,2.229604,1.890184,2.608109,2.465056,1.633244,
2.542958,2.229142,1.890295,2.606348,2.465312,1.635406,
2.545289,2.233521,1.890767,2.605975,2.472075,1.638969,
2.547907,2.237928,1.890427,2.605725,2.478732,1.640666,
2.550248,2.242115,1.891955,2.604226,2.485404,1.6491,
2.552701,2.246239,1.892332,2.601998,2.49217,1.654921,
2.555457,2.250393,1.892617,2.599102,2.498847,1.661683,
2.560556,2.258508,1.893766,2.591865,2.512457,1.677743,
2.563536,2.262612,1.894072,2.586402,2.518933,1.687991,
2.566055,2.266586,1.894564,2.581089,2.525602,1.697805,
2.571561,2.27463,1.895519,2.568046,2.53839,1.721156,
2.578273,2.282923,1.896105,2.550702,2.550038,1.750493,
2.585439,2.290849,1.896115,2.52943,2.559518,1.783938,
2.591283,2.298223,1.896626,2.508129,2.566998,1.81602,
2.591451,2.298079,1.896007,2.507655,2.565834,1.815779,
2.594408,2.301888,1.895352,2.497446,2.568375,1.829972,
2.597521,2.305513,1.894633,2.488118,2.57057,1.842916,
2.600737,2.309089,1.893339,2.479498,2.572593,1.854337,
2.603778,2.312684,1.891809,2.470947,2.574522,1.865262,
2.606956,2.316035,1.890069,2.463281,2.575276,1.874623,
2.609991,2.3195,1.887705,2.456886,2.576487,1.881687,
2.612921,2.322724,1.885606,2.451439,2.57759,1.888143,
2.615771,2.325913,1.883072,2.446674,2.577858,1.893127,
2.618625,2.328734,1.880479,2.443112,2.57836,1.897035,
2.621123,2.331675,1.878003,2.43888,2.579151,1.901772,
2.623657,2.334522,1.875522,2.436985,2.580148,1.904226,
2.625932,2.337247,1.873386,2.435397,2.581064,1.906185,
2.628056,2.339947,1.871517,2.435186,2.582264,1.907202,
2.630371,2.342581,1.869402,2.434553,2.583685,1.908209,
2.632852,2.345007,1.867488,2.433626,2.584295,1.909761,
2.635277,2.347566,1.865649,2.434119,2.585249,1.909682,
2.637756,2.350245,1.863962,2.434222,2.586452,1.910035,
2.640278,2.352965,1.862307,2.434494,2.587216,1.909928,
2.643112,2.355796,1.860574,2.43497,2.588447,1.909814,
2.646061,2.35884,1.858739,2.435765,2.589475,1.909108,
2.648972,2.36183,1.856797,2.43628,2.590282,1.908214,
2.652163,2.365006,1.855,2.437207,2.591331,1.907161,
2.655462,2.368106,1.85306,2.437808,2.59207,1.905932,
2.65929,2.371439,1.850529,2.438407,2.592752,1.904623,
2.662961,2.374868,1.847889,2.439782,2.593538,1.902546,
2.666767,2.378334,1.845074,2.441463,2.594625,1.900157,
2.670505,2.38172,1.84186,2.443187,2.595532,1.897293,
2.674142,2.385184,1.838438,2.445975,2.596381,1.893341,
2.677654,2.388505,1.83497,2.448703,2.597298,1.889323,
2.681081,2.391884,1.831445,2.451546,2.59827,1.88506,
2.684086,2.395132,1.827971,2.455868,2.599122,1.879011,
2.686807,2.398229,1.824459,2.460151,2.600212,1.872766,
2.689519,2.401316,1.821096,2.464995,2.601223,1.8662,
2.691944,2.404474,1.817862,2.469903,2.60195,1.859517,
2.694365,2.407635,1.814727,2.475944,2.603163,1.851496,
2.69664,2.410808,1.811489,2.482818,2.604311,1.842197,
2.698246,2.413747,1.808585,2.48915,2.60495,1.833408,
2.700592,2.416763,1.804947,2.495694,2.605999,1.824135,
2.702935,2.420072,1.801432,2.503102,2.606775,1.813737,
2.705219,2.423332,1.798203,2.51027,2.607858,1.804097,
2.70786,2.427081,1.794572,2.517286,2.608962,1.794204,
2.710597,2.43083,1.79114,2.524098,2.609721,1.784731,
2.712831,2.434402,1.788529,2.531493,2.610964,1.775268,
2.715517,2.438488,1.785629,2.538408,2.61187,1.766081,
2.718106,2.442478,1.78318,2.545627,2.613046,1.756802,
2.719868,2.446068,1.781564,2.55256,2.614167,1.74797,
2.722371,2.450202,1.77964,2.558531,2.615462,1.740378,
2.724902,2.454213,1.778007,2.564474,2.61642,1.733081,
2.726686,2.457801,1.777047,2.570158,2.617719,1.726434,
2.72917,2.461957,1.776163,2.57439,2.619074,1.721757,
2.731742,2.465984,1.775103,2.578972,2.62023,1.716655,
2.733484,2.469672,1.774722,2.582158,2.621791,1.713544,
2.736024,2.473868,1.773694,2.585144,2.62362,1.71043,
2.738625,2.47803,1.772435,2.588061,2.625306,1.707255,
2.740243,2.481583,1.77179,2.590122,2.627491,1.705463,
2.742693,2.485738,1.7703,2.59182,2.630102,1.703732,
2.745196,2.489879,1.768433,2.592919,2.632754,1.702226,
2.747302,2.493764,1.766737,2.594496,2.635607,1.70076,
2.749703,2.498021,1.764052,2.595497,2.639548,1.699588,
2.752038,2.502119,1.761485,2.595779,2.643319,1.699111,
2.753776,2.505956,1.758853,2.595958,2.647568,1.69909,
2.755982,2.510109,1.75596,2.596013,2.652324,1.69934,
2.758162,2.513991,1.753208,2.595703,2.65687,1.700156,
2.75972,2.517802,1.750863,2.595434,2.66163,1.701163,
2.761693,2.52174,1.748336,2.594576,2.667114,1.703249,
2.763769,2.525572,1.74588,2.593983,2.671983,1.705189,
2.76495,2.528998,1.744038,2.593371,2.677256,1.707196,
2.767034,2.532858,1.741016,2.592104,2.682552,1.709383,
2.76912,2.536775,1.738085,2.591099,2.688272,1.711166,
2.771103,2.54074,1.734971,2.590302,2.694266,1.7125,
2.773618,2.544862,1.731368,2.589802,2.700533,1.713021,
2.776129,2.54899,1.727756,2.586901,2.705609,1.716002,
2.778318,2.552966,1.724105,2.586709,2.711824,1.715405,
2.780989,2.557225,1.719805,2.587364,2.718793,1.713366,
2.78332,2.560953,1.715475,2.588307,2.725789,1.710904,
2.78628,2.56541,1.710199,2.589511,2.733027,1.708116,
2.788823,2.569492,1.70494,2.592064,2.74119,1.703638,
2.791304,2.573406,1.699897,2.593886,2.749054,1.700214,
2.793633,2.577086,1.694652,2.597169,2.758124,1.695332,
2.796314,2.580981,1.688764,2.600796,2.767218,1.689831,
2.799098,2.584826,1.682929,2.604448,2.776278,1.684484,
2.802305,2.588891,1.676823,2.60937,2.786042,1.678186,
2.805426,2.592858,1.67066,2.614034,2.795808,1.671958,
2.808558,2.596724,1.664624,2.619706,2.805251,1.664498,
2.811921,2.600587,1.658539,2.626077,2.815126,1.656542,
2.815365,2.604487,1.652351,2.632724,2.824874,1.647989,
2.818736,2.608201,1.646393,2.639126,2.834185,1.639792,
2.822064,2.611567,1.640722,2.64659,2.843111,1.630496,
2.825486,2.615202,1.634942,2.654106,2.851955,1.621082,
2.828767,2.61859,1.62936,2.661986,2.860363,1.611171,
2.832146,2.621945,1.623799,2.669582,2.868053,1.60171,
2.83525,2.625042,1.61878,2.678011,2.875106,1.59147,
2.838206,2.628122,1.613789,2.68624,2.882386,1.581065,
2.841376,2.63127,1.608745,2.694379,2.887659,1.570469,
2.844213,2.633811,1.604264,2.702618,2.893536,1.560104,
2.846967,2.636184,1.599958,2.710804,2.897835,1.549318,
2.849782,2.638627,1.595801,2.718719,2.902181,1.538759,
2.852399,2.640792,1.591934,2.726865,2.90545,1.527534,
2.855095,2.64277,1.588122,2.734872,2.907951,1.51633,
2.857798,2.64484,1.584124,2.742509,2.909348,1.505272,
2.860229,2.646719,1.580544,2.750786,2.911426,1.493626,
2.862576,2.648537,1.577174,2.758601,2.91337,1.482525,
2.865125,2.65048,1.573652,2.766513,2.914591,1.471047,
2.867502,2.652363,1.570664,2.774462,2.915812,1.459942,
2.869813,2.654,1.567639,2.782182,2.916467,1.448806,
2.872034,2.655792,1.564668,2.790238,2.917785,1.437371,
2.873915,2.657181,1.561892,2.798505,2.918148,1.425357,
2.875688,2.658669,1.559341,2.808118,2.919184,1.412019,
2.877485,2.660084,1.55681,2.816624,2.920128,1.400164,
2.878876,2.661242,1.554542,2.824941,2.920053,1.388241,
2.879932,2.662453,1.552573,2.833156,2.920148,1.376496,
2.881139,2.663601,1.550668,2.841234,2.921201,1.365174,
2.882038,2.664498,1.549362,2.848497,2.920183,1.354797,
2.883049,2.665504,1.548078,2.855511,2.919593,1.344731,
2.884477,2.666812,1.546893,2.862228,2.91885,1.335572,
2.88566,2.667827,1.546147,2.868407,2.917213,1.326943,
2.887191,2.669059,1.545486,2.874652,2.915727,1.318419,
2.889072,2.670526,1.544317,2.879611,2.913534,1.311047,
2.890629,2.671724,1.543786,2.883837,2.91036,1.304862,
2.89238,2.6729,1.543126,2.887721,2.906687,1.299109,
2.893977,2.674036,1.54261,2.891569,2.903531,1.293528,
2.895481,2.675038,1.542098,2.894079,2.898602,1.289534,
2.896935,2.676059,1.541546,2.896792,2.894128,1.285264,
2.898291,2.677049,1.541234,2.899069,2.889259,1.281902,
2.89936,2.67783,1.54099,2.901036,2.883841,1.279003,
2.900348,2.678746,1.540719,2.902424,2.878305,1.276753,
2.901295,2.679684,1.540624,2.903636,2.872553,1.275242,
2.902132,2.680521,1.540794,2.904304,2.866993,1.27457,
2.903079,2.681648,1.54069,2.904949,2.861681,1.273978,
2.904299,2.682851,1.54045,2.905122,2.856591,1.274327,
2.905235,2.683789,1.540421,2.9048,2.851957,1.275164,
2.906549,2.685085,1.540775,2.904591,2.847971,1.276837,
2.907593,2.686208,1.541308,2.903879,2.845875,1.278906,
2.908669,2.687378,1.542183,2.903639,2.843637,1.281144,
2.909905,2.688628,1.543174,2.903671,2.843264,1.283144,
2.911451,2.690242,1.54376,2.903796,2.844373,1.284789,
2.912395,2.6914,1.545385,2.904709,2.846319,1.286604,
2.913482,2.692601,1.546626,2.905314,2.847966,1.288884,
2.914743,2.694041,1.547947,2.905956,2.851742,1.291495,
2.915689,2.695061,1.549953,2.907352,2.855411,1.293495,
2.91667,2.696338,1.55121,2.908719,2.859272,1.294641,
2.917995,2.69768,1.55252,2.910582,2.864098,1.295352,
2.91915,2.698794,1.553559,2.912875,2.868473,1.294673,
2.920355,2.699965,1.554565,2.915445,2.872971,1.29387,
2.921494,2.701124,1.555232,2.919709,2.878764,1.289977,
2.922744,2.702321,1.555162,2.924244,2.884756,1.284754,
2.923944,2.703571,1.554591,2.930262,2.892478,1.277214,
2.925452,2.704837,1.55349,2.938164,2.902104,1.267215,
2.926933,2.705961,1.552449,2.946145,2.912438,1.256917,
2.928332,2.707419,1.551101,2.955503,2.925076,1.244605,
2.930182,2.709075,1.549042,2.967381,2.943886,1.228184,
2.93202,2.710716,1.546838,2.978865,2.961423,1.212551,
2.933868,2.712439,1.544747,2.988709,2.977643,1.199198,
2.935687,2.714394,1.542821,2.99915,2.997323,1.184965,
2.937572,2.716334,1.540962,3.008065,3.015841,1.173012,
2.939217,2.718305,1.53945,3.017766,3.035012,1.161293,
2.941015,2.720612,1.538144,3.025979,3.054251,1.152115,
2.942631,2.722483,1.537178,3.032044,3.070271,1.146173,
2.943828,2.724369,1.536946,3.039042,3.087621,1.140907,
2.945112,2.726427,1.536887,3.042915,3.102651,1.140247,
2.946452,2.728485,1.536637,3.047574,3.117324,1.139617,
2.947558,2.730604,1.536192,3.049655,3.129398,1.142977,
2.949094,2.732975,1.535215,3.047375,3.137445,1.150984,
2.950389,2.735158,1.533984,3.049008,3.146352,1.15714,
2.951432,2.737213,1.53274,3.049076,3.153599,1.165677,
2.952784,2.739571,1.530818,3.041935,3.153969,1.180386,
2.953948,2.741887,1.528752,3.048633,3.161373,1.185423,
2.955023,2.744177,1.526677,3.041574,3.161641,1.201522,
2.956505,2.746865,1.524329,3.037168,3.161007,1.21608,
2.957743,2.749396,1.522184,3.033739,3.160866,1.230734,
2.958935,2.752141,1.520285,3.028122,3.159205,1.247498,
2.960907,2.755409,1.517997,3.023354,3.157692,1.26329,
2.962355,2.75841,1.516302,3.016792,3.153097,1.281312,
2.963705,2.761437,1.514923,3.011058,3.149915,1.299167,
2.965844,2.764919,1.513122,3.003399,3.144393,1.317167,
2.967635,2.767845,1.511837,2.994194,3.137394,1.336538,
2.969352,2.770983,1.51062,2.984818,3.13005,1.355493,
2.971583,2.774521,1.509045,2.976086,3.12348,1.373339,
2.973619,2.777843,1.507295,2.965511,3.114779,1.391022,
2.97558,2.781307,1.505453,2.955626,3.107012,1.407137,
2.978112,2.785046,1.503091,2.945512,3.098013,1.421845,
2.980153,2.788433,1.50076,2.935384,3.089377,1.436204,
2.982042,2.791665,1.498348,2.925572,3.08017,1.448199,
2.984391,2.795223,1.495487,2.916719,3.072042,1.459143,
2.986404,2.798609,1.492657,2.908042,3.063408,1.467115,
2.988301,2.801828,1.489875,2.900749,3.055864,1.474136,
2.990421,2.805179,1.487076,2.893403,3.048207,1.481368,
2.992328,2.80835,1.484318,2.886941,3.041642,1.486211,
2.994199,2.811476,1.481635,2.882012,3.036064,1.489306,
2.996113,2.814833,1.479042,2.877969,3.031295,1.491593,
2.997851,2.817856,1.476429,2.873999,3.026809,1.493677,
2.999652,2.821005,1.473778,2.872459,3.024545,1.492987,
3.001841,2.824332,1.470794,2.871719,3.023017,1.491215,
3.003584,2.827191,1.468008,2.871265,3.022342,1.48884,
3.005188,2.830004,1.465071,2.872038,3.022176,1.485515,
3.007191,2.833077,1.461748,2.873535,3.02293,1.480587,
3.00884,2.83601,1.458505,2.875875,3.025244,1.474676,
3.010367,2.838765,1.454906,2.879609,3.028451,1.467195,
3.011941,2.841659,1.451143,2.883226,3.031801,1.459489,
3.013435,2.844431,1.447305,2.887231,3.036137,1.451063,
3.014925,2.847331,1.443411,2.891207,3.039846,1.442812,
3.016261,2.850071,1.439691,2.896369,3.044966,1.433497,
3.017541,2.852668,1.435804,2.901029,3.050087,1.424128,
3.018933,2.855563,1.431767,2.906682,3.055377,1.414179,
3.020033,2.858124,1.428014,2.912621,3.061059,1.403966,
3.021089,2.860512,1.424058,2.918326,3.06662,1.393835,
3.022216,2.863007,1.419897,2.923486,3.07114,1.383913,
3.023231,2.865451,1.41521,2.929201,3.076132,1.372822,
3.024461,2.867845,1.41033,2.933805,3.080172,1.362342,
3.025901,2.870439,1.405401,2.939426,3.08458,1.351577,
3.027053,2.873,1.400881,2.944566,3.088739,1.341177,
3.02814,2.875018,1.396494,2.949336,3.092349,1.331308,
3.029366,2.877046,1.392507,2.953593,3.095195,1.322358,
3.030737,2.879282,1.388799,2.95844,3.098723,1.313515,
3.031971,2.881284,1.385546,2.962959,3.102198,1.305362,
3.033276,2.883212,1.382504,2.967268,3.105145,1.297535,
3.034807,2.885252,1.380019,2.971563,3.107884,1.290503,
3.036263,2.887108,1.378016,2.975514,3.110455,1.283948,
3.037802,2.889077,1.358914,2.979826,3.113247,1.257495,
3.03926,2.890852,1.354408,2.983912,3.115518,1.248095,
3.040787,2.892401,1.350989,2.987997,3.117764,1.239504,
3.042339,2.893975,1.34922,2.992452,3.120408,1.232256,
3.043643,2.895315,1.349088,2.996672,3.122838,1.22666,
3.045121,2.896518,1.3455,3.001008,3.125211,1.217695,
3.046744,2.897747,1.343855,3.005641,3.128048,1.210378,
3.047824,2.898691,1.342621,3.00995,3.130589,1.203408,
3.049264,2.899601,1.338561,3.014571,3.133054,1.19353,
3.050817,2.900641,1.337416,3.019314,3.135832,1.18633,
3.051886,2.901296,1.337925,3.024011,3.138125,1.180267,
3.052979,2.901985,1.334596,3.029042,3.140666,1.170404,
3.054168,2.902621,1.335196,3.03411,3.143349,1.164339,
3.055085,2.903078,1.336022,3.039398,3.145853,1.158245,
3.05587,2.903226,1.337667,3.044758,3.148071,1.153225,
3.056797,2.90359,1.339381,3.05034,3.150939,1.148173,
3.057367,2.903568,1.342574,3.055862,3.153185,1.144837,
3.058013,2.903455,1.343225,3.061679,3.155145,1.138945,
3.058428,2.903291,1.345386,3.067055,3.15695,1.13499,
3.058954,2.903106,1.339595,3.072343,3.158968,1.122851,
3.059468,2.902811,1.34049,3.077439,3.160419,1.117975,
3.059705,2.902428,1.342503,3.082309,3.162262,1.114154,
3.06004,2.901972,1.342167,3.086635,3.163586,1.108628,
3.060163,2.901196,1.342144,3.091058,3.164808,1.103145,
3.059872,2.900081,1.345219,3.09498,3.16654,1.100825,
3.059592,2.899264,1.347346,3.098208,3.167475,1.098375,
3.059393,2.898151,1.348252,3.101428,3.16832,1.094412,
3.058592,2.896894,1.352499,3.103678,3.168696,1.094579,
3.057912,2.895655,1.355192,3.106419,3.170083,1.092528,
3.056929,2.894308,1.362472,3.10784,3.16978,1.09654,
3.055758,2.892651,1.367888,3.10982,3.170172,1.097632,
3.055038,2.891312,1.374001,3.110094,3.169094,1.101031,
3.054452,2.889668,1.381368,3.110575,3.167708,1.105195,
3.05322,2.888137,1.387612,3.111088,3.166995,1.108232,
3.052581,2.886889,1.395675,3.110886,3.165434,1.114274,
3.052121,2.885513,1.408261,3.110761,3.163632,1.124607,
3.051444,2.884183,1.414279,3.110275,3.161802,1.128713,
3.051124,2.883141,1.423019,3.109672,3.160142,1.135778,
3.050923,2.882036,1.431511,3.108757,3.158125,1.142954,
3.050484,2.880982,1.438931,3.107827,3.156663,1.148792,
3.050802,2.880308,1.448433,3.106458,3.154751,1.157398,
3.051396,2.879813,1.461367,3.104689,3.152985,1.169702,
3.052176,2.879418,1.469929,3.102763,3.151297,1.177547,
3.053205,2.879297,1.478273,3.100801,3.149508,1.185612,
3.054148,2.879208,1.489499,3.099164,3.147716,1.196992,
3.054676,2.87914,1.495853,3.097536,3.146315,1.203243,
3.055502,2.879141,1.501829,3.095921,3.144697,1.20962,
3.056309,2.879188,1.507795,3.094702,3.143167,1.216238,
3.057163,2.87922,1.513465,3.093435,3.141619,1.222679,
3.057745,2.879803,1.517255,3.091914,3.140635,1.227305,
3.058168,2.880336,1.522642,3.090668,3.13958,1.233833,
3.058814,2.881135,1.525551,3.089082,3.138961,1.237732,
3.059377,2.881873,1.528672,3.087799,3.138166,1.241574,
3.059954,2.882443,1.531214,3.086337,3.137149,1.245064,
3.060583,2.883394,1.533364,3.084186,3.136236,1.248386,
3.061205,2.884291,1.53567,3.082212,3.13537,1.251624,
3.061577,2.885018,1.537814,3.080178,3.134286,1.254806,
3.062516,2.886079,1.540142,3.078118,3.133223,1.258328,
3.063201,2.887366,1.544632,3.075327,3.132404,1.26411,
3.063608,2.888202,1.546555,3.072824,3.131361,1.267079,
3.064166,2.889283,1.549327,3.069876,3.1304,1.270985,
3.06474,2.890587,1.552332,3.066816,3.129543,1.275434,
3.065019,2.891575,1.557664,3.063309,3.128454,1.282176,
3.065453,2.892763,1.559977,3.060312,3.127902,1.285562,
3.065922,2.894165,1.562858,3.056564,3.127136,1.290188,
3.066192,2.895295,1.565922,3.052795,3.12626,1.294724,
3.066912,2.896958,1.56989,3.048588,3.125243,1.300994,
3.067552,2.898698,1.573581,3.044652,3.124556,1.306466,
3.068082,2.900306,1.57613,3.040292,3.123301,1.311515,
3.068765,2.902299,1.578959,3.0356,3.121918,1.317227,
3.069418,2.90436,1.57929,3.030677,3.120288,1.320767,
3.069819,2.906255,1.581082,3.02612,3.118708,1.325821,
3.070661,2.90852,1.582024,3.021087,3.116896,1.330356,
3.070904,2.910603,1.580394,3.015615,3.114793,1.332548,
3.070684,2.912283,1.581119,3.010944,3.113238,1.336734,
3.070967,2.914263,1.582045,3.005271,3.110564,1.34195,
3.070853,2.916038,1.581956,2.999599,3.108337,1.345734,
3.070481,2.917702,1.582417,2.994477,3.106321,1.349969,
3.070776,2.919734,1.584767,2.989046,3.103995,1.35643,
3.070348,2.921487,1.582811,2.983221,3.101612,1.35806,
3.069949,2.923129,1.583138,2.977822,3.099308,1.362186,
3.070373,2.925416,1.581279,2.972513,3.096962,1.364215,
3.070064,2.927205,1.580701,2.96718,3.094574,1.367302,
3.069609,2.928894,1.581189,2.961952,3.092237,1.371539,
3.069334,2.930743,1.583534,2.956818,3.089984,1.377607,
3.068777,2.932396,1.582851,2.951747,3.087664,1.380515,
3.067987,2.933943,1.583755,2.946808,3.085383,1.38489,
3.067494,2.935804,1.583557,2.942173,3.083464,1.387748,
3.066834,2.937464,1.583817,2.937033,3.081215,1.391359,
3.066404,2.939071,1.582812,2.932616,3.079024,1.393245,
3.066117,2.941029,1.583605,2.928284,3.07703,1.397098,
3.065563,2.942647,1.582763,2.923831,3.074919,1.398838,
3.065762,2.944534,1.583348,2.919976,3.072953,1.401991,
3.065472,2.946366,1.58376,2.915649,3.070586,1.405379,
3.065077,2.948045,1.582788,2.911364,3.068506,1.406846,
3.065741,2.950086,1.581101,2.907772,3.06638,1.407394,
3.065619,2.951894,1.580887,2.90444,3.064555,1.409418,
3.065213,2.953487,1.579216,2.901226,3.06291,1.409521,
3.065564,2.955276,1.579083,2.898471,3.061429,1.411111,
3.065279,2.95691,1.578203,2.89557,3.059594,1.412111,
3.066762,2.959267,1.575073,2.892886,3.058241,1.409967,
3.066823,2.960968,1.574234,2.890834,3.057118,1.410392,
3.066898,2.962609,1.573261,2.888582,3.055872,1.410614,
3.065764,2.963541,1.57123,2.886266,3.054921,1.40908,
3.066022,2.965099,1.57024,2.884358,3.053973,1.408577,
3.066158,2.966564,1.568969,2.882523,3.052962,1.407687,
3.065122,2.967352,1.566628,2.880846,3.052338,1.405423,
3.06543,2.968637,1.565627,2.87945,3.051784,1.404109,
3.065652,2.969957,1.562832,2.878638,3.051451,1.400691,
3.064848,2.970607,1.559631,2.877767,3.051692,1.396265,
3.065362,2.97181,1.55863,2.877732,3.05211,1.39406,
3.065872,2.97315,1.555413,2.878173,3.053194,1.388926,
3.065431,2.973874,1.552615,2.878532,3.054497,1.384106,
3.066067,2.975025,1.550546,2.879453,3.056133,1.379692,
3.066623,2.976215,1.550238,2.880655,3.058089,1.377055,
3.066605,2.976928,1.548475,2.880878,3.059648,1.37299,
3.067276,2.977789,1.54893,2.883303,3.062955,1.369986,
3.067846,2.978656,1.548749,2.885199,3.065467,1.367047,
3.068326,2.97945,1.54927,2.88766,3.069103,1.363949,
3.068857,2.980174,1.549823,2.890846,3.073038,1.36085,
3.069314,2.980886,1.54936,2.894152,3.076932,1.356794,
3.070326,2.98184,1.548862,2.897104,3.080919,1.352289,
3.07086,2.982389,1.549998,2.900828,3.085068,1.349624,
3.071224,2.982961,1.54974,2.904797,3.088982,1.345908,
3.072023,2.983712,1.54873,2.90785,3.092865,1.340924,
3.072603,2.984233,1.549512,2.911558,3.096649,1.338088,
3.07311,2.984841,1.548897,2.91536,3.09972,1.334723,
3.07425,2.985687,1.548465,2.918925,3.103353,1.330756,
3.07509,2.986429,1.548558,2.922731,3.106271,1.328233,
3.075752,2.986989,1.547616,2.926644,3.109468,1.324337,
3.077401,2.987901,1.5465,2.930782,3.112445,1.320278,
3.078376,2.988355,1.546568,2.935034,3.115251,1.317728,
3.0791,2.988779,1.546765,2.938872,3.117921,1.315553,
3.08091,2.989388,1.547216,2.943053,3.120731,1.312832,
3.082083,2.989952,1.548019,2.947503,3.123849,1.310665,
3.082964,2.990233,1.547774,2.952213,3.127241,1.306911,
3.085218,2.990871,1.548567,2.956989,3.130727,1.303514,
3.08632,2.991142,1.550296,2.961599,3.134562,1.301109,
3.08731,2.991242,1.550425,2.966565,3.13924,1.295997,
3.088282,2.991033,1.552423,2.971348,3.143654,1.29278,
3.089038,2.990959,1.554496,2.976569,3.149207,1.28858,
3.089957,2.990588,1.555372,2.982128,3.155309,1.281978,
3.090807,2.990227,1.561897,2.987457,3.161489,1.281437,
3.091865,2.989588,1.563265,2.993945,3.169602,1.272324,
3.092738,2.989234,1.565801,3.000318,3.177454,1.265517,
3.093474,2.988528,1.572062,3.007153,3.186016,1.261744,
3.094269,2.987693,1.575162,3.015267,3.196551,1.252191,
3.094854,2.986659,1.579047,3.024156,3.208517,1.241954,
3.095598,2.985559,1.585794,3.033937,3.221664,1.233526,
3.096573,2.98438,1.589704,3.045609,3.236832,1.220223,
3.097271,2.983252,1.592572,3.058027,3.253215,1.204728,
3.098067,2.981802,1.598878,3.07005,3.268958,1.19297,
3.098825,2.980238,1.603716,3.08612,3.288892,1.175898,
3.099742,2.978654,1.608185,3.101151,3.307484,1.159502,
3.100915,2.977166,1.614444,3.117624,3.326938,1.144082,
3.102353,2.975859,1.619614,3.135261,3.34655,1.127909,
3.103938,2.974919,1.622593,3.153852,3.36584,1.110795,
3.105669,2.97362,1.627883,3.171756,3.383908,1.097285,
3.107296,2.972447,1.633375,3.191396,3.400398,1.087153,
3.108773,2.970803,1.639136,3.209833,3.41595,1.078776,
3.110157,2.969095,1.645115,3.228404,3.428757,1.075257,
3.110982,2.966704,1.651648,3.244742,3.43865,1.075261,
3.111725,2.964414,1.657888,3.259763,3.44632,1.078825,
3.112233,2.961624,1.665502,3.274212,3.451477,1.087515,
3.11215,2.958587,1.672189,3.285548,3.450987,1.102311,
3.112197,2.955597,1.679436,3.296946,3.452244,1.117065,
3.112179,2.952361,1.687556,3.305324,3.447893,1.138925,
3.111535,2.948887,1.695511,3.310394,3.439167,1.165329,
3.111299,2.945639,1.704151,3.31531,3.430332,1.193686,
3.111133,2.942322,1.713154,3.314349,3.414121,1.226872,
3.110268,2.938689,1.721671,3.310461,3.393794,1.263248,
3.109891,2.935362,1.730938,3.304109,3.371227,1.300504,
3.109656,2.931987,1.741025,3.295402,3.344842,1.340906,
3.108598,2.928128,1.750477,3.284673,3.315431,1.382871,
3.108296,2.924976,1.759483,3.272098,3.284202,1.424741,
3.108017,2.921631,1.767956,3.258331,3.251406,1.466771,
3.106708,2.917949,1.777015,3.241565,3.214209,1.510993,
3.106304,2.914947,1.786053,3.224281,3.177667,1.552839,
3.105917,2.911756,1.795851,3.205295,3.140493,1.594039,
3.104527,2.908031,1.804353,3.185972,3.102166,1.634086,
3.104376,2.905358,1.812588,3.16803,3.06487,1.672989,
3.103958,2.902565,1.821573,3.149222,3.029005,1.709828,
3.102411,2.89907,1.829147,3.133226,2.994421,1.745812,
3.10218,2.896482,1.836358,3.118571,2.961881,1.779158,
3.101475,2.893735,1.844457,3.102616,2.928164,1.81301,
3.09978,2.890247,1.851324,3.087466,2.89546,1.845192,
3.099427,2.887723,1.857778,3.070531,2.86362,1.873105,
3.098328,2.884742,1.864712,3.053611,2.829172,1.902845,
3.09608,2.881287,1.870214,3.044893,2.800292,1.929396,
3.095109,2.878793,1.874612,3.025222,2.766445,1.953525,
3.093866,2.875807,1.881114,3.004304,2.734054,1.97421,
3.091831,2.872607,1.885864,2.981248,2.704607,1.988523,
3.090706,2.870102,1.890434,2.956028,2.677659,1.997563,
3.089545,2.867339,1.895673,2.936544,2.656615,2.005996,
3.087842,2.864428,1.899599,2.919101,2.640872,2.009418,
3.087175,2.862328,1.903341,2.903165,2.625304,2.014207,
3.086266,2.859652,1.909028,2.890909,2.612406,2.020771,
3.084868,2.856886,1.913244,2.879168,2.601887,2.024557,
3.087372,2.856509,1.918434,2.872213,2.592954,2.030822,
3.084906,2.853283,1.922666,2.865034,2.582764,2.039053,
3.084003,2.85073,1.927069,2.859139,2.573236,2.046961,
3.083551,2.848689,1.930446,2.856458,2.567421,2.052505,
3.08174,2.845889,1.933828,2.85474,2.559693,2.061201,
3.081295,2.843821,1.937797,2.851682,2.55098,2.069975,
3.080653,2.841812,1.942758,2.851486,2.546022,2.077846,
3.079305,2.839171,1.945519,2.850995,2.539888,2.084503,
3.078629,2.837009,1.948958,2.850762,2.534436,2.090977,
3.077866,2.835011,1.951023,2.850485,2.53022,2.09533,
3.076726,2.832499,1.954436,2.850056,2.525517,2.101172,
3.076116,2.830377,1.957524,2.850077,2.522299,2.10551,
3.075507,2.828387,1.959362,2.848908,2.518225,2.108912,
3.074483,2.826092,1.962287,2.848622,2.516946,2.111349,
3.074121,2.824055,1.965312,2.847187,2.514608,2.11394,
3.073656,2.822235,1.966761,2.845675,2.513083,2.114406,
3.072906,2.820235,1.968442,2.843348,2.512178,2.114398,
3.072715,2.818438,1.971372,2.842598,2.514269,2.113142,
3.072387,2.816739,1.973067,2.841318,2.513792,2.113163,
3.072188,2.814997,1.975625,2.840887,2.516365,2.111418,
3.072082,2.813183,1.978882,2.839617,2.519194,2.109421,
3.071928,2.811542,1.984477,2.839241,2.522281,2.110202,
3.072064,2.809899,1.987268,2.840145,2.527194,2.106963,
3.07227,2.808316,1.989869,2.840859,2.53162,2.104215,
3.072369,2.806865,1.992882,2.84227,2.536119,2.102393,
3.073273,2.805752,1.995694,2.844966,2.541705,2.099951,
3.073997,2.804439,1.999009,2.849076,2.547914,2.098366,
3.074788,2.803284,2.001325,2.852814,2.553602,2.096324,
3.076533,2.802662,2.003599,2.858447,2.55999,2.094516,
3.077911,2.801544,2.006695,2.865531,2.566135,2.094908,
3.079299,2.800597,2.010223,2.871527,2.571926,2.0955,
3.081316,2.80001,2.012222,2.879125,2.577544,2.096004,
3.083149,2.799297,2.015686,2.886852,2.583325,2.097996,
3.085034,2.798632,2.018187,2.894364,2.586139,2.102077,
3.087592,2.798354,2.022512,2.903594,2.592732,2.105139,
3.089823,2.79785,2.026291,2.911862,2.596105,2.110718,
3.092145,2.797487,2.0294,2.920212,2.598941,2.116074,
3.094983,2.797203,2.033325,2.930207,2.60167,2.123644,
3.097603,2.797053,2.03628,2.939046,2.603615,2.130618,
3.100474,2.797219,2.039916,2.948816,2.604342,2.140146,
3.103533,2.797528,2.043138,2.958658,2.606328,2.147962,
3.106402,2.797896,2.045686,2.967685,2.607951,2.155233,
3.109442,2.798264,2.048779,2.975709,2.608823,2.162349,
3.112811,2.799231,2.050816,2.984635,2.610906,2.168783,
3.116112,2.799979,2.052718,2.992632,2.613062,2.17374,
3.119401,2.800817,2.055108,3.001168,2.616277,2.178833,
3.122816,2.801373,2.055681,3.009726,2.619133,2.18236,
3.126346,2.802247,2.057767,3.017529,2.622494,2.18636,
3.12975,2.803093,2.05864,3.025589,2.626089,2.189539,
3.13281,2.803439,2.059517,3.032713,2.629144,2.192548,
3.135988,2.803952,2.060703,3.040303,2.63341,2.19517,
3.139117,2.804522,2.062796,3.047658,2.637041,2.199328,
3.142359,2.805124,2.063806,3.054883,2.640869,2.20241,
3.14542,2.805557,2.066532,3.06195,2.645403,2.206149,
3.148391,2.805989,2.068932,3.069054,2.650031,2.209588,
3.151073,2.806216,2.071116,3.075739,2.654325,2.21318,
3.153756,2.806576,2.072672,3.082753,2.659184,2.215827,
3.156311,2.807111,2.074603,3.089199,2.663647,2.218836,
3.158685,2.8078,2.07577,3.095962,2.668286,2.221361,
3.161045,2.808634,2.076471,3.102512,2.67331,2.223245,
3.163066,2.809455,2.077211,3.10915,2.678045,2.225427,
3.164896,2.809972,2.078205,3.115034,2.682502,2.227148,
3.166962,2.810935,2.078554,3.121207,2.68753,2.228276,
3.16834,2.812257,2.078263,3.126935,2.692788,2.229241,
3.169673,2.812934,2.078588,3.132832,2.697603,2.23079,
3.17089,2.814134,2.079426,3.138706,2.702901,2.233098,
3.171817,2.81534,2.078254,3.143639,2.70833,2.232947,
3.172977,2.816706,2.077181,3.149112,2.713666,2.233548,
3.173665,2.818134,2.075472,3.153461,2.719558,2.232544,
3.174434,2.819787,2.073539,3.1578,2.724642,2.23225,
3.175089,2.821552,2.070625,3.161306,2.729369,2.230952,
3.175846,2.823717,2.067111,3.16482,2.734505,2.228768,
3.176735,2.826328,2.064316,3.167809,2.739094,2.22733,
3.177679,2.829063,2.059592,3.170366,2.743233,2.22407,
3.178571,2.832089,2.056476,3.172541,2.747675,2.221519,
3.179666,2.83536,2.052833,3.173915,2.75066,2.21916,
3.181154,2.839111,2.049808,3.17615,2.754361,2.217178,
3.182378,2.842828,2.046253,3.177261,2.75769,2.214242,
3.183447,2.846467,2.043091,3.17798,2.759918,2.212249,
3.184711,2.850402,2.040223,3.178362,2.761783,2.210525,
3.185846,2.854212,2.037565,3.179049,2.764021,2.208932,
3.187294,2.858164,2.035031,3.178396,2.763881,2.207973,
3.188619,2.862098,2.031843,3.178282,2.764827,2.206329,
3.189907,2.866004,2.029703,3.177686,2.764863,2.205937,
3.191458,2.869962,2.027641,3.176119,2.763657,2.205458,
3.19303,2.873782,2.025396,3.175181,2.762405,2.205667,
3.194417,2.877584,2.023232,3.174186,2.761794,2.205448,
3.195714,2.88092,2.0209,3.172637,2.759817,2.205615,
3.197182,2.884387,2.018482,3.170977,2.75796,2.20533,
3.198396,2.887784,2.00445,3.169219,2.756102,2.197313,
3.199555,2.891032,2.001654,3.167067,2.754023,2.19705,
3.200581,2.894054,1.999377,3.164714,2.751597,2.196329,
3.201628,2.897328,1.997048,3.162153,2.749564,2.195178,
3.202807,2.900518,1.994668,3.159754,2.747185,2.194136,
3.206084,2.910585,1.989339,3.151237,2.740791,2.190626,
3.20836,2.91748,1.986044,3.144572,2.736562,2.18668,
3.208452,2.917697,1.986172,3.144177,2.737082,2.185658,
3.209582,2.921072,1.985025,3.140656,2.735079,2.183367,
3.210457,2.924486,1.983743,3.137038,2.733375,2.181195,
3.21109,2.927661,1.982414,3.133148,2.73265,2.177593,
3.211872,2.930647,1.981789,3.129446,2.731024,2.175482,
3.212365,2.933719,1.98056,3.125625,2.730202,2.172403,
3.212856,2.936901,1.979378,3.12142,2.729723,2.16884,
3.213153,2.939714,1.978378,3.117349,2.729215,2.16547,
3.213828,2.942975,1.977548,3.112891,2.728926,2.161585,
3.21488,2.946475,1.976749,3.1087,2.72941,2.157098,
3.218281,2.956839,1.975416,3.096545,2.730971,2.14398,
3.221559,2.9644,1.975168,3.089335,2.735163,2.133281,
3.225435,2.972702,1.975477,3.083307,2.742036,2.122561,
3.226075,2.973171,1.976193,3.083273,2.74336,2.121762,
3.228562,2.977733,1.976905,3.080075,2.746862,2.116709,
3.230609,2.98153,1.978249,3.076973,2.750823,2.111811,
3.233104,2.985533,1.979948,3.07393,2.753837,2.107866,
3.236216,2.98978,1.982441,3.070502,2.754326,2.10696,
3.239217,2.994002,1.984854,3.066179,2.752059,2.107548,
3.24808,3.005275,1.992885,3.053842,2.746625,2.108363,
3.255087,3.01202,2.000306,3.045082,2.742531,2.108019,
3.261345,3.017869,2.007769,3.037149,2.740412,2.105151,
3.261796,3.017194,2.008819,3.03757,2.740529,2.10488,
3.264774,3.019578,2.012566,3.034265,2.739715,2.102902,
3.267663,3.021915,2.016473,3.03078,2.739203,2.100829,
3.2704,3.023682,2.020341,3.026735,2.737916,2.098188,
3.27309,3.025414,2.023765,3.022477,2.736418,2.094681,
3.275643,3.027163,2.027309,3.017809,2.73498,2.091305,
3.278024,3.028176,2.030788,3.012103,2.73339,2.085764,
3.280266,3.029258,2.034217,3.007098,2.731994,2.081299,
3.282279,3.03015,2.037423,3.001636,2.730984,2.076163,
3.284291,3.030666,2.040787,2.996104,2.730244,2.070706,
3.285998,3.031009,2.043958,2.990794,2.729787,2.065462,
3.287501,3.031119,2.047075,2.985992,2.72963,2.060416,
3.289149,3.030999,2.05006,2.980597,2.729107,2.054594,
3.290336,3.030539,2.053008,2.975318,2.728771,2.048812,
3.291348,3.030051,2.055811,2.970375,2.728718,2.042955,
3.292093,3.02894,2.058725,2.964658,2.728008,2.036181,
3.292516,3.027717,2.061809,2.959063,2.727488,2.029319,
3.292941,3.026236,2.065049,2.953765,2.72713,2.022915,
3.29262,3.024275,2.06743,2.948061,2.726115,2.015695,
3.292432,3.022418,2.070309,2.942493,2.725413,2.008904,
3.291863,3.020221,2.072932,2.936854,2.72482,2.001873,
3.291233,3.017765,2.075261,2.931499,2.723857,1.995062,
3.290129,3.014822,2.077577,2.926031,2.723003,1.988168,
3.288881,3.011678,2.079819,2.921255,2.722596,1.981677,
3.287144,3.008091,2.081722,2.916502,2.721781,1.975589,
3.285303,3.004216,2.083923,2.911926,2.721032,1.969918,
3.28336,3.000203,2.086151,2.908065,2.720783,1.96479,
3.280509,2.995187,2.08781,2.904253,2.719921,1.960013,
3.277736,2.990203,2.089727,2.900833,2.719315,1.955534,
3.274916,2.985284,2.091489,2.897403,2.718872,1.951073,
3.27099,2.979198,2.092726,2.895029,2.718238,1.947671,
3.267431,2.973306,2.094301,2.892702,2.717707,1.944209,
3.263576,2.967204,2.095678,2.890028,2.71698,1.940792,
3.258948,2.960259,2.096477,2.888684,2.716342,1.938275,
3.254872,2.953791,2.097578,2.886776,2.715863,1.934944,
3.250736,2.947299,2.098815,2.885798,2.71546,1.933007,
3.246332,2.940529,2.099323,2.8854,2.714778,1.93133,
3.241732,2.933856,2.099782,2.885135,2.714356,1.929846,
3.232447,2.919689,2.100736,2.885988,2.712824,1.928774,
3.227835,2.912983,2.101172,2.887581,2.711939,1.930045,
3.223479,2.906894,2.101277,2.888566,2.710855,1.930963,
3.218681,2.900189,2.101536,2.890059,2.709281,1.933195,
3.213962,2.8938,2.101744,2.891995,2.707335,1.936601,
3.209123,2.887774,2.101647,2.893811,2.705301,1.940141,
3.203784,2.881056,2.101389,2.895734,2.701515,1.945755,
3.198924,2.874965,2.101417,2.897451,2.697574,1.951436,
3.193757,2.869428,2.100669,2.898377,2.693284,1.956993,
3.188181,2.862937,2.099783,2.899165,2.687341,1.963809,
3.183162,2.85734,2.098948,2.899402,2.680858,1.970763,
3.178172,2.852233,2.097939,2.898838,2.673957,1.97766,
3.173531,2.847036,2.096655,2.897805,2.664901,1.985567,
3.168767,2.841923,2.095391,2.897125,2.656693,1.993147,
3.164198,2.837211,2.093811,2.894848,2.64593,2.001518,
3.150958,2.822782,2.089016,2.89374,2.616496,2.028773,
3.143025,2.814337,2.084517,2.893281,2.591807,2.051294,
3.13576,2.806284,2.08029,2.896026,2.568104,2.076432,
3.136758,2.807169,2.079846,2.89723,2.566905,2.078224,
3.133115,2.803194,2.07763,2.900676,2.556515,2.091861,
3.129795,2.799563,2.075485,2.90436,2.546039,2.1061,
3.126794,2.796216,2.073263,2.910392,2.537043,2.121162,
3.116437,2.785022,2.066626,2.93125,2.513218,2.167739,
3.109424,2.777926,2.061854,2.950303,2.505024,2.197927,
3.101908,2.771202,2.056621,2.970675,2.505595,2.222103,
3.101361,2.771271,2.0562,2.969312,2.51097,2.215773,
3.097127,2.767927,2.053464,2.973379,2.511643,2.220017,
3.092738,2.764546,2.050028,2.973178,2.514195,2.217315,
3.08801,2.761298,2.046279,2.974917,2.521586,2.213949,
3.074516,2.752573,2.033429,2.937627,2.500402,2.17711,
3.063833,2.746979,2.021577,2.917197,2.498483,2.150486,
3.06335,2.747399,2.020324,2.914105,2.502107,2.144311,
3.057965,2.744767,2.015365,2.908007,2.503234,2.136036,
3.05285,2.742518,2.010466,2.90143,2.506773,2.125963,
3.046793,2.739528,2.004885,2.895071,2.509068,2.116797,
3.04123,2.737159,1.999784,2.888587,2.512217,2.107083,
3.035794,2.735339,1.994498,2.881534,2.514723,2.097179,
3.030354,2.733341,1.989178,2.874275,2.516617,2.086848,
3.024591,2.731316,1.983703,2.866266,2.51952,2.074899,
3.01893,2.729633,1.978091,2.858601,2.52293,2.062756,
3.012656,2.727396,1.971862,2.851016,2.525514,2.050953,
3.00691,2.725767,1.966024,2.84269,2.528932,2.03744,
3.001266,2.724666,1.95997,2.83516,2.532633,2.024966,
2.995644,2.723689,1.953473,2.827803,2.535994,2.012161,
2.989656,2.722613,1.947082,2.820966,2.539994,2.000022,
2.984118,2.72209,1.94078,2.81406,2.544146,1.987661,
2.978031,2.721296,1.934016,2.80753,2.547523,1.976269,
2.972147,2.720801,1.927452,2.801042,2.551258,1.964908,
2.955351,2.720237,1.908434,2.781788,2.560903,1.933045,
2.943307,2.720418,1.895303,2.768828,2.564533,1.9152,
2.943421,2.720811,1.895595,2.76798,2.562439,1.916596,
2.938063,2.72149,1.889493,2.760709,2.563289,1.907821,
2.93271,2.722449,1.883417,2.752557,2.563025,1.899506,
2.927469,2.723438,1.877474,2.744385,2.561693,1.892018,
2.922337,2.72455,1.871442,2.735586,2.560147,1.883942,
2.917759,2.726447,1.865768,2.726616,2.558646,1.8758,
2.912565,2.728188,1.859442,2.717942,2.555556,1.86899,
2.907055,2.729453,1.852945,2.709031,2.552238,1.861734,
2.903133,2.73207,1.847588,2.699213,2.54836,1.854007,
2.898403,2.73418,1.841506,2.690355,2.545019,1.846838,
2.893436,2.735665,1.83593,2.680792,2.541806,1.839112,
2.888784,2.737502,1.830405,2.671499,2.539171,1.831331,
2.874077,2.742327,1.814305,2.643257,2.532857,1.806617,
2.864011,2.745091,1.804209,2.622815,2.53078,1.786988,
2.863806,2.744822,1.804522,2.622861,2.531627,1.786516,
2.858576,2.746206,1.799891,2.613194,2.531062,1.777467,
2.853465,2.747059,1.795497,2.602866,2.531454,1.766355,
2.848521,2.748171,1.791136,2.593207,2.531601,1.756145,
2.843139,2.749108,1.786616,2.583495,2.531983,1.746068,
2.838086,2.750182,1.782028,2.572796,2.533148,1.733656,
2.833398,2.751716,1.777671,2.56311,2.534655,1.722396,
2.82887,2.753156,1.773638,2.553396,2.536106,1.711199,
2.823616,2.754746,1.76865,2.543406,2.538879,1.69884,
2.818643,2.756638,1.764082,2.534107,2.541289,1.688031,
2.812948,2.758032,1.759084,2.524147,2.544175,1.676089,
2.807369,2.760044,1.754246,2.513368,2.547004,1.663845,
2.802138,2.762356,1.749739,2.503327,2.550003,1.652603,
2.795796,2.763668,1.744502,2.493459,2.553282,1.641689,
2.790417,2.766205,1.739974,2.484481,2.556808,1.632614,
2.784975,2.768723,1.735196,2.476197,2.560766,1.623927,
,,,,

2.778988,2.77109,1.729929,2.468143,2.564806,1.61594,
2.773873,2.77406,1.725468,2.460811,2.568905,1.609091,
2.768476,2.776921,1.723526,2.446514,2.578125,1.594448,
2.757278,2.782597,1.7095,2.439696,2.582784,1.58719,
2.746245,2.788751,1.697552,2.426273,2.592349,1.571348,
2.735843,2.795395,1.686291,2.412931,2.601786,1.555798,
2.718937,2.80476,1.664606,2.394954,2.618284,1.529618,
2.707153,2.81058,1.648859,2.383529,2.630694,1.512791,
2.695991,2.816518,1.634544,2.371448,2.644202,1.496635,
2.694835,2.81542,1.633484,2.371768,2.645571,1.496616,
2.689449,2.81851,1.626658,2.366191,2.65289,1.489078,
2.677885,2.824819,1.611645,2.354434,2.667703,1.472846,
2.672422,2.828703,1.60422,2.349109,2.676025,1.464693,
2.666721,2.832872,1.596507,2.343876,2.684171,1.456678,
2.644243,2.85161,1.564509,2.324091,2.718103,1.422439,
2.630148,2.85872,1.546111,2.314674,2.737545,1.405383,
2.619322,2.868642,1.530286,2.305278,2.757176,1.388888,
2.604537,2.882264,1.510178,2.292869,2.785861,1.368021,
2.604411,2.881791,1.510347,2.293703,2.786586,1.368906,
2.599787,2.886756,1.50426,2.278941,2.785131,1.353168,
2.594797,2.891081,1.498139,2.282997,2.799811,1.356659,
2.584847,2.898988,1.486838,2.275393,2.817362,1.34721,
2.579869,2.902973,1.481172,2.272179,2.827046,1.342734,
2.575146,2.907099,1.475967,2.269999,2.836241,1.340213,
2.566064,2.915756,1.465774,2.267576,2.856032,1.336205,
2.556808,2.923736,1.456447,2.269226,2.876454,1.337488,
2.546786,2.930161,1.447362,2.272235,2.896846,1.34167,
2.537121,2.936222,1.439684,2.277649,2.915588,1.351563,
2.537057,2.935337,1.440195,2.27903,2.915191,1.354359,
2.53245,2.938319,1.438445,2.284567,2.933293,1.36669,
2.52335,2.943859,1.432039,2.287323,2.942592,1.373426,
2.519252,2.947112,1.43018,2.289971,2.951628,1.380553,
2.514919,2.949934,1.428309,2.292543,2.96053,1.387699,
2.498647,2.961,1.424185,2.302283,2.995198,1.418848,
2.492033,2.966281,1.42486,2.306949,3.011454,1.435944,
2.488888,2.968449,1.425711,2.309783,3.01918,1.445591,
2.482052,2.975493,1.430241,2.3189,3.041205,1.475773,
2.478579,2.980966,1.433479,2.325739,3.054468,1.497218,
2.47476,2.985361,1.436512,2.333432,3.066201,1.52003,
2.472194,2.990308,1.440681,2.340752,3.07683,1.5422,
2.469749,2.994372,1.444248,2.347455,3.085283,1.562487,
2.469897,2.993903,1.443293,2.347331,3.084282,1.561317,
2.468414,2.995525,1.443749,2.351136,3.08828,1.57018,
2.466724,2.996954,1.443737,2.356349,3.091175,1.57766,
2.465331,2.998604,1.443671,2.361564,3.094938,1.58461,
2.463819,3.000059,1.443554,2.365251,3.097246,1.589032,
2.462148,3.001076,1.443374,2.368962,3.097122,1.595206,
2.458416,3.001965,1.440908,2.370119,3.095871,1.597993,
2.456406,3.001895,1.439537,2.372449,3.093529,1.600347,
2.450015,3.001216,1.435293,2.379111,3.085047,1.606788,
2.444653,2.998474,1.429347,2.37981,3.075955,1.605138,
2.444583,2.997245,1.427775,2.375564,3.072731,1.598404,
2.442643,2.996361,1.424873,2.372734,3.066953,1.593297,
2.43837,2.99349,1.416989,2.364077,3.053512,1.578971,
2.43629,2.991831,1.412498,2.356501,3.043204,1.567194,
2.434136,2.990121,1.407587,2.337827,3.013518,1.536512,
2.426824,2.984774,1.388347,2.320123,2.986784,1.505374,
2.423613,2.981212,1.377946,2.303158,2.959978,1.4742,
2.421771,2.978781,1.37287,2.29358,2.946082,1.456878,
2.416417,2.970249,1.357383,2.264011,2.901695,1.404314,
2.414596,2.96644,1.35233,2.252996,2.885362,1.385962,
2.409105,2.952626,1.337294,2.217962,2.833522,1.327035,
2.405544,2.941801,1.327804,2.198186,2.801578,1.289492,
2.40232,2.929541,1.319414,2.181883,2.771244,1.254232,
2.40229,2.927163,1.319203,2.182848,2.771972,1.254856,
2.401047,2.920973,1.315461,2.175203,2.757478,1.237925,
2.399963,2.913903,1.313126,2.159476,2.728502,1.204417,
2.398793,2.898926,1.306755,2.151088,2.714009,1.187321,
2.398445,2.891225,1.304516,2.14221,2.698611,1.169654,
2.398436,2.88287,1.303954,2.124231,2.66816,1.13493,
2.39915,2.850461,1.298389,2.100102,2.623492,1.086584,
2.3999,2.833225,1.297724,2.082572,2.592648,1.054473,
2.400406,2.824981,1.29773,2.074786,2.577445,1.039479,
2.40045,2.799826,1.296353,2.052445,2.529749,0.9947629,
2.399234,2.783144,1.293352,2.040443,2.496749,0.9668879,
2.397177,2.765939,1.288739,2.033917,2.46534,0.9444043,
2.39636,2.765224,1.287118,2.035152,2.465438,0.9446627,
2.395041,2.755954,1.284146,2.034584,2.451252,0.9361852,
2.393392,2.746743,1.280472,2.036448,2.437629,0.9301437,
2.391829,2.737337,1.276951,2.038228,2.424619,0.9245579,
2.389994,2.727675,1.2729,2.041603,2.41258,0.9208894,
2.387682,2.718162,1.268561,2.046353,2.400981,0.9196953,
2.385375,2.709184,1.26463,2.051769,2.390397,0.9198584,
2.382509,2.700363,1.260081,2.057716,2.380131,0.9210966,
2.379515,2.691951,1.255411,2.065876,2.371392,0.925161,
2.376611,2.684038,1.25062,2.074661,2.363359,0.9298792,
2.373668,2.676124,1.245666,2.083993,2.355862,0.9350643,
2.3705,2.668233,1.239952,2.093844,2.349255,0.94066,
2.367246,2.660594,1.2338,2.104347,2.34484,0.9468646,
2.363564,2.652828,1.227055,2.114008,2.33948,0.9519877,
2.359926,2.645264,1.219016,2.122385,2.333445,0.9542105,
2.358214,2.640115,1.213712,2.129617,2.327236,0.9560004,
2.354409,2.632518,1.204883,2.137386,2.320832,0.9571926,
2.35094,2.625689,1.197148,2.144528,2.314344,0.9586089,
2.348329,2.618546,1.190147,2.149104,2.307214,0.9577516,
2.344838,2.611517,1.182848,2.1548,2.300828,0.9586163,
2.341643,2.604499,1.176178,2.156121,2.293098,0.9556239,
2.338632,2.597337,1.17,2.159177,2.286142,0.954758,
2.335297,2.591052,1.165,2.159533,2.27921,0.9528369,
2.332505,2.585232,1.160708,2.157476,2.271007,0.9484344,
2.329487,2.579211,1.15591,2.152912,2.262844,0.9411442,
2.326156,2.573562,1.151708,2.146761,2.253562,0.9328614,
2.322973,2.568112,1.147043,2.13262,2.241739,0.9158658,
2.319596,2.562213,1.142397,2.113066,2.228585,0.8936806,
2.315887,2.556525,1.137323,2.083827,2.21066,0.8614162,
2.312592,2.551134,1.132444,2.043443,2.186127,0.8175256,
2.309348,2.545647,1.127193,1.999882,2.15555,0.769533,
2.305584,2.540351,1.121604,1.958904,2.122311,0.7237328,
2.30221,2.535128,1.115964,1.912604,2.083775,0.6717704,
2.299484,2.530341,1.111015,1.862612,2.03645,0.6157446,
2.297056,2.52612,1.106475,1.818015,2.009282,0.56668,
2.295091,2.522329,1.102175,1.777961,1.992426,0.522325,
2.293005,2.518966,1.098831,1.744432,1.993828,0.4863703,
2.290936,2.515437,1.095257,1.731037,1.991378,0.4701132,
2.288842,2.512977,1.092362,1.725115,1.990505,0.4617744,
2.286394,2.510886,1.09047,1.730933,2.002312,0.4679883,
2.283518,2.509352,1.088269,1.729316,2.006689,0.4666292,
2.281,2.508508,1.088096,1.730405,2.008543,0.4691525,
2.278657,2.508336,1.088886,1.740359,2.003989,0.4796694,
2.276186,2.508137,1.090732,1.757184,1.997043,0.4976159,
2.273953,2.508005,1.092703,1.773946,1.995711,0.5163767,
2.271257,2.507639,1.095453,1.778778,1.997744,0.5256074,
2.268879,2.507488,1.098065,1.782265,2.000551,0.5332226,
2.266574,2.507566,1.09957,1.783833,2.006941,0.5392578,
2.264417,2.50773,1.1006,1.788096,2.016009,0.5481082,
2.262338,2.507961,1.101025,1.794833,2.025135,0.5594593,
2.260746,2.508208,1.101954,1.800307,2.033826,0.5702949,
2.258863,2.508722,1.102215,1.810062,2.040153,0.5847967,
2.257117,2.509281,1.102757,1.820066,2.04537,0.6003073,
2.25537,2.509937,1.103325,1.830646,2.049162,0.616155,
2.253667,2.510557,1.104004,1.843304,2.053638,0.6352167,
2.251853,2.511244,1.104974,1.855761,2.060229,0.6544822,
2.250243,2.511719,1.10614,1.867733,2.067086,0.6742383,
2.248386,2.512249,1.107813,1.879091,2.075231,0.6946784,
2.246624,2.512741,1.1097,1.889456,2.085013,0.7145488,
2.244679,2.513263,1.112057,1.899191,2.096096,0.73526,
2.24299,2.513841,1.115316,1.908868,2.106575,0.7560065,
2.241466,2.514365,1.119314,1.919095,2.118755,0.7780799,
2.239893,2.515135,1.123482,1.931042,2.131934,0.8014424,
2.238446,2.515573,1.128897,1.941741,2.144168,0.8236841,
2.237118,2.515928,1.135425,1.953058,2.157174,0.8470549,
2.235734,2.516319,1.141268,1.96555,2.171078,0.8711342,
2.234381,2.516567,1.148033,1.975123,2.18414,0.8922709,
2.233136,2.516789,1.154841,1.985988,2.198388,0.9151451,
2.231812,2.516927,1.161427,1.99662,2.214149,0.9376648,
2.230521,2.517218,1.169008,2.005964,2.228958,0.9594398,
2.229435,2.517539,1.176468,2.016076,2.244408,0.9823539,
2.228147,2.517792,1.184504,2.025278,2.259103,1.004604,
2.22723,2.518223,1.192993,2.034979,2.273479,1.027385,
2.226487,2.518676,1.202637,2.0432,2.285983,1.049241,
2.225569,2.519123,1.212765,2.050891,2.297896,1.071188,
2.224836,2.519511,1.223558,2.057067,2.308474,1.091945,
2.224086,2.519965,1.234631,2.062798,2.318208,1.112649,
2.223301,2.520526,1.245845,2.067618,2.327428,1.132568,
2.222623,2.521044,1.256957,2.071253,2.336038,1.150962,
2.221955,2.521652,1.267846,2.074512,2.34396,1.168816,
2.221245,2.522549,1.278016,2.069775,2.332839,1.170578,
2.220572,2.52334,1.287578,2.066387,2.321275,1.171506,
2.219873,2.524253,1.296208,2.066025,2.315283,1.175634,
2.219355,2.525282,1.30549,2.064992,2.311049,1.180851,
2.218557,2.526316,1.311319,2.060543,2.308305,1.181618,
2.217881,2.527539,1.318602,2.05718,2.30756,1.185724,
2.217265,2.528969,1.325749,2.054436,2.311155,1.192737,
2.216774,2.530398,1.332112,2.051955,2.313197,1.198911,
2.216356,2.532086,1.33902,2.048018,2.315034,1.20432,
2.215763,2.533659,1.346006,2.044739,2.316342,1.210062,
2.21557,2.535535,1.353207,2.04137,2.318591,1.215869,
2.215462,2.537748,1.358712,2.038342,2.321155,1.220509,
2.215087,2.539789,1.363851,2.034682,2.323761,1.224352,
2.214985,2.542159,1.369519,2.031078,2.327418,1.228668,
2.214818,2.544527,1.374164,2.027733,2.330553,1.232197,
2.214563,2.547031,1.379243,2.024033,2.334607,1.23619,
2.214189,2.549436,1.384172,2.020411,2.338877,1.240333,
2.213842,2.552185,1.389567,2.016165,2.342664,1.244038,
2.213576,2.554797,1.395872,2.012366,2.346571,1.249225,
2.213322,2.557461,1.402238,2.008505,2.351285,1.254521,
2.213228,2.560353,1.408941,2.004225,2.354874,1.258977,
2.213133,2.563369,1.41529,2.00038,2.358657,1.263443,
2.212892,2.566166,1.42141,1.996267,2.362645,1.267633,
2.212484,2.569162,1.427211,1.992209,2.366706,1.271619,
2.212173,2.57201,1.432876,1.988383,2.371183,1.276026,
2.211874,2.574842,1.438723,1.984586,2.375045,1.28019,
2.211371,2.577852,1.443879,1.980612,2.379732,1.284105,
2.210972,2.580745,1.44962,1.977074,2.384668,1.289115,
2.210415,2.583513,1.4553,1.973571,2.389103,1.293856,
2.209918,2.586372,1.460923,1.970303,2.394381,1.299084,
2.209524,2.589485,1.467024,1.967373,2.399804,1.304808,
2.208953,2.592303,1.473378,1.96463,2.405364,1.311174,
2.208404,2.59518,1.479746,1.96244,2.411382,1.318103,
2.208287,2.598922,1.486648,1.960624,2.417742,1.325351,
2.207511,2.601583,1.492944,1.959172,2.424266,1.333213,
2.207211,2.604476,1.499239,1.958114,2.430853,1.341032,
2.206322,2.607376,1.505118,1.956768,2.437405,1.348534,
2.205084,2.609552,1.510219,1.956182,2.444109,1.356602,
2.204231,2.61222,1.515661,1.955803,2.450869,1.364667,
2.203646,2.615013,1.521396,1.95583,2.457531,1.373001,
2.203125,2.617698,1.52773,1.955992,2.464281,1.38204,
2.202432,2.620497,1.533936,1.956198,2.470813,1.391001,
2.201802,2.623214,1.540583,1.956925,2.477338,1.400564,
2.201062,2.625829,1.547503,1.957843,2.483736,1.410546,
2.199885,2.628074,1.553789,1.958996,2.489723,1.420355,
2.19924,2.63043,1.561141,1.960312,2.495684,1.430984,
2.198462,2.632683,1.567468,1.961812,2.501338,1.440683,
2.197734,2.63469,1.573214,1.963342,2.506694,1.449803,
2.196896,2.636684,1.579438,1.964892,2.511717,1.459345,
2.196033,2.638527,1.585794,1.966478,2.516487,1.468874,
2.195113,2.640194,1.591911,1.967972,2.52099,1.478212,
2.194295,2.641743,1.598005,1.969338,2.52503,1.487097,
2.193547,2.643381,1.604561,1.970724,2.529176,1.496367,
2.192637,2.644837,1.611002,1.971992,2.533001,1.505555,
2.192044,2.646484,1.617961,1.973356,2.536565,1.514814,
2.191541,2.64813,1.62521,1.974684,2.540061,1.524168,
2.191065,2.649662,1.632698,1.975854,2.543238,1.53356,
2.190794,2.651341,1.640727,1.977031,2.546171,1.54311,
2.190689,2.653026,1.648875,1.97831,2.549011,1.552626,
2.190996,2.654886,1.657551,1.97914,2.551357,1.561851,
2.190911,2.656805,1.666083,1.979971,2.553795,1.571131,
2.191028,2.658673,1.674277,1.980521,2.556007,1.579779,
2.191648,2.661057,1.683453,1.980958,2.557983,1.588716,
2.191863,2.663289,1.691565,1.9811,2.559969,1.596748,
2.192332,2.665415,1.700148,1.981491,2.561941,1.605348,
2.192516,2.667375,1.708202,1.98185,2.563839,1.613984,
2.192808,2.669247,1.715733,1.98233,2.565877,1.6221,
2.19333,2.671148,1.722243,1.983102,2.568185,1.629628,
2.193359,2.672657,1.728364,1.983667,2.570447,1.637327,
2.193719,2.674278,1.733858,1.984266,2.573037,1.644396,
2.194079,2.676162,1.740108,1.984941,2.575677,1.652196,
2.194256,2.677595,1.74602,1.987289,2.578036,1.660624,
2.194737,2.679211,1.752707,1.987934,2.581227,1.669318,
2.195333,2.68084,1.758588,1.987962,2.584905,1.677006,
2.195926,2.682565,1.76488,1.988477,2.588099,1.685118,
2.196478,2.684242,1.770347,1.988962,2.591399,1.692507,
2.196922,2.685972,1.77495,1.989988,2.595485,1.699956,
2.196898,2.687852,1.779215,1.990203,2.598817,1.706479,
2.196849,2.689815,1.783097,1.99048,2.602401,1.712761,
2.19678,2.691891,1.78659,1.991136,2.606373,1.719123,
2.196794,2.694238,1.790533,1.991404,2.609873,1.725387,
2.196853,2.696488,1.794142,1.992081,2.614178,1.73191,
2.197128,2.6987,1.798976,1.990802,2.61642,1.736782,
2.197278,2.701314,1.803522,1.990499,2.620223,1.742929,
2.197661,2.703866,1.808767,1.990248,2.623898,1.749431,
2.197923,2.706567,1.813607,1.989916,2.628183,1.755807,
2.1981,2.709169,1.818523,1.988965,2.632188,1.761896,
2.198025,2.711969,1.821758,1.987911,2.636399,1.76628,
2.197711,2.714919,1.825452,1.986863,2.640889,1.771263,
2.197751,2.718119,1.828696,1.985779,2.645294,1.775507,
2.19718,2.721082,1.832245,1.984862,2.650084,1.780446,
2.196611,2.724048,1.835328,1.983298,2.654978,1.784627,
2.195881,2.727409,1.837623,1.981456,2.660235,1.78815,
2.195094,2.73067,1.84104,1.979896,2.665491,1.792806,
2.19413,2.734276,1.844481,1.977133,2.67037,1.796399,
2.19315,2.737754,1.847613,1.974573,2.675172,1.80005,
2.191744,2.741453,1.851143,1.97197,2.680453,1.80438,
2.190217,2.745471,1.854906,1.969386,2.685652,1.808797,
2.188684,2.749712,1.858453,1.966634,2.690949,1.812946,
2.186687,2.753675,1.86207,1.963933,2.696276,1.817453,
2.184525,2.757804,1.865855,1.9609,2.702062,1.822312,
2.181815,2.761754,1.868039,1.957586,2.707975,1.826207,
2.179368,2.765873,1.871346,1.954666,2.714623,1.831397,
2.176881,2.770303,1.874836,1.95137,2.72112,1.836325,
2.174058,2.774916,1.877595,1.94823,2.727512,1.840893,
2.170894,2.77964,1.881251,1.945024,2.734332,1.846443,
2.167641,2.784377,1.885001,1.94101,2.740465,1.851028,
2.163399,2.788339,1.887221,1.937547,2.747814,1.856824,
2.159765,2.792608,1.891052,1.933888,2.754535,1.862761,
2.156193,2.79674,1.895243,1.93139,2.76332,1.871425,
2.152681,2.801068,1.899727,1.927907,2.771276,1.87887,
2.148579,2.804547,1.903772,1.923573,2.778532,1.886069,
2.144778,2.807958,1.90874,1.920337,2.787111,1.895497,
2.14036,2.810858,1.912451,1.916452,2.79551,1.903972,
2.136106,2.813745,1.916068,1.913029,2.80392,1.912741,
2.132007,2.816465,1.920441,1.910195,2.812912,1.922807,
2.12856,2.81953,1.92467,1.907354,2.822632,1.932875,
2.124952,2.82208,1.928324,1.905567,2.831877,1.942907,
2.121613,2.824489,1.932194,1.903704,2.841261,1.95302,
2.117611,2.826616,1.935785,1.901791,2.850874,1.963712,
2.113708,2.828213,1.9385,1.900374,2.859836,1.973638,
2.110217,2.829984,1.942508,1.898937,2.868873,1.984529,
2.107018,2.832242,1.946069,1.897318,2.877163,1.99395,
2.103717,2.834384,1.950261,1.896764,2.885727,2.004737,
2.100598,2.836512,1.954492,1.896557,2.894027,2.015416,
2.098929,2.839642,1.958565,1.897062,2.901997,2.024968,
2.095768,2.84116,1.961453,1.897889,2.909781,2.03503,
2.092811,2.842479,1.963927,1.898707,2.917445,2.04476,
2.090994,2.844524,1.966149,1.900185,2.92431,2.053235,
2.088328,2.84546,1.967643,1.902336,2.930645,2.061713,
2.085854,2.846265,1.969203,1.905224,2.936449,2.069829,
2.084533,2.847837,1.971322,1.908969,2.941247,2.077151,
2.081966,2.848325,1.972725,1.913368,2.945497,2.084551,
2.079532,2.848833,1.974356,1.918867,2.949036,2.091878,
2.077829,2.84976,1.976209,1.923094,2.952352,2.098572,
2.075672,2.849935,1.977585,1.927597,2.954563,2.104569,
2.073534,2.849643,1.977454,1.931118,2.955586,2.108448,
2.072155,2.849741,1.978112,1.934266,2.956063,2.11183,
2.070347,2.849086,1.977505,1.937586,2.95721,2.115172,
2.069064,2.848657,1.976639,1.940365,2.957246,2.116928,
2.068656,2.848641,1.976061,1.94422,2.955736,2.117231,
2.06734,2.847926,1.974486,1.948731,2.955333,2.118621,
2.066106,2.847464,1.972784,1.954304,2.953203,2.118,
2.065121,2.84668,1.970685,1.959251,2.95144,2.117628,
2.0637,2.845446,1.967867,1.964254,2.948439,2.115611,
2.06245,2.84433,1.964932,1.967231,2.943897,2.111093,
2.061446,2.843133,1.961812,1.968673,2.938118,2.104973,
2.060511,2.841633,1.958497,1.970155,2.931613,2.098316,
2.059666,2.84016,1.95481,1.969692,2.922807,2.088522,
2.059067,2.83873,1.95058,1.968549,2.913582,2.077714,
2.058312,2.837043,1.946014,1.967065,2.903191,2.065545,
2.057494,2.835668,1.941692,1.965647,2.893368,2.053592,
2.057013,2.834169,1.937037,1.963073,2.881896,2.039487,
2.056381,2.832124,1.931377,1.960381,2.869797,2.024089,
2.055816,2.830032,1.926017,1.956465,2.856817,2.007762,
2.055903,2.828645,1.921864,1.952837,2.843632,1.991734,
2.055597,2.826002,1.915184,1.948851,2.830163,1.974243,
2.05547,2.823267,1.909034,1.945395,2.816765,1.957238,
2.055871,2.821355,1.903923,1.941953,2.802039,1.939322,
2.056146,2.81873,1.897881,1.937993,2.787235,1.920903,
2.056777,2.816416,1.891847,1.93458,2.772676,1.902477,
2.058279,2.814588,1.886328,1.930799,2.758076,1.883719,
2.059477,2.812194,1.879834,1.926657,2.743254,1.864112,
2.061295,2.810086,1.874138,1.922694,2.727624,1.844203,
2.063219,2.807548,1.867747,1.91852,2.712126,1.823909,
2.065753,2.805641,1.862039,1.914131,2.696957,1.80363,
2.068368,2.803578,1.856279,1.910256,2.681681,1.783417,
2.071875,2.802004,1.851628,1.905992,2.666452,1.763586,
2.075729,2.800417,1.846811,1.902918,2.651968,1.744323,
2.079614,2.798545,1.841877,1.899618,2.637587,1.725111,
2.084962,2.797841,1.837721,1.895685,2.623038,1.70504,
2.089697,2.796093,1.832392,1.892626,2.609161,1.685428,
2.094702,2.794081,1.828125,1.889826,2.595995,1.667381,
2.101094,2.793598,1.825084,1.886525,2.583125,1.649095,
2.106045,2.791447,1.81951,1.884015,2.570486,1.63038,
2.110751,2.788526,1.813573,1.881142,2.558472,1.612492,
2.116809,2.787321,1.809772,1.878451,2.546562,1.594941,
2.121606,2.784659,1.803334,1.876011,2.534724,1.576621,
2.12729,2.782594,1.798629,1.872894,2.523935,1.559837,
2.131952,2.779392,1.792217,1.8704,2.513074,1.542784,
2.136515,2.775722,1.784654,1.867859,2.502311,1.524994,
2.139849,2.770441,1.776028,1.865069,2.491758,1.508014,
2.145696,2.768796,1.770809,1.862451,2.481047,1.490618,
2.149414,2.764218,1.762124,1.859403,2.470643,1.473106,
2.151418,2.757489,1.752335,1.856066,2.460131,1.456661,
2.154425,2.752475,1.743935,1.852609,2.449319,1.439688,
2.156938,2.747156,1.734795,1.849568,2.438738,1.422848,
2.158659,2.74067,1.726023,1.846533,2.428059,1.407543,
2.160872,2.735084,1.718043,1.843214,2.41705,1.391931,
2.162886,2.729177,1.708223,1.840333,2.406299,1.375664,
2.163753,2.72206,1.698292,1.837856,2.39568,1.360504,
2.164359,2.715126,1.68879,1.835562,2.385273,1.346187,
2.165634,2.708839,1.679369,1.833841,2.375122,1.331566,
2.16477,2.700638,1.668721,1.832924,2.36557,1.318462,
2.16454,2.693416,1.658817,1.83224,2.355969,1.30507,
2.164971,2.686911,1.649361,1.832522,2.347058,1.292316,
2.16278,2.677557,1.637201,1.832896,2.337768,1.279505,
2.162201,2.670539,1.627943,1.834083,2.329662,1.268645,
2.159808,2.662697,1.617141,1.836042,2.321832,1.257699,
2.15938,2.656082,1.608589,1.837946,2.313311,1.246842,
2.158026,2.648468,1.598563,1.840262,2.306068,1.237007,
2.157476,2.642265,1.58991,1.843114,2.299394,1.227857,
2.156345,2.635846,1.581571,1.845902,2.292624,1.219161,
2.154254,2.627803,1.571593,1.849021,2.286929,1.211666,
2.153105,2.621385,1.563312,1.852161,2.28171,1.204932,
2.151664,2.615139,1.554965,1.855552,2.277112,1.198646,
2.149484,2.607747,1.546231,1.858609,2.273119,1.193841,
2.147971,2.601251,1.537732,1.863976,2.271774,1.191394,
2.145967,2.594548,1.529293,1.867514,2.269637,1.188447,
2.143474,2.587324,1.520141,1.869698,2.267163,1.184675,
2.141316,2.580775,1.51067,1.872138,2.265485,1.180864,
2.139137,2.574276,1.501914,1.874457,2.263636,1.177443,
2.136639,2.56729,1.492414,1.875546,2.262962,1.174819,
2.133948,2.56052,1.482798,1.877385,2.2619,1.171529,
2.131732,2.554233,1.47424,1.87824,2.26145,1.169154,
2.129048,2.547782,1.465422,1.87927,2.260782,1.166557,
2.126061,2.54111,1.456554,1.879726,2.259883,1.163593,
2.123173,2.534712,1.448597,1.880229,2.258496,1.160752,
2.120324,2.528173,1.440501,1.880021,2.255572,1.156139,
2.117386,2.521649,1.432587,1.880274,2.252733,1.151643,
2.114166,2.515244,1.424911,1.880192,2.249039,1.146458,
2.111249,2.508822,1.417001,1.879101,2.242299,1.137837,
2.108408,2.502515,1.409228,1.878551,2.236291,1.129933,
2.105345,2.496219,1.40176,1.877426,2.22826,1.120304,
2.102308,2.489981,1.394458,1.876527,2.219064,1.109511,
2.099163,2.483597,1.386847,1.875805,2.209266,1.097825,
2.096434,2.477664,1.379988,1.875394,2.199211,1.086215,
2.093282,2.471777,1.373153,1.876743,2.188017,1.073416,
2.090052,2.465827,1.366327,1.877463,2.175705,1.059456,
2.087097,2.460157,1.359387,1.878802,2.163727,1.045688,
2.083755,2.454417,1.352835,1.881402,2.151013,1.031653,
2.080102,2.448506,1.346273,1.88285,2.139114,1.018533,
2.07642,2.442708,1.339867,1.884668,2.127534,1.005886,
2.072737,2.436984,1.333372,1.886419,2.116655,0.9937682,
2.068742,2.431203,1.327108,1.888209,2.107019,0.9830741,
2.064795,2.42545,1.321032,1.889794,2.097813,0.9730631,
2.060696,2.419859,1.315078,1.891374,2.089094,0.9634683,
2.05631,2.414035,1.308945,1.892746,2.081505,0.9550231,
2.05176,2.408133,1.303018,1.894189,2.073788,0.9469323,
2.047116,2.402668,1.297724,1.895728,2.066438,0.9394873,
2.042515,2.396982,1.291307,1.897537,2.058228,0.9303383,
2.037637,2.391205,1.286459,1.89944,2.050196,0.9231672,
2.032718,2.38536,1.281728,1.901307,2.041782,0.9157999,
2.027782,2.379534,1.277243,1.903791,2.033324,0.9086539,
2.022948,2.374021,1.272989,1.906741,2.025144,0.9018244,
2.017589,2.368132,1.269332,1.910787,2.016892,0.8960035,
2.012395,2.362269,1.265239,1.91594,2.009144,0.8902225,
2.007099,2.356678,1.261951,1.921446,2.001851,0.8856005,
2.002427,2.351115,1.259273,1.927954,1.995102,0.8821205,
1.997737,2.345616,1.256392,1.93694,1.989371,0.8795676,
1.993213,2.340329,1.253857,1.947828,1.9836,0.8774223,
1.988605,2.334912,1.251108,1.957664,1.978234,0.8755434,
1.984225,2.329511,1.247811,1.96812,1.973012,0.8732423,
1.979614,2.324172,1.244666,1.977666,1.966653,0.8700889,
1.975191,2.319029,1.242066,1.985266,1.958853,0.8657768,
1.970873,2.313556,1.2384,1.993129,1.951531,0.8611243,
1.966747,2.308307,1.235801,2.000036,1.939417,0.8525058,
1.9626,2.303328,1.233494,2.006581,1.926725,0.8434108,
1.958855,2.298096,1.230454,2.014757,1.911075,0.8306924,
1.95508,2.293406,1.228448,2.024421,1.891857,0.8149397,
1.951803,2.288741,1.226603,2.033355,1.868624,0.7950317,
1.948925,2.283926,1.223537,2.044232,1.845381,0.7738461,
1.946571,2.279513,1.221543,2.05797,1.816408,0.746628,
1.943975,2.274642,1.218352,2.072612,1.788183,0.718515,
1.941377,2.269442,1.213556,2.089027,1.760685,0.6889011,
1.938893,2.264775,1.209991,2.103604,1.732884,0.6596517,
1.936367,2.260357,1.206384,2.114586,1.704407,0.6280118,
1.933475,2.255594,1.201955,2.123496,1.678691,0.5976311,
1.930618,2.250741,1.198547,2.125894,1.65375,0.5675707,
1.927867,2.245986,1.195413,2.119859,1.634333,0.5414526,
1.925202,2.241083,1.191712,2.118108,1.621565,0.522269,
1.922762,2.23603,1.188594,2.107431,1.622469,0.517733,
1.919762,2.230539,1.185845,2.094186,1.62957,0.5213765,
1.916723,2.224642,1.18233,2.079685,1.640277,0.5288672,
1.913208,2.218718,1.178811,2.067645,1.651307,0.5380914,
1.909351,2.213043,1.175694,2.064093,1.6568,0.5428259,
1.905256,2.20745,1.172226,2.062715,1.659693,0.543878,
1.90082,2.202145,1.169955,2.071127,1.665413,0.5498402,
1.896581,2.196895,1.167544,2.070152,1.667716,0.5522127,
1.892112,2.191445,1.164612,2.062612,1.670874,0.5555776,
1.887867,2.185949,1.162056,2.056208,1.678896,0.5638343,
1.883602,2.180129,1.159185,2.052485,1.688851,0.5734898,
1.879372,2.173883,1.155903,2.041303,1.694982,0.579435,
1.875163,2.16771,1.152791,2.028958,1.701394,0.586593,
1.870943,2.16149,1.149655,2.015652,1.704892,0.5915079,
1.866427,2.15535,1.147109,2.006901,1.711225,0.5992188,
1.861795,2.149302,1.144652,1.996365,1.716299,0.6070117,
1.857452,2.143122,1.141753,1.984246,1.720083,0.6132969,
1.853111,2.137152,1.139114,1.973449,1.724111,0.6196745,
1.848774,2.131329,1.136416,1.961406,1.726884,0.6252843,
1.844552,2.125564,1.133994,1.949122,1.729538,0.6314102,
1.840419,2.119851,1.13192,1.936659,1.73156,0.6371241,
1.836621,2.114006,1.12992,1.923837,1.73285,0.6428161,
1.832534,2.107729,1.127654,1.911613,1.734389,0.6486834,
1.828142,2.100995,1.124408,1.900041,1.734751,0.6524597,
1.823778,2.094552,1.122384,1.888501,1.73488,0.6574433,
1.819481,2.088107,1.120389,1.875944,1.733941,0.6619481,
1.815013,2.081714,1.119352,1.863068,1.732884,0.6677063,
1.810896,2.075402,1.118043,1.850697,1.730666,0.6724095,
1.806122,2.069135,1.11678,1.837647,1.729108,0.678056,
1.801441,2.062654,1.116124,1.824772,1.726081,0.6834501,
1.796934,2.056649,1.115865,1.81156,1.72335,0.6896186,
1.792211,2.050729,1.116148,1.798032,1.720634,0.6967192,
1.787295,2.044673,1.117101,1.783219,1.716678,0.704194,
1.782377,2.039065,1.118284,1.769225,1.713622,0.7123927,
1.777602,2.033182,1.119322,1.754307,1.709475,0.7206575,
1.772751,2.027347,1.120891,1.73879,1.705241,0.7298854,
1.767696,2.021821,1.122683,1.723217,1.701716,0.7396493,
1.762795,2.016111,1.124414,1.706843,1.697836,0.7502949,
1.757741,2.010303,1.126161,1.690281,1.693728,0.7613107,
1.752632,2.004945,1.128203,1.672873,1.690886,0.7738985,
1.747431,1.999547,1.130393,1.6558,1.688466,0.787257,
1.742113,1.993908,1.13261,1.638902,1.685742,0.8008903,
1.736982,1.988526,1.135119,1.622497,1.684158,0.8156941,
1.731364,1.983502,1.138098,1.606157,1.682868,0.8307463,
1.725773,1.978256,1.140999,1.590225,1.681349,0.8457074,
1.720111,1.973126,1.144183,1.574364,1.680722,0.861629,
1.714329,1.968385,1.147702,1.559674,1.679818,0.876886,
1.708595,1.963387,1.151402,1.545324,1.678864,0.8924139,
1.702895,1.958747,1.15533,1.532551,1.677899,0.9070575,
1.697027,1.954452,1.15975,1.520836,1.676302,0.9209871,
1.691202,1.949847,1.1642,1.509001,1.674762,0.9354934,
1.68533,1.945527,1.168896,1.498509,1.672608,0.9489319,
1.679295,1.941384,1.173926,1.488674,1.67052,0.9619001,
1.673402,1.936819,1.178723,1.478708,1.66797,0.9749085,
1.667466,1.932801,1.184016,1.470032,1.66451,0.9871185,
1.661364,1.928842,1.189879,1.461856,1.660549,0.9991725,
1.65543,1.924711,1.196218,1.454585,1.656004,1.011091,
1.649764,1.920872,1.202701,1.447523,1.651631,1.023326,
1.643788,1.917625,1.21009,1.44254,1.6459,1.034034,
1.637928,1.91384,1.217457,1.437148,1.640931,1.045501,
1.632083,1.910507,1.225239,1.433172,1.635353,1.0562,
1.626112,1.907416,1.233606,1.429755,1.629634,1.066957,
1.620268,1.903969,1.241932,1.426306,1.624097,1.077825,
1.614302,1.901063,1.250645,1.423577,1.61886,1.088472,
1.608243,1.898119,1.259921,1.421394,1.613198,1.098995,
1.602332,1.894953,1.26937,1.419817,1.607249,1.109636,
1.596582,1.892226,1.279214,1.417903,1.602384,1.121205,
1.590412,1.889784,1.290172,1.417733,1.596246,1.131466,
1.584484,1.887015,1.300872,1.417175,1.590601,1.142658,
1.57855,1.88499,1.31216,1.417176,1.584851,1.153662,
1.572581,1.882421,1.323616,1.417626,1.578773,1.164302,
1.566671,1.880155,1.334864,1.418178,1.572858,1.174723,
1.560814,1.878715,1.346478,1.418806,1.567287,1.185028,
1.554955,1.876805,1.358045,1.419521,1.561227,1.194505,
1.549517,1.874746,1.368992,1.420706,1.554466,1.203535,
1.543895,1.873471,1.380368,1.42188,1.547749,1.212138,
1.538651,1.871409,1.392127,1.423991,1.540235,1.220219,
1.533792,1.869218,1.402826,1.426687,1.532685,1.227186,
1.52869,1.867838,1.413302,1.4293,1.525407,1.233582,
1.523878,1.8655,1.423809,1.43279,1.517819,1.23925,
1.519323,1.863181,1.431843,1.436505,1.510724,1.243,
1.514452,1.861482,1.441236,1.440092,1.503717,1.247718,
1.509548,1.859243,1.450602,1.443457,1.497186,1.252487,
1.504882,1.856303,1.460107,1.44673,1.491063,1.258284,
1.499582,1.854526,1.471135,1.449632,1.48548,1.265442,
1.49482,1.851996,1.48183,1.452621,1.480382,1.272404,
1.490346,1.848721,1.492753,1.45575,1.475634,1.28104,
1.485438,1.846164,1.504395,1.45869,1.471357,1.289658,
1.4808,1.843119,1.515468,1.461415,1.467113,1.297811,
1.476622,1.839455,1.525351,1.4646,1.462798,1.30535,
1.471866,1.836691,1.535601,1.467553,1.458679,1.3125,
1.467305,1.833195,1.544187,1.470202,1.455177,1.318215,
1.463043,1.829759,1.552889,1.473143,1.451265,1.3241,
1.458412,1.827099,1.562087,1.475777,1.448041,1.330177,
1.453679,1.82392,1.570663,1.478468,1.445013,1.335459,
1.449281,1.820792,1.579839,1.481201,1.442495,1.341104,
1.444894,1.817915,1.589842,1.484235,1.439834,1.347373,
1.440442,1.814621,1.59995,1.486991,1.437193,1.353782,
1.436544,1.811193,1.610232,1.489594,1.434425,1.360674,
1.432666,1.808159,1.621429,1.49255,1.431298,1.368353,
1.428738,1.804723,1.632331,1.495379,1.42728,1.375793,
1.425236,1.80145,1.642852,1.498178,1.423519,1.38333,
1.421743,1.798245,1.653975,1.500793,1.41963,1.391434,
1.418113,1.794905,1.664847,1.503383,1.415423,1.399779,
1.41494,1.792191,1.675107,1.505975,1.412089,1.407587,
1.41132,1.789302,1.68604,1.508174,1.408587,1.416706,
1.407857,1.786268,1.696249,1.5102,1.4055,1.425597,
1.404848,1.783388,1.705694,1.512209,1.403015,1.434658,
1.401826,1.780556,1.715686,1.514483,1.400753,1.444792,
1.398849,1.777543,1.725331,1.516117,1.398596,1.455651,
1.396243,1.774783,1.735292,1.517423,1.396993,1.468203,
1.393713,1.772316,1.745575,1.518509,1.396286,1.481009,
1.391244,1.769589,1.756434,1.518994,1.395574,1.496162,
1.389505,1.767673,1.767227,1.51957,1.395542,1.511168,
1.387239,1.765589,1.778236,1.519926,1.39567,1.5265,
1.385486,1.763442,1.78946,1.520205,1.395655,1.542323,
1.384063,1.76199,1.801245,1.519944,1.396667,1.559045,
1.38297,1.760507,1.813681,1.519812,1.397088,1.576099,
1.382485,1.759056,1.826667,1.519334,1.397917,1.594593,
1.382014,1.758153,1.839444,1.519175,1.398945,1.612395,
1.381654,1.756966,1.85305,1.518722,1.39982,1.631384,
1.381542,1.755715,1.866737,1.518701,1.400445,1.650821,
1.381593,1.755004,1.880159,1.518718,1.401535,1.669223,
1.38113,1.754107,1.894194,1.518677,1.402527,1.688222,
1.380633,1.753028,1.909087,1.518883,1.403154,1.708002,
1.380164,1.752309,1.924259,1.518753,1.404422,1.7281,
1.379752,1.751995,1.940221,1.518461,1.40622,1.749338,
1.378955,1.751533,1.956173,1.518268,1.407301,1.769741,
1.378142,1.751831,1.972377,1.517826,1.409644,1.791158,
1.377222,1.751725,1.98884,1.517931,1.411131,1.812056,
1.376401,1.751401,2.00469,1.518612,1.412271,1.831853,
1.375517,1.751477,2.020679,1.519454,1.413851,1.852213,
1.374398,1.751345,2.036757,1.520607,1.414966,1.871809,
1.373448,1.751201,2.052962,1.522072,1.415839,1.891273,
1.372425,1.751439,2.069469,1.52325,1.417162,1.91082,
1.37138,1.751856,2.086666,1.524408,1.418607,1.930965,
1.370329,1.752267,2.103138,1.524831,1.420599,1.95005,
1.369405,1.753301,2.120078,1.525316,1.423091,1.970188,
1.368393,1.754391,2.136943,1.525221,1.425985,1.99007,
1.366329,1.757294,2.169955,1.523727,1.433388,2.030092,
1.365277,1.758776,2.186066,1.522764,1.436882,2.050122,
1.364207,1.760354,2.200786,1.522295,1.44053,2.068942,
1.362962,1.762395,2.215273,1.521603,1.444527,2.087355,
1.361602,1.764225,2.22817,1.520301,1.448361,2.105548,
1.359881,1.76564,2.240843,1.519319,1.452557,2.123961,
1.358354,1.767543,2.252396,1.518581,1.4571,2.141214,
1.356821,1.769012,2.264201,1.517245,1.462129,2.160458,
1.355597,1.770136,2.276153,1.516333,1.467832,2.181081,
1.35489,1.771669,2.287347,1.515643,1.474899,2.202096,
1.354374,1.773359,2.299581,1.514954,1.481954,2.22441,
1.354201,1.775104,2.31196,1.514914,1.489053,2.246484,
1.35463,1.777362,2.324153,1.515468,1.497286,2.269464,
1.354826,1.779357,2.336586,1.517164,1.50595,2.294185,
1.355054,1.780552,2.347885,1.519987,1.515365,2.320086,
1.355505,1.781953,2.358305,1.525028,1.527246,2.348521,
1.356069,1.782803,2.368658,1.531271,1.540322,2.379897,
1.356903,1.78335,2.379116,1.537667,1.554152,2.41212,
1.358093,1.784116,2.388913,1.54581,1.572875,2.450634,
1.359613,1.7846,2.398882,1.553793,1.591092,2.489005,
1.361583,1.78435,2.40806,1.565842,1.612612,2.535682,
1.364098,1.783867,2.417153,1.577758,1.633972,2.580159,
1.366376,1.782886,2.426634,1.592314,1.658213,2.634815,
1.368838,1.781218,2.436176,1.607582,1.684484,2.694887,
1.371565,1.779927,2.445859,1.621492,1.709905,2.752356,
1.374201,1.7781,2.455785,1.629439,1.731177,2.812415,
1.376876,1.775532,2.466696,1.636149,1.74692,2.860919,
1.379776,1.773532,2.477389,1.636306,1.752575,2.895556,
1.382395,1.771682,2.48807,1.624889,1.756572,2.919952,
1.384815,1.769797,2.498641,1.605382,1.759629,2.939923,
1.38713,1.768541,2.509457,1.586915,1.761902,2.958401,
1.38893,1.767639,2.519873,1.564321,1.755393,2.960661,
1.390399,1.766594,2.530796,1.559484,1.754369,2.968393,
1.391719,1.766187,2.541401,1.569542,1.749541,2.974488,
1.392522,1.765369,2.551672,1.582042,1.733042,2.966727,
1.392839,1.764261,2.56205,1.586943,1.722957,2.965893,
1.393262,1.763147,2.571663,1.588988,1.713867,2.968692,
1.393723,1.761672,2.581831,1.577789,1.717001,2.977631,
1.394013,1.759681,2.591838,1.563659,1.724732,2.995377,
1.394579,1.758227,2.602397,1.545803,1.732085,3.009694,
1.394999,1.756704,2.613177,1.528862,1.735294,3.025913,
1.39508,1.754657,2.624642,1.518659,1.732892,3.037559,
1.395667,1.753025,2.635444,1.510252,1.72723,3.046128,
1.396183,1.750958,2.646265,1.501418,1.722193,3.057014,
1.396492,1.748455,2.658139,1.493116,1.713773,3.065711,
1.397296,1.746572,2.668702,1.486812,1.704736,3.07152,
1.398081,1.744345,2.681039,1.477922,1.697333,3.080991,
1.398786,1.741323,2.691175,1.467265,1.690314,3.087893,
1.399702,1.739119,2.702181,1.457193,1.683706,3.094573,
1.400517,1.736762,2.714527,1.444995,1.678442,3.10376,
1.401295,1.733998,2.725551,1.43372,1.672403,3.110883,
1.402338,1.732418,2.737013,1.421771,1.667524,3.117096,
1.403235,1.730633,2.748972,1.409241,1.661288,3.121709,
1.403672,1.728442,2.760406,1.398689,1.655383,3.127757,
1.404704,1.726923,2.772233,1.388914,1.648061,3.131711,
1.405618,1.725177,2.784429,1.375876,1.642295,3.134919,
1.406249,1.723075,2.796816,1.366466,1.635297,3.139518,
1.407485,1.721583,2.809156,1.358586,1.627293,3.14256,
1.408343,1.719827,2.82099,1.348763,1.619938,3.144104,
1.408896,1.717741,2.832673,1.339184,1.612825,3.14637,
1.409818,1.716365,2.844793,1.332853,1.603456,3.146844,
1.410666,1.714884,2.857996,1.325935,1.594731,3.149149,
1.411363,1.712988,2.87029,1.319259,1.586017,3.150533,
1.412396,1.711905,2.882444,1.314639,1.576727,3.150794,
1.413281,1.710452,2.896021,1.293619,1.577074,3.155371,
1.414078,1.70851,2.907493,1.285884,1.570277,3.156157,
1.414911,1.707625,2.919086,1.282048,1.560952,3.15529,
1.415692,1.706581,2.930005,1.275248,1.55561,3.156378,
1.416393,1.705264,2.941632,1.268816,1.549404,3.158229,
1.417383,1.704857,2.950915,1.265859,1.542344,3.156749,
1.418068,1.704331,2.96019,1.260657,1.53661,3.155131,
1.418638,1.703422,2.968534,1.255688,1.531036,3.153074,
1.419304,1.703272,2.977164,1.252157,1.525401,3.151016,
1.41979,1.702902,2.985432,1.247771,1.520945,3.1491,
1.420181,1.702097,2.994639,1.243529,1.515807,3.148265,
1.420402,1.701969,3.004525,1.240856,1.511143,3.148805,
1.420543,1.701555,3.014732,1.237924,1.506347,3.1494,
1.420293,1.700786,3.024228,1.235614,1.501547,3.150068,
1.420216,1.700826,3.033761,1.234191,1.497237,3.151469,
1.419963,1.700613,3.042677,1.233133,1.493036,3.152838,
1.419727,1.700063,3.052101,1.23163,1.488701,3.15501,
1.419359,1.700298,3.060649,1.231501,1.484785,3.15716,
1.418794,1.700408,3.068253,1.230586,1.480864,3.157514,
1.41807,1.700584,3.076056,1.229687,1.477327,3.15923,
1.417266,1.701193,3.083468,1.229341,1.475502,3.162576,
1.416199,1.701681,3.091108,1.228459,1.472775,3.164697,
1.414535,1.702024,3.097679,1.227803,1.471012,3.167303,
1.412543,1.70319,3.10632,1.227086,1.469953,3.172604,
1.410521,1.70419,3.113923,1.22661,1.469621,3.177776,
1.407982,1.705259,3.122862,1.22606,1.468398,3.183223,
1.405326,1.70707,3.132302,1.225584,1.469125,3.191531,
1.402109,1.708732,3.141129,1.224796,1.469415,3.198175,
1.39859,1.710483,3.150534,1.223859,1.469812,3.205381,
1.394948,1.712911,3.160326,1.222585,1.472602,3.215317,
1.390782,1.715146,3.169409,1.220653,1.474834,3.22346,
1.386479,1.717156,3.178649,1.218489,1.476823,3.231652,
1.381727,1.71991,3.187786,1.215697,1.480869,3.241221,
1.376482,1.722157,3.196948,1.211775,1.484467,3.249868,
1.371163,1.724689,3.206155,1.207404,1.489062,3.259241,
1.365563,1.727933,3.215716,1.202376,1.494819,3.269337,
1.359713,1.730962,3.225454,1.196707,1.500574,3.279336,
1.353367,1.733666,3.234783,1.190954,1.505908,3.288344,
1.34705,1.737323,3.245235,1.184648,1.513071,3.299535,
1.340047,1.74094,3.255932,1.177442,1.520265,3.310542,
1.332518,1.744328,3.266743,1.170142,1.527008,3.321394,
1.324767,1.74863,3.278149,1.162417,1.535706,3.334011,
1.316469,1.752838,3.289813,1.15375,1.54427,3.34616,
1.307548,1.756925,3.302245,1.144502,1.553021,3.35931,
1.298654,1.76177,3.314566,1.136001,1.561894,3.371901,
1.288755,1.766511,3.327629,1.125477,1.572206,3.385782,
1.278986,1.770995,3.340752,1.115655,1.581624,3.399164,
1.26899,1.775825,3.354813,1.105406,1.592613,3.41462,
1.258326,1.780298,3.368123,1.094376,1.604039,3.429836,
1.24688,1.784307,3.381758,1.082496,1.615527,3.44526,
1.235942,1.788813,3.39594,1.070908,1.628225,3.46199,
1.223898,1.792935,3.409769,1.059192,1.640733,3.478653,
1.211182,1.79692,3.423882,1.046254,1.654051,3.495903,
1.198622,1.801568,3.438454,1.03371,1.668616,3.514525,
1.1853,1.805632,3.453297,1.020572,1.683027,3.533375,
1.171361,1.809825,3.468465,1.007627,1.698221,3.553367,
1.157512,1.814545,3.484523,0.9950356,1.713461,3.573763,
1.142622,1.819032,3.500913,0.9817291,1.729869,3.59573,
1.127174,1.823459,3.517235,0.9685075,1.746613,3.618047,
1.112155,1.828387,3.534233,0.9555023,1.763566,3.640539,
1.096228,1.832597,3.55061,0.9423117,1.781275,3.664146,
1.079996,1.836204,3.566292,0.9288358,1.799106,3.687228,
1.033238,1.847635,3.612421,0.8906652,1.852541,3.755089,
1.001487,1.852755,3.639499,0.866723,1.887932,3.799326,
1.001627,1.85069,3.637263,0.8767974,1.878562,3.799598,
0.986971,1.852136,3.648746,0.8651107,1.894132,3.818124,
0.9723806,1.854117,3.659899,0.8541206,1.909517,3.836015,
0.9581738,1.855172,3.6691,0.8470967,1.921738,3.850925,
0.9440929,1.856141,3.6782,0.8379115,1.93662,3.867548,
0.9308943,1.857332,3.686608,0.8308831,1.949798,3.882217,
0.918371,1.858226,3.693349,0.8259827,1.961277,3.894727,
0.9068287,1.858616,3.699546,0.8200691,1.973657,3.907626,
0.8957264,1.859765,3.705853,0.8149422,1.985922,3.920828,
0.8851767,1.860502,3.713325,0.8121749,1.996224,3.934859,
0.8752757,1.861677,3.720952,0.8098191,2.006873,3.94997,
0.8657384,1.863086,3.728728,0.8085544,2.017194,3.964976,
0.8566477,1.864366,3.738072,0.8105091,2.024829,3.980324,
0.8481625,1.865359,3.746797,0.8112524,2.033156,3.994994,
0.8403361,1.86728,3.755655,0.8123805,2.040792,4.008771,
0.8327402,1.868938,3.764817,0.8128653,2.047449,4.021598,
0.8256239,1.871148,3.773441,0.8125855,2.054846,4.033864,
0.8197527,1.87334,3.781217,0.8117089,2.059344,4.042128,
0.8142267,1.875024,3.788487,0.8117652,2.064792,4.051384,
0.8092976,1.877013,3.795254,0.8127233,2.066985,4.057737,
0.804889,1.879123,3.801413,0.8136691,2.069727,4.063898,
0.8005645,1.880824,3.807631,0.8145735,2.071089,4.069408,
0.7968984,1.882658,3.813534,0.8147237,2.072003,4.074819,
0.7943094,1.88437,3.81891,0.8159435,2.073249,4.080129,
0.7922158,1.885775,3.82488,0.8181574,2.072277,4.084701,
0.7905361,1.887356,3.831807,0.8213729,2.069097,4.088252,
0.7902226,1.888563,3.83859,0.8236734,2.065436,4.090734,
0.7907807,1.88923,3.846152,0.8238253,2.061044,4.092118,
0.7912779,1.890459,3.853499,0.8239226,2.057081,4.093389,
0.7931833,1.890958,3.860287,0.8234112,2.051413,4.092768,
0.7956982,1.89118,3.867753,0.8227402,2.045377,4.093177,
0.7984972,1.892388,3.875322,0.8220694,2.039067,4.093642,
0.802121,1.893096,3.882711,0.8203483,2.032924,4.094576,
0.8066228,1.893879,3.889882,0.8183107,2.027243,4.095824,
0.8109744,1.8949,3.897547,0.8159418,2.020664,4.09781,
0.816744,1.895918,3.904588,0.8143459,2.013559,4.099536,
0.8228502,1.89636,3.911374,0.8128819,2.005576,4.099943,
0.8295485,1.897478,3.918549,0.8107667,1.996712,4.099619,
0.8370002,1.8979,3.925641,0.8092531,1.987141,4.099024,
0.8453736,1.898102,3.932659,0.8080522,1.976682,4.097684,
0.8538883,1.898299,3.940752,0.8076071,1.965714,4.097231,
0.8635342,1.89857,3.948315,0.808203,1.954894,4.096968,
0.8737684,1.898134,3.956639,0.8111993,1.943118,4.098027,
0.8839568,1.89827,3.964478,0.8152724,1.932138,4.099004,
0.8960436,1.897846,3.972045,0.8221437,1.920197,4.100481,
0.9085438,1.89692,3.979757,0.8318205,1.907647,4.103068,
0.9213088,1.896588,3.987651,0.8429202,1.895573,4.106296,
0.9348327,1.896026,3.99548,0.8544669,1.884531,4.110161,
0.9480872,1.89547,4.003549,0.8674886,1.873704,4.114634,
0.9620935,1.895468,4.012233,0.8817118,1.863492,4.119695,
0.9772519,1.895142,4.020176,0.8969002,1.853229,4.123508,
0.9921404,1.894352,4.028859,0.9131511,1.843919,4.129157,
1.007959,1.894175,4.037601,0.9312874,1.83551,4.135167,
1.023427,1.893448,4.045914,0.9506053,1.826569,4.139702,
1.039177,1.892094,4.054187,0.9724084,1.81846,4.14652,
1.055686,1.891054,4.062238,0.9960421,1.81095,4.153362,
1.0716,1.889738,4.069783,1.021296,1.80223,4.158096,
1.087139,1.887998,4.077291,1.049011,1.792668,4.162276,
1.103115,1.88699,4.0848,1.076414,1.784046,4.166062,
1.148607,1.882114,4.106939,1.159363,1.759878,4.176433,
1.178016,1.877928,4.121269,1.212331,1.744791,4.18158,
1.176681,1.876263,4.120768,1.211277,1.742551,4.179937,
1.190385,1.874196,4.12827,1.236869,1.735291,4.181646,
1.203328,1.871825,4.136063,1.261817,1.727033,4.182718,
1.21577,1.869382,4.144128,1.284983,1.718994,4.183878,
1.228746,1.867293,4.152978,1.306425,1.712403,4.186161,
1.240076,1.86482,4.161397,1.328049,1.705842,4.188722,
1.250755,1.862012,4.170411,1.34698,1.698619,4.19165,
1.261663,1.859789,4.179937,1.365658,1.692769,4.195011,
1.271388,1.857036,4.189125,1.380414,1.685817,4.19907,
1.280566,1.854101,4.198487,1.395795,1.679731,4.203749,
1.290023,1.851876,4.208294,1.410405,1.674792,4.20858,
1.298676,1.849199,4.217923,1.422639,1.66972,4.214751,
1.306406,1.846202,4.227203,1.435238,1.666001,4.223314,
1.314761,1.843772,4.23621,1.446841,1.664671,4.231989,
1.32218,1.841072,4.244449,1.457208,1.665299,4.244837,
1.329141,1.838159,4.251446,1.465411,1.666719,4.256499,
1.337726,1.836209,4.258682,1.47316,1.670131,4.268751,
1.344463,1.8337,4.263631,1.482096,1.672563,4.279582,
1.350446,1.830681,4.267965,1.488479,1.677553,4.293117,
1.358914,1.829117,4.27411,1.495119,1.686311,4.310718,
1.364675,1.82619,4.278169,1.502433,1.696892,4.330516,
1.370347,1.822867,4.282335,1.511729,1.710369,4.355628,
1.377722,1.820462,4.287476,1.52067,1.726528,4.382172,
1.383277,1.817321,4.292001,1.533413,1.751897,4.422349,
1.389329,1.813967,4.296722,1.547127,1.773625,4.457774,
1.394803,1.811272,4.301302,1.563412,1.802907,4.502489,
1.399954,1.808166,4.305705,1.582863,1.832824,4.551062,
1.404771,1.804777,4.309965,1.605808,1.864079,4.603065,
1.410548,1.801504,4.314525,1.628636,1.894616,4.654526,
1.415249,1.79775,4.318665,1.652953,1.927568,4.715908,
1.419804,1.793528,4.322361,1.673102,1.954682,4.766696,
1.424587,1.789678,4.325325,1.690748,1.972421,4.807766,
1.428931,1.78568,4.327825,1.703682,1.979181,4.833125,
1.433172,1.781601,4.330283,1.711524,1.981427,4.850724,
1.437495,1.778346,4.33198,1.703777,1.970309,4.847158,
1.441303,1.775933,4.335089,1.676853,1.952257,4.831976,
1.445036,1.773964,4.338612,1.65682,1.944476,4.82804,
1.448235,1.773593,4.343062,1.645258,1.944186,4.829391,
1.450879,1.772691,4.347549,1.645092,1.945373,4.83235,
1.45267,1.77101,4.352179,1.646688,1.938308,4.827735,
1.455022,1.769261,4.356383,1.646532,1.927517,4.820685,
1.456788,1.767177,4.36165,1.637424,1.918806,4.816067,
1.459069,1.764818,4.366944,1.637126,1.917628,4.820405,
1.461527,1.763041,4.371785,1.629684,1.910633,4.820042,
1.463599,1.761349,4.377266,1.620998,1.903081,4.821516,
1.466023,1.759329,4.382157,1.610381,1.894167,4.820823,
1.468185,1.75818,4.38651,1.597411,1.88677,4.819949,
1.470032,1.756501,4.390301,1.584856,1.881706,4.822884,
1.471787,1.75422,4.393623,1.572305,1.875118,4.822907,
1.4737,1.751976,4.395625,1.558119,1.867443,4.821049,
1.47471,1.749874,4.397867,1.544697,1.860111,4.820215,
1.475782,1.747596,4.400236,1.532091,1.85115,4.817212,
1.477165,1.745607,4.402984,1.520624,1.840889,4.812884,
1.477776,1.744178,4.406434,1.508138,1.830882,4.807859,
1.47856,1.742554,4.410417,1.4961,1.821905,4.804717,
1.47948,1.741731,4.414762,1.484048,1.812176,4.799486,
1.480123,1.740881,4.419484,1.470838,1.802845,4.794155,
1.480716,1.739496,4.424227,1.457778,1.793078,4.788802,
1.48122,1.739052,4.429042,1.444644,1.784633,4.783659,
1.481508,1.738344,4.434258,1.431883,1.775908,4.778161,
1.481986,1.736988,4.439152,1.421044,1.766744,4.773278,
1.482001,1.736531,4.444234,1.407175,1.759534,4.768517,
1.481963,1.735665,4.449066,1.395552,1.752073,4.763282,
1.481988,1.734346,4.453375,1.383122,1.744141,4.758055,
1.482208,1.733651,4.457847,1.370813,1.738361,4.752911,
1.481986,1.732824,4.462167,1.358779,1.732001,4.747532,
1.481914,1.731295,4.465569,1.346821,1.724435,4.740527,
1.48162,1.731062,4.469108,1.335598,1.719774,4.736091,
1.481315,1.73053,4.472896,1.325376,1.714102,4.73092,
1.481133,1.729589,4.476415,1.31513,1.707789,4.724566,
1.480747,1.729573,4.480341,1.305793,1.703758,4.720596,
1.480151,1.729382,4.484287,1.29635,1.699799,4.716782,
1.479653,1.728772,4.487853,1.286407,1.694912,4.712522,
1.479224,1.729099,4.491757,1.277417,1.69204,4.70947,
1.478248,1.729506,4.495626,1.268858,1.689291,4.706919,
1.477306,1.729542,4.499455,1.260438,1.685649,4.703696,
1.476421,1.730507,4.503191,1.252694,1.683847,4.702113,
1.475298,1.731113,4.507044,1.245473,1.682639,4.70155,
1.474065,1.731236,4.510549,1.237856,1.68091,4.700668,
1.47285,1.732076,4.514527,1.230537,1.680743,4.701191,
1.471201,1.732576,4.51865,1.222003,1.680439,4.701656,
1.469659,1.732721,4.522404,1.213708,1.680223,4.702475,
1.46829,1.733178,4.526175,1.206031,1.680875,4.70393,
1.466299,1.733569,4.529689,1.197457,1.68166,4.705335,
1.46434,1.733557,4.532697,1.189834,1.681515,4.706173,
1.462551,1.734167,4.535223,1.181905,1.682986,4.70767,
1.460092,1.734481,4.537483,1.173413,1.684027,4.708722,
1.457804,1.734216,4.539166,1.165706,1.684541,4.70953,
1.45559,1.73476,4.541006,1.156983,1.686638,4.711156,
1.452922,1.73504,4.542733,1.148219,1.687748,4.712111,
1.450233,1.734967,4.544031,1.139295,1.688642,4.712659,
1.447674,1.735739,4.545295,1.129586,1.690378,4.712934,
1.444525,1.736166,4.546001,1.120115,1.691494,4.712762,
1.441392,1.736186,4.546135,1.111261,1.691941,4.711938,
1.438547,1.736905,4.546073,1.102279,1.693849,4.711996,
1.435552,1.737381,4.546041,1.093545,1.695027,4.711757,
1.432383,1.737493,4.545321,1.08562,1.695664,4.711145,
1.429634,1.738025,4.544174,1.077094,1.697253,4.710745,
1.426481,1.738514,4.542864,1.068474,1.698626,4.709959,
1.423297,1.738285,4.540568,1.06017,1.699733,4.708866,
1.420516,1.738718,4.537975,1.051917,1.700912,4.707074,
1.417658,1.738761,4.535243,1.043642,1.702599,4.706302,
1.414357,1.737816,4.531069,1.035177,1.703825,4.704673,
1.411911,1.737938,4.527398,1.02647,1.706018,4.703399,
1.409286,1.73757,4.523182,1.017884,1.708124,4.702098,
1.406489,1.736179,4.517553,1.008831,1.710658,4.700885,
1.404607,1.735844,4.512559,1.000319,1.71324,4.699474,
1.402439,1.734817,4.50665,0.9907466,1.716332,4.697934,
1.400108,1.7331,4.499872,0.9810187,1.719288,4.695886,
1.398472,1.732004,4.493138,0.9718729,1.722718,4.694093,
1.396767,1.730471,4.486069,0.9616386,1.726026,4.691468,
1.394786,1.728367,4.477965,0.951023,1.729189,4.688039,
1.394477,1.726446,4.469437,0.9416329,1.732837,4.684753,
1.393396,1.724461,4.46109,0.9307526,1.736315,4.680579,
1.39229,1.721619,4.451298,0.9196379,1.739709,4.675355,
1.392064,1.719568,4.442008,0.9094365,1.743438,4.670486,
1.374161,1.731896,4.436296,0.9082095,1.744924,4.668252,
1.373979,1.728851,4.425829,0.9011328,1.748497,4.664704,
1.374577,1.727125,4.416358,0.8909169,1.75197,4.658434,
1.374902,1.724494,4.406039,0.8807762,1.754957,4.651223,
1.375312,1.721323,4.395313,0.8695633,1.758052,4.643007,
1.376587,1.719263,4.387924,0.8593081,1.761599,4.635014,
1.399695,1.709454,4.384085,0.8503332,1.763572,4.625615,
1.400757,1.70677,4.374097,0.8400062,1.766515,4.615806,
1.405252,1.700131,4.363095,0.8305691,1.770007,4.606276,
1.406261,1.696495,4.352259,0.8232057,1.771336,4.595113,
1.407621,1.69365,4.34271,0.8138366,1.774158,4.583916,
1.41057,1.689421,4.332817,0.8062632,1.776742,4.572615,
1.411626,1.685961,4.322034,0.8002786,1.77799,4.560544,
1.41292,1.683815,4.313586,0.7938321,1.77989,4.548381,
1.415473,1.681053,4.305188,0.7878349,1.782787,4.537076,
1.416863,1.678452,4.29617,0.7846785,1.783189,4.525162,
1.418034,1.677145,4.289557,0.7809314,1.784439,4.513493,
1.420269,1.675634,4.282569,0.7773858,1.78683,4.502748,
1.421144,1.673468,4.273815,0.7771878,1.78619,4.490572,
1.422095,1.672799,4.268526,0.7767857,1.786471,4.47895,
1.42396,1.671475,4.263072,0.776408,1.787753,4.468596,
1.424449,1.669882,4.255719,0.7788597,1.786519,4.456663,
1.424773,1.669728,4.251468,0.7809855,1.786041,4.44538,
1.425823,1.669746,4.24652,0.7838114,1.786006,4.433714,
1.425819,1.668737,4.240257,0.7890349,1.78353,4.420951,
1.425366,1.669445,4.236637,0.7943796,1.781596,4.408229,
1.425811,1.669905,4.232081,0.8001521,1.780018,4.395633,
1.425299,1.669822,4.22676,0.8073527,1.776957,4.382336,
1.42451,1.670687,4.223222,0.8145853,1.774205,4.369305,
1.424162,1.672049,4.21929,0.8224514,1.77151,4.356212,
1.423411,1.672575,4.215038,0.831823,1.766511,4.3427,
1.422336,1.674112,4.211925,0.8404343,1.763082,4.329963,
1.421966,1.676019,4.208018,0.8495623,1.759459,4.317473,
1.420959,1.677345,4.204238,0.8591237,1.754429,4.304922,
1.419844,1.679005,4.20105,0.8681489,1.749943,4.293009,
1.419534,1.681378,4.19701,0.87684,1.746767,4.281754,
1.418778,1.683033,4.193581,0.8857512,1.741542,4.271017,
1.417997,1.685251,4.189766,0.8935015,1.7377,4.260782,
1.417675,1.688086,4.185507,0.9006891,1.734311,4.251538,
1.417373,1.690132,4.181599,0.9072126,1.730862,4.243027,
1.416952,1.692676,4.177721,0.9128323,1.728339,4.235461,
1.416651,1.69595,4.173868,0.9176419,1.726509,4.228937,
1.416445,1.698502,4.170423,0.9222255,1.724692,4.222584,
1.416072,1.701278,4.16718,0.9255565,1.723649,4.218015,
1.415798,1.704628,4.164091,0.9280015,1.723337,4.214421,
1.415269,1.707836,4.161733,0.9293371,1.723739,4.211849,
1.414616,1.710812,4.159483,0.9301618,1.724329,4.210029,
1.41418,1.714296,4.157026,0.9311032,1.725205,4.207922,
1.413513,1.71768,4.155096,0.929947,1.727427,4.207459,
1.412651,1.721572,4.152751,0.9281818,1.730462,4.207214,
1.411902,1.725468,4.15037,0.9257138,1.734222,4.207506,
1.411107,1.729499,4.148431,0.9232239,1.738049,4.207684,
1.409994,1.734014,4.146346,0.9194241,1.743378,4.208853,
1.408858,1.738847,4.144436,0.9161568,1.748459,4.209581,
1.407663,1.743384,4.142652,0.9109693,1.755855,4.211597,
1.406179,1.748327,4.140965,0.9072514,1.763762,4.211295,
1.404441,1.753437,4.13951,0.9030352,1.771139,4.212017,
1.402426,1.75826,4.13806,0.8992046,1.778815,4.212147,
1.400175,1.763681,4.137003,0.8956273,1.787461,4.212675,
1.398065,1.768838,4.135757,0.8925778,1.796468,4.212372,
1.396314,1.774238,4.135136,0.8905781,1.803578,4.211808,
1.395018,1.78007,4.134003,0.8880183,1.814331,4.211747,
1.393925,1.785763,4.133243,0.8851758,1.826408,4.212678,
1.393059,1.791597,4.132595,0.8825503,1.836844,4.213931,
1.392573,1.797863,4.132238,0.8800587,1.84886,4.215996,
1.392202,1.804187,4.132275,0.8781582,1.860834,4.21787,
1.391819,1.810307,4.13245,0.8756132,1.872028,4.220723,
1.391732,1.816779,4.132517,0.8733057,1.883741,4.223497,
1.391674,1.823161,4.132397,0.8715022,1.894921,4.225677,
1.391835,1.829075,4.13189,0.8696229,1.905149,4.227837,
1.391807,1.835153,4.130769,0.8682579,1.915784,4.228784,
1.392175,1.840558,4.128572,0.8675349,1.926002,4.228746,
1.392361,1.845941,4.126286,0.8666851,1.934593,4.228653,
1.392652,1.851561,4.123295,0.8662698,1.944408,4.227784,
1.393161,1.856703,4.12011,0.8663471,1.953611,4.226576,
1.393647,1.86167,4.117015,0.8661466,1.96213,4.225723,
1.394259,1.866803,4.114128,0.8664604,1.970755,4.224843,
1.394816,1.871472,4.111403,0.8661261,1.979273,4.224944,
1.39527,1.875895,4.108819,0.8659905,1.986042,4.224621,
1.39586,1.880774,4.106199,0.866243,1.993543,4.22401,
1.396293,1.88528,4.103672,0.8664533,2.000669,4.223459,
1.396519,1.889772,4.10094,0.8668106,2.007643,4.222481,
1.396885,1.894535,4.098284,0.8678198,2.013886,4.220715,
1.397003,1.899028,4.095704,0.8689837,2.019825,4.218811,
1.397303,1.903224,4.092515,0.8709813,2.024987,4.215523,
1.397683,1.907707,4.089758,0.8732027,2.03022,4.212472,
1.398107,1.91169,4.086535,0.8763518,2.034016,4.207921,
1.398732,1.915836,4.083769,0.8800631,2.036913,4.203215,
1.399083,1.920367,4.080462,0.8844802,2.038995,4.196869,
1.399724,1.924521,4.076982,0.8889813,2.040904,4.190387,
1.400459,1.928624,4.073459,0.8944456,2.040939,4.182603,
1.401279,1.93316,4.069347,0.9003599,2.04022,4.173592,
1.401979,1.937228,4.065186,0.9071845,2.038383,4.163286,
1.402692,1.941209,4.061186,0.9143274,2.035616,4.152626,
1.403592,1.945525,4.056358,0.9216749,2.033346,4.141161,
1.404449,1.949271,4.051337,0.9304537,2.029535,4.128001,
1.40558,1.952976,4.046212,0.9392803,2.024856,4.114594,
1.406965,1.95707,4.040831,0.9483067,2.020427,4.10101,
1.408423,1.960778,4.035217,0.95851,2.015512,4.086338,
1.410042,1.96445,4.029348,0.9689931,2.010091,4.071217,
1.411992,1.968377,4.02286,0.9796773,2.005247,4.055866,
1.413726,1.972226,4.016697,0.991721,1.99999,4.039536,
1.415598,1.97578,4.009961,1.002926,1.995112,4.023822,
1.417732,1.979734,4.001895,1.015114,1.99048,4.006347,
1.419375,1.983446,3.994493,1.027323,1.986207,3.989316,
1.421285,1.986781,3.986306,1.03742,1.983456,3.974061,
1.423222,1.990406,3.977706,1.049145,1.980997,3.95711,
1.425414,1.99359,3.968722,1.06031,1.979668,3.941031,
1.427838,1.996544,3.959557,1.069296,1.9801,3.927309,
1.430357,1.999852,3.950356,1.079796,1.980054,3.912131,
1.432765,2.002977,3.941151,1.089848,1.981246,3.897823,
1.436341,2.005522,3.931127,1.097164,1.984747,3.886811,
1.440799,2.008519,3.920655,1.106219,1.987242,3.874337,
1.443635,2.011003,3.911541,1.114215,1.990574,3.863205,
1.446398,2.013062,3.903126,1.120108,1.995408,3.85512,
1.448951,2.015349,3.894111,1.127027,1.999452,3.845166,
1.451868,2.017502,3.885527,1.1323,2.004614,3.837393,
1.455064,2.019744,3.877279,1.135462,2.011322,3.832053,
1.459177,2.022289,3.868248,1.138637,2.01828,3.826425,
1.462767,2.02493,3.859119,1.14031,2.025885,3.822102,
1.465639,2.027286,3.850759,1.141778,2.034313,3.81847,
1.467903,2.029666,3.842859,1.143281,2.041944,3.814555,
1.470192,2.031902,3.83581,1.142963,2.050161,3.813059,
1.472364,2.033939,3.829314,1.139894,2.058266,3.814204,
1.474756,2.035999,3.823009,1.140082,2.067348,3.813719,
1.477425,2.037822,3.817139,1.136273,2.076776,3.817309,
1.480337,2.039291,3.811092,1.13456,2.087427,3.820004,
1.483085,2.041114,3.805247,1.132558,2.099168,3.823297,
1.486042,2.042566,3.799009,1.130063,2.111285,3.827345,
1.489385,2.043738,3.792705,1.126398,2.123563,3.832747,
1.493441,2.045001,3.785648,1.122674,2.13662,3.83834,
1.497261,2.0465,3.778788,1.118738,2.149898,3.844304,
1.501575,2.047385,3.771092,1.115535,2.16401,3.85005,
1.506339,2.048523,3.763382,1.109709,2.17832,3.858376,
1.510536,2.049248,3.756112,1.103696,2.192002,3.866997,
1.514969,2.049661,3.748495,1.097445,2.206543,3.876494,
1.519633,2.050178,3.740762,1.091835,2.221169,3.885854,
1.523716,2.05028,3.733184,1.085971,2.235553,3.895567,
1.527931,2.05,3.726021,1.079789,2.249197,3.906038,
1.532144,2.049855,3.718266,1.074161,2.263206,3.91595,
1.536289,2.049405,3.710587,1.068193,2.276689,3.926175,
1.540442,2.048723,3.70308,1.062309,2.289844,3.93678,
1.544271,2.048287,3.695307,1.056071,2.302909,3.947193,
1.547685,2.047618,3.687591,1.049128,2.31444,3.957348,
1.550779,2.046873,3.680246,1.043442,2.326169,3.966956,
1.553433,2.046195,3.673119,1.056279,2.334289,3.961049,
1.556089,2.045478,3.665821,1.05105,2.343775,3.968921,
1.558516,2.044633,3.659125,1.046328,2.353243,3.976919,
1.560636,2.043796,3.652554,1.039242,2.36394,3.987332,
1.56289,2.042972,3.645812,1.036324,2.371563,3.992812,
1.56473,2.042009,3.639552,1.03524,2.37958,3.997266,
1.566653,2.041486,3.633435,1.035984,2.387318,4.000192,
1.568152,2.041009,3.62759,1.038961,2.394492,4.001138,
1.569789,2.040283,3.621572,1.041459,2.402007,4.002896,
1.571273,2.040075,3.615881,1.048285,2.408391,4.000426,
1.572555,2.039725,3.610149,1.05777,2.413829,3.995339,
1.574531,2.039125,3.604042,1.069308,2.418946,3.988194,
1.577674,2.038391,3.59676,1.083126,2.422914,3.978325,
1.58062,2.037343,3.5893,1.100397,2.42552,3.964887,
1.583746,2.035849,3.581664,1.117054,2.428775,3.952267,
1.587032,2.034653,3.574177,1.137762,2.429605,3.934856,
1.590131,2.033191,3.566707,1.15901,2.429742,3.916609,
1.593266,2.031326,3.558972,1.181444,2.429433,3.896983,
1.596785,2.02968,3.551074,1.203063,2.429415,3.878196,
1.600057,2.027299,3.542913,1.226351,2.427068,3.856221,
1.60344,2.024549,3.534517,1.25045,2.421859,3.831263,
1.607105,2.021932,3.525999,1.272486,2.417782,3.80877,
1.61046,2.019074,3.517482,1.295227,2.412431,3.784608,
1.614152,2.015552,3.508416,1.318718,2.404377,3.757769,
1.617904,2.012456,3.499447,1.342221,2.39541,3.730113,
1.621191,2.009222,3.490444,1.365392,2.384238,3.700757,
1.624574,2.005504,3.481163,1.389025,2.372406,3.67061,
1.631291,1.998421,3.462742,1.434805,2.346883,3.610092,
1.634828,1.994242,3.452503,1.457092,2.332608,3.578786,
1.63837,1.990515,3.442372,1.479166,2.318111,3.547249,
1.645687,1.982385,3.422451,1.522926,2.290367,3.486107,
1.653939,1.97254,3.399692,1.563209,2.257824,3.423348,
1.662727,1.960796,3.375491,1.600572,2.223569,3.361928,
1.667442,1.95461,3.362899,1.617415,2.205359,3.332399,
1.683301,1.933455,3.322134,1.665984,2.153367,3.24719,
1.683676,1.932434,3.321063,1.662771,2.152971,3.249588,
1.689147,1.924922,3.303263,1.690964,2.11746,3.196535,
1.699746,1.909401,3.278493,1.704633,2.10126,3.171645,
1.70488,1.90154,3.264442,1.717267,2.083756,3.147087,
1.710224,1.893664,3.25023,1.729505,2.066346,3.123124,
1.733561,1.862527,3.194082,1.774453,2.002542,3.036183,
1.746516,1.844832,3.165095,1.794226,1.974494,2.998061,
1.75956,1.827693,3.135042,1.805682,1.947966,2.967891,
1.77084,1.812393,3.107019,1.819937,1.923501,2.936184,
1.77062,1.81275,3.107059,1.816322,1.925935,2.940555,
1.776859,1.8054,3.09295,1.821273,1.915222,2.92793,
1.783328,1.798468,3.079266,1.82662,1.903875,2.91514,
1.789501,1.791709,3.065508,1.829953,1.894737,2.905162,
1.802115,1.77825,3.039256,1.837988,1.875471,2.885214,
1.807895,1.771595,3.026224,1.841241,1.867003,2.876594,
1.813165,1.764616,3.01326,1.844088,1.858033,2.868167,
1.81853,1.757429,3.000206,1.847297,1.849701,2.859945,
1.823531,1.749965,2.987238,1.848961,1.842123,2.853466,
1.828249,1.742463,2.974384,1.850527,1.834227,2.846977,
1.832385,1.735093,2.962105,1.852612,1.82747,2.84086,
1.836355,1.727787,2.94825,1.856867,1.815448,2.829771,
1.842759,1.71331,2.927402,1.859158,1.811059,2.825025,
1.845565,1.706036,2.916637,1.861577,1.807376,2.821007,
1.848038,1.69875,2.905908,1.864604,1.803416,2.816226,
1.853254,1.684479,2.885028,1.870058,1.795794,2.807532,
1.855124,1.670831,2.8677,1.875093,1.792687,2.802827,
1.855258,1.658656,2.852783,1.877884,1.793513,2.802786,
1.854856,1.65288,2.846116,1.879498,1.793774,2.802788,
1.851351,1.638359,2.830151,1.883345,1.802111,2.8086,
1.849993,1.638927,2.831667,1.883237,1.80333,2.809639,
1.848789,1.634174,2.826867,1.885533,1.807607,2.811707,
1.847498,1.629351,2.822016,1.887892,1.812434,2.813823,
1.843956,1.620321,2.814126,1.893876,1.822624,2.817799,
1.841955,1.616381,2.810702,1.897133,1.827151,2.819301,
1.839685,1.612893,2.806356,1.909301,1.841317,2.822511,
1.830732,1.600315,2.798585,1.91801,1.849195,2.824264,
1.824797,1.596556,2.797061,1.926228,1.855894,2.825731,
1.818164,1.595089,2.797287,1.934765,1.863031,2.826943,
1.811301,1.594995,2.798526,1.943303,1.87008,2.827058,
1.810758,1.595799,2.799241,1.943322,1.869541,2.825915,
1.8078,1.59597,2.799906,1.947043,1.872749,2.826092,
1.804821,1.596635,2.80093,1.950437,1.876005,2.826484,
1.801963,1.597063,2.801899,1.952751,1.879483,2.827723,
1.799721,1.597729,2.80276,1.955424,1.882743,2.82917,
1.79557,1.598657,2.805316,1.958975,1.888579,2.832961,
1.793908,1.598969,2.806532,1.960463,1.890094,2.834648,
1.790968,1.599968,2.808722,1.964623,1.893753,2.83744,
1.789385,1.600826,2.809916,1.962472,1.888985,2.840833,
1.789176,1.601651,2.809046,1.957261,1.883603,2.843724,
1.789402,1.602238,2.808356,1.954911,1.883373,2.845956,
1.790514,1.603868,2.805668,1.944877,1.882759,2.854711,
1.790698,1.604379,2.803295,1.936182,1.885643,2.861801,
1.790945,1.604331,2.800603,1.928408,1.889627,2.867475,
1.790809,1.603765,2.800398,1.92896,1.889371,2.865898,
1.790858,1.603483,2.799253,1.926218,1.889345,2.866404,
1.790581,1.603365,2.798825,1.92403,1.889501,2.867239,
1.790315,1.603247,2.79839,1.92194,1.887022,2.866692,
1.789928,1.602944,2.798337,1.919775,1.882919,2.865393,
1.789239,1.602647,2.799006,1.917102,1.876494,2.864315,
1.788746,1.60233,2.799709,1.914112,1.869087,2.863297,
1.788453,1.60199,2.800104,1.910442,1.862867,2.862884,
1.788169,1.601568,2.801137,1.906334,1.857454,2.863986,
1.788258,1.601142,2.802046,1.901643,1.851994,2.865771,
1.788459,1.60077,2.803538,1.89167,1.841894,2.869243,
1.788697,1.600393,2.805441,1.886343,1.836547,2.871323,
1.789178,1.600561,2.806765,1.88167,1.830236,2.872417,
1.790838,1.600504,2.81197,1.868443,1.81134,2.876063,
1.793167,1.600887,2.817006,1.862879,1.795628,2.874833,
1.793792,1.601065,2.817723,1.863683,1.794359,2.873984,
1.795221,1.601455,2.820091,1.861635,1.785967,2.87192,
1.798428,1.602798,2.824998,1.85645,1.769474,2.869535,
1.800323,1.603661,2.827218,1.853356,1.761373,2.868374,
1.802562,1.604633,2.829217,1.850174,1.753768,2.867407,
1.806666,1.606658,2.833532,1.843328,1.737819,2.866084,
1.812261,1.609628,2.837371,1.83559,1.723446,2.865369,
1.818757,1.613705,2.841039,1.828842,1.712255,2.864562,
1.825534,1.618167,2.844622,1.823499,1.702017,2.86264,
1.825899,1.619008,2.844324,1.823372,1.702928,2.862361,
1.829464,1.621607,2.84598,1.820335,1.699372,2.861912,
1.833133,1.624608,2.847097,1.817993,1.695416,2.8602,
1.836841,1.627724,2.848593,1.815339,1.691917,2.859508,
1.840701,1.630953,2.850472,1.810354,1.685723,2.857483,
1.848691,1.638535,2.853303,1.807795,1.683484,2.857199,
1.852704,1.642646,2.855398,1.805905,1.681369,2.856463,
1.864824,1.655785,2.862656,1.800435,1.676158,2.855375,
1.872722,1.666382,2.869289,1.79877,1.673688,2.853289,
1.880241,1.677899,2.876663,1.797915,1.671862,2.851141,
1.883824,1.683911,2.881263,1.797927,1.671653,2.850302,
1.893361,1.703587,2.897149,1.796545,1.670471,2.850348,
1.892164,1.704135,2.898309,1.796547,1.670287,2.850276,
1.894897,1.710856,2.904042,1.796523,1.669851,2.850106,
1.899696,1.724898,2.916654,1.796445,1.669385,2.850792,
1.90179,1.732129,2.923217,1.796551,1.669184,2.851318,
1.903457,1.739371,2.930372,1.79624,1.66888,2.852528,
1.904914,1.746607,2.937638,1.795994,1.668016,2.853964,
1.907044,1.761052,2.952161,1.795451,1.667259,2.857055,
1.907597,1.767894,2.95944,1.795533,1.666167,2.85844,
1.90819,1.774852,2.966516,1.795405,1.665454,2.860213,
1.909456,1.788682,2.980615,1.794473,1.661941,2.865862,
1.907446,1.807346,3.000587,1.792348,1.657444,2.870205,
1.904469,1.818247,3.012255,1.789,1.652189,2.874816,
1.900966,1.8284,3.023288,1.782522,1.645547,2.882091,
1.898434,1.832717,3.028399,1.778965,1.641324,2.885745,
1.889907,1.845078,3.043581,1.768091,1.627792,2.897304,
1.888289,1.844193,3.043482,1.766622,1.625836,2.898019,
1.88478,1.847813,3.048743,1.761769,1.619694,2.902959,
1.881202,1.851347,3.053718,1.757098,1.614178,2.907867,
1.872568,1.85786,3.064408,1.744294,1.600961,2.92075,
1.868018,1.860471,3.069916,1.737226,1.594032,2.928297,
1.86365,1.86351,3.075365,1.729787,1.586932,2.936294,
1.843665,1.872842,3.098022,1.69951,1.55823,2.969927,
1.832559,1.876372,3.109304,1.681731,1.543371,2.989968,
1.82729,1.878431,3.114722,1.671895,1.536917,3.001461,
1.810443,1.883026,3.132259,1.643324,1.521166,3.037849,
1.79876,1.885476,3.144907,1.625406,1.512439,3.063265,
1.788076,1.888075,3.157005,1.610616,1.506004,3.087751,
1.78836,1.887832,3.157077,1.611336,1.506786,3.08762,
1.783881,1.889252,3.163413,1.60499,1.504015,3.099354,
1.778935,1.890561,3.170325,1.599224,1.501842,3.110857,
1.774559,1.891568,3.176604,1.589151,1.498991,3.13401,
1.765924,1.893919,3.190711,1.585842,1.498221,3.144859,
1.761817,1.894117,3.196869,1.582797,1.497762,3.155482,
1.758349,1.894976,3.202448,1.580225,1.497505,3.165888,
1.742012,1.895607,3.224517,1.575593,1.500306,3.2024,
1.733731,1.895109,3.235102,1.576434,1.504645,3.217697,
1.725151,1.895076,3.246526,1.578296,1.510539,3.231477,
1.721143,1.893582,3.251839,1.579126,1.51274,3.238803,
1.70775,1.889614,3.269253,1.584548,1.51634,3.253361,
1.707367,1.88875,3.269055,1.584014,1.515542,3.252991,
1.702451,1.886967,3.274386,1.585361,1.515817,3.257012,
1.697936,1.884466,3.278819,1.586668,1.516154,3.26088,
1.693407,1.882828,3.283657,1.587835,1.516849,3.26511,
1.688433,1.880486,3.288556,1.590339,1.517133,3.272026,
1.678942,1.875334,3.298435,1.591697,1.517191,3.275657,
1.673886,1.872661,3.303408,1.59243,1.51719,3.279289,
1.669263,1.869509,3.308299,1.595984,1.516414,3.290091,
1.649105,1.857009,3.327888,1.597909,1.514711,3.296446,
1.638767,1.849401,3.337399,1.599892,1.511959,3.301416,
1.62888,1.841306,3.346503,1.602021,1.508911,3.30673,
1.623618,1.836939,3.351552,1.60302,1.506492,3.309228,
1.608639,1.823519,3.366335,1.605633,1.496456,3.316483,
1.608767,1.822398,3.365967,1.605444,1.494925,3.316063,
1.603904,1.817751,3.370992,1.606291,1.49163,3.318533,
1.599039,1.812948,3.375768,1.606918,1.487467,3.320709,
1.594533,1.807668,3.38016,1.607327,1.482759,3.32286,
1.590301,1.802788,3.38472,1.608602,1.474244,3.327378,
1.581599,1.792747,3.393833,1.608659,1.470181,3.330038,
1.577414,1.787778,3.398599,1.608949,1.465965,3.332544,
1.57339,1.78271,3.403215,1.608446,1.461741,3.335651,
1.558602,1.762207,3.421824,1.608418,1.443235,3.347727,
1.55289,1.751962,3.430568,1.608841,1.433798,3.353681,
1.547005,1.740966,3.439775,1.608477,1.42345,3.361268,
1.54446,1.735962,3.444366,1.608353,1.419023,3.365656,
1.540416,1.725329,3.453844,1.607858,1.409403,3.375608,
1.541403,1.726036,3.454407,1.607468,1.409722,3.376956,
1.53997,1.721347,3.460271,1.607155,1.404952,3.382872,
1.538603,1.716972,3.46635,1.606836,1.400711,3.389149,
1.537341,1.712575,3.47339,1.60663,1.393068,3.402462,
1.535695,1.704484,3.484401,1.606818,1.389258,3.408998,
1.535059,1.70069,3.490663,1.607427,1.385878,3.415734,
1.533425,1.692704,3.503395,1.608212,1.378862,3.429542,
1.532129,1.68597,3.515903,1.60977,1.372846,3.444042,
1.529686,1.679807,3.528161,1.610081,1.368387,3.457901,
1.526989,1.675002,3.540263,1.60974,1.366648,3.470168,
1.526313,1.675961,3.537019,1.609216,1.367672,3.468591,
1.524712,1.674029,3.541994,1.608376,1.367419,3.474072,
1.522928,1.671793,3.547079,1.607522,1.366518,3.479718,
1.520719,1.670363,3.551919,1.60661,1.366035,3.485031,
1.518989,1.668584,3.555703,1.605786,1.365647,3.489565,
1.516789,1.66683,3.560005,1.604465,1.364994,3.49456,
1.514456,1.665602,3.563789,1.603476,1.36464,3.49901,
1.51197,1.664259,3.568071,1.601608,1.364656,3.503878,
1.509651,1.662858,3.572261,1.599844,1.364571,3.508525,
1.507188,1.662022,3.57633,1.59761,1.36544,3.513676,
1.504921,1.661183,3.58045,1.595326,1.366398,3.518852,
1.502474,1.660131,3.58479,1.592395,1.367482,3.524634,
1.499998,1.659392,3.588625,1.589824,1.36881,3.530404,
1.497742,1.659057,3.592766,1.587269,1.370532,3.536328,
1.495243,1.658413,3.596888,1.583673,1.372264,3.54248,
1.49258,1.658606,3.601122,1.580692,1.374505,3.548858,
1.489926,1.658573,3.605251,1.5772,1.37649,3.554652,
1.487347,1.658482,3.609128,1.574053,1.378276,3.559935,
1.484514,1.659058,3.612653,1.571506,1.380357,3.564991,
1.481729,1.659354,3.616505,1.569047,1.382043,3.569464,
1.478605,1.65938,3.62009,1.5667,1.383425,3.573519,
1.475391,1.659635,3.623093,1.564653,1.385168,3.577594,
1.472494,1.659365,3.625798,1.563172,1.386396,3.580938,
1.469662,1.658511,3.628038,1.562135,1.387235,3.583468,
1.466686,1.657596,3.630332,1.561507,1.3882,3.586488,
1.463954,1.656837,3.632343,1.561437,1.388542,3.587744,
1.462034,1.656491,3.634277,1.561564,1.388787,3.588103,
1.460028,1.657885,3.637408,1.561934,1.389326,3.587682,
1.457777,1.65916,3.641673,1.562007,1.389732,3.586735,
1.454845,1.660023,3.646803,1.561197,1.390628,3.58682,
1.451656,1.662055,3.652324,1.5607,1.392227,3.587291,
1.448771,1.66387,3.657258,1.560124,1.393679,3.587244,
1.446042,1.665283,3.661434,1.559325,1.394912,3.586957,
1.443145,1.666708,3.665723,1.558678,1.396271,3.586816,
1.440595,1.667876,3.67024,1.558236,1.396544,3.585678,
1.438748,1.66862,3.674031,1.557865,1.396826,3.584355,
1.436873,1.669311,3.677325,1.558023,1.396508,3.583085,
1.435493,1.670113,3.681238,1.558147,1.396531,3.582408,
1.434342,1.67024,3.684876,1.558604,1.395659,3.581838,
1.433151,1.670433,3.688312,1.559213,1.395312,3.581599,
1.432008,1.670699,3.692252,1.559249,1.395085,3.582394,
1.43098,1.67076,3.696127,1.559664,1.394891,3.583118,
1.430179,1.671294,3.700198,1.560199,1.395221,3.584013,
1.429592,1.671572,3.704093,1.560126,1.395364,3.585205,
1.429091,1.671542,3.708371,1.560311,1.395185,3.586441,
1.428661,1.671687,3.712097,1.560905,1.39566,3.588065,
1.428393,1.67177,3.716754,1.561238,1.395791,3.590027,
1.428336,1.671599,3.720899,1.561,1.396071,3.592056,
1.428267,1.671774,3.724979,1.56133,1.396579,3.594084,
1.428046,1.671788,3.729109,1.560934,1.397176,3.59652,
1.427926,1.671605,3.733034,1.560554,1.397537,3.599065,
1.427648,1.671659,3.736747,1.560207,1.398437,3.602257,
1.427222,1.671433,3.74038,1.559641,1.399545,3.60585,
1.4268,1.670727,3.74403,1.558607,1.40139,3.611211,
1.426772,1.670587,3.747747,1.558376,1.403014,3.616052,
1.426559,1.670132,3.751095,1.55727,1.405558,3.62225,
1.426574,1.669403,3.754243,1.556297,1.407972,3.628931,
1.426903,1.668964,3.757581,1.55546,1.410944,3.636309,
1.427259,1.668432,3.760795,1.553926,1.414266,3.644547,
1.42782,1.667743,3.763946,1.551945,1.418508,3.653745,
1.428703,1.668022,3.76804,1.551347,1.422272,3.662945,
1.429329,1.668245,3.77242,1.550324,1.427367,3.674238,
1.429902,1.668449,3.777121,1.549317,1.433321,3.687173,
1.43072,1.669208,3.782254,1.548988,1.43944,3.699978,
1.431513,1.669899,3.787293,1.549057,1.447742,3.716675,
1.432424,1.670278,3.792182,1.549131,1.455491,3.732223,
1.43325,1.671445,3.797158,1.55082,1.46458,3.749489,
1.434164,1.672112,3.801879,1.551788,1.474203,3.767118,
1.435362,1.67245,3.806134,1.555765,1.485029,3.78747,
1.437014,1.673028,3.810339,1.561759,1.496991,3.80961,
1.438161,1.673253,3.8137,1.567554,1.510109,3.832249,
1.439425,1.67301,3.816097,1.576468,1.529387,3.863965,
1.44076,1.673199,3.818719,1.585229,1.547906,3.893808,
1.441806,1.673238,3.820536,1.59516,1.571638,3.931385,
1.442696,1.673011,3.822694,1.606162,1.598361,3.974177,
1.443734,1.673201,3.824146,1.618231,1.628542,4.02191,
1.444573,1.673054,3.824342,1.629373,1.658166,4.071485,
1.445829,1.671924,3.824496,1.638159,1.685828,4.120799,
1.446683,1.671476,3.82515,1.643112,1.706383,4.161813,
1.447465,1.670775,3.824482,1.643074,1.719276,4.190859,
1.448396,1.669897,3.824165,1.638906,1.730723,4.215297,
1.448882,1.670008,3.824684,1.625491,1.736017,4.230222,
1.448877,1.670229,3.824559,1.603547,1.735354,4.233584,
1.449057,1.670634,3.824609,1.586505,1.731951,4.234821,
1.449067,1.671666,3.82554,1.571503,1.732489,4.236662,
1.448681,1.672886,3.825794,1.568903,1.719429,4.219467,
1.448052,1.674408,3.825843,1.575674,1.70393,4.201739,
1.447695,1.675671,3.82495,1.582523,1.682675,4.180852,
1.447146,1.676418,3.823878,1.585102,1.658069,4.151178,
1.446935,1.676601,3.822365,1.582671,1.649208,4.14154,
1.446673,1.677346,3.820636,1.574046,1.651406,4.140618,
1.446246,1.677894,3.81938,1.565141,1.648827,4.137498,
1.44605,1.678331,3.817545,1.547906,1.656811,4.141392,
1.44573,1.67931,3.810753,1.528817,1.664029,4.138788,
1.445165,1.680065,3.808251,1.511821,1.668488,4.140918,
1.444723,1.680489,3.805612,1.496725,1.668183,4.137861,
1.444265,1.681261,3.799432,1.48127,1.667435,4.130545,
1.443785,1.681448,3.79517,1.467332,1.665453,4.125758,
1.443503,1.68128,3.791439,1.45268,1.66196,4.119451,
1.443301,1.681842,3.786519,1.441005,1.656304,4.109719,
1.442729,1.681991,3.782805,1.427685,1.653011,4.103444,
1.442609,1.681978,3.778562,1.413832,1.648422,4.094681,
1.442353,1.682349,3.773418,1.40207,1.643243,4.084306,
1.441981,1.682554,3.768888,1.389012,1.638576,4.074299,
1.441878,1.682331,3.764322,1.375875,1.633331,4.06386,
1.441545,1.682971,3.758675,1.364127,1.627687,4.051077,
1.441056,1.683201,3.754957,1.352203,1.622361,4.040894,
1.440744,1.682996,3.750051,1.340635,1.616361,4.02905,
1.440493,1.68341,3.744382,1.330293,1.610281,4.016015,
1.439898,1.683534,3.73909,1.319813,1.603943,4.003188,
1.439347,1.683489,3.736201,1.30956,1.597366,3.992476,
1.439011,1.683794,3.730301,1.299751,1.591181,3.978787,
1.438419,1.683756,3.724159,1.289616,1.584826,3.964669,
1.438121,1.683405,3.719402,1.279954,1.578696,3.952432,
1.437874,1.683512,3.712367,1.271284,1.573062,3.93775,
1.437257,1.683308,3.706102,1.2623,1.567471,3.924248,
1.436837,1.682734,3.698556,1.254277,1.561327,3.909034,
1.436433,1.682828,3.690956,1.247087,1.55574,3.893984,
1.435759,1.682711,3.682577,1.240597,1.549381,3.87773,
1.43537,1.682272,3.67548,1.234694,1.542494,3.862429,
1.434785,1.682378,3.666451,1.229349,1.536128,3.845639,
1.434152,1.682377,3.658396,1.223749,1.53023,3.830179,
1.433651,1.681931,3.648812,1.21815,1.524589,3.813784,
1.433324,1.682252,3.63841,1.213408,1.519625,3.796863,
1.432746,1.682189,3.628808,1.207994,1.515056,3.781127,
1.432289,1.682163,3.612531,1.202823,1.510323,3.758922,
1.432067,1.682248,3.601957,1.197719,1.506741,3.743238,
1.431747,1.682106,3.592266,1.192761,1.502732,3.728421,
1.431692,1.681801,3.582775,1.187754,1.498809,3.71398,
1.431692,1.682057,3.571316,1.183281,1.495354,3.698102,
1.431529,1.681983,3.559616,1.177789,1.492629,3.682812,
1.431649,1.681819,3.54718,1.172181,1.490123,3.667649,
1.431835,1.682114,3.535848,1.165846,1.489578,3.655113,
1.431911,1.682159,3.524698,1.159303,1.488973,3.642779,
1.432303,1.681867,3.51416,1.15313,1.48802,3.631488,
1.432709,1.682284,3.50475,1.146731,1.488404,3.621965,
1.432876,1.682105,3.495378,1.140247,1.488514,3.612624,
1.433349,1.682111,3.485896,1.134153,1.488849,3.603275,
1.433758,1.682492,3.476585,1.128284,1.489815,3.594651,
1.433968,1.682556,3.467045,1.121705,1.491282,3.586358,
1.434332,1.682369,3.457288,1.114906,1.493221,3.578257,
1.434382,1.682625,3.447404,1.108145,1.495671,3.570106,
1.434357,1.682737,3.437179,1.100858,1.49849,3.562191,
1.434492,1.682548,3.42627,1.092487,1.502832,3.555274,
1.434523,1.683172,3.415533,1.084548,1.507003,3.547978,
1.434393,1.683328,3.404808,1.0764,1.511108,3.541091,
1.434187,1.68405,3.394543,1.067668,1.516459,3.535556,
1.434368,1.684668,3.384832,1.059097,1.522425,3.531619,
1.434136,1.684916,3.374944,1.050474,1.527888,3.527242,
1.433923,1.685429,3.365988,1.041361,1.534339,3.524881,
1.433732,1.686,3.357508,1.032551,1.540942,3.522971,
1.433757,1.686618,3.349295,1.023464,1.547832,3.521511,
1.433948,1.687006,3.340565,1.014632,1.554457,3.519608,
1.434446,1.687993,3.331803,1.006036,1.561455,3.517357,
1.435079,1.688702,3.323229,0.9972489,1.568326,3.515105,
1.436124,1.690033,3.314038,0.9882715,1.57617,3.512537,
1.437489,1.69151,3.30515,0.9797465,1.583162,3.50889,
1.438784,1.693155,3.296411,0.9710246,1.590695,3.505727,
1.440661,1.694966,3.287801,0.9624338,1.598223,3.502196,
1.443557,1.697493,3.279912,0.9547827,1.605667,3.498605,
1.446096,1.70002,3.272455,0.9468323,1.613164,3.494883,
1.448717,1.702339,3.265385,0.9393005,1.620489,3.491398,
1.45241,1.705105,3.258559,0.9325268,1.628097,3.487664,
1.455773,1.707421,3.252438,0.9252802,1.635753,3.484894,
1.459433,1.710267,3.246594,0.9181436,1.644029,3.481855,
1.463837,1.713645,3.241495,0.9118508,1.652376,3.478802,
1.467813,1.716635,3.236199,0.9053481,1.660815,3.475392,
1.47238,1.719787,3.231176,0.8994191,1.669871,3.471422,
1.477247,1.722968,3.225722,0.8944689,1.678492,3.467207,
1.482056,1.725926,3.219234,0.8922775,1.685471,3.463196,
1.486924,1.728437,3.212079,0.8865631,1.695416,3.455029,
1.494925,1.72839,3.205508,0.8835419,1.704522,3.448617,
1.500581,1.731308,3.19949,0.8809068,1.713028,3.441793,
1.505999,1.73385,3.19167,0.8788014,1.721843,3.434649,
1.512097,1.73514,3.183427,0.8774901,1.730607,3.427434,
1.517133,1.737252,3.174895,0.8774843,1.737548,3.420259,
1.522304,1.739462,3.167314,0.8768638,1.745832,3.413099,
1.527779,1.741086,3.158955,0.8762722,1.754496,3.406077,
1.5328,1.742794,3.150715,0.876938,1.761703,3.398832,
1.537804,1.744749,3.142713,0.877139,1.769805,3.391906,
1.542814,1.746571,3.134688,0.8776071,1.777724,3.3851,
1.547523,1.748434,3.126939,0.8786293,1.784777,3.378339,
1.552137,1.750571,3.119483,0.8797454,1.79231,3.371477,
1.55657,1.752298,3.112196,0.8805318,1.799542,3.365177,
1.560988,1.754222,3.104367,0.8815,1.807022,3.35893,
1.564989,1.755757,3.097239,0.8831717,1.813183,3.352604,
1.568766,1.757271,3.090077,0.884574,1.820153,3.346291,
1.57223,1.758693,3.082785,0.8857978,1.826569,3.339868,
1.575199,1.760363,3.076094,0.8868311,1.833222,3.334048,
1.577728,1.761734,3.069643,0.8881921,1.839133,3.328043,
1.579645,1.763072,3.063258,0.8893077,1.844711,3.321936,
1.581317,1.764822,3.057278,0.8901889,1.851111,3.316457,
1.582527,1.767073,3.05154,0.8907865,1.857375,3.31128,
1.583267,1.769007,3.045312,0.8909084,1.863203,3.306206,
1.583423,1.771535,3.040385,0.8915901,1.869368,3.300726,
1.583948,1.774093,3.035029,0.8919401,1.876064,3.295964,
1.583676,1.776608,3.029691,0.8920199,1.881476,3.291409,
1.583152,1.780078,3.025341,0.8921648,1.88818,3.286623,
1.582849,1.782935,3.020703,0.8924348,1.894097,3.282018,
1.582039,1.78627,3.016214,0.8929668,1.89922,3.277185,
1.581102,1.790422,3.012088,0.8933889,1.905206,3.272188,
1.580003,1.79429,3.008026,0.8935221,1.911529,3.267826,
1.57836,1.798245,3.004206,0.8940527,1.916923,3.263048,
1.576771,1.803093,3.000364,0.8941166,1.923316,3.258638,
1.574926,1.807689,2.996722,0.8947374,1.929317,3.253798,
1.572822,1.812384,2.993367,0.8952798,1.934836,3.249163,
1.571069,1.81781,2.989798,0.8958528,1.941156,3.244557,
1.569044,1.82301,2.986445,0.8969227,1.947176,3.239626,
1.566826,1.828209,2.983691,0.8981034,1.952736,3.235101,
1.564654,1.833893,2.980889,0.8993267,1.958987,3.230932,
1.562372,1.83963,2.978374,0.9010526,1.965241,3.226548,
1.559734,1.845105,2.976925,0.9025196,1.97123,3.223306,
1.557448,1.851111,2.975728,0.904176,1.977659,3.220507,
1.555048,1.857066,2.975149,0.9064041,1.983973,3.2177,
1.552537,1.862924,2.975056,0.9081707,1.989799,3.215055,
1.550656,1.869258,2.975539,0.9101796,1.996087,3.213355,
1.548886,1.875431,2.97548,0.9122807,2.001829,3.210968,
1.547532,1.881622,2.97623,0.9142976,2.007867,3.209295,
1.546482,1.888171,2.976519,0.9161736,2.014199,3.207827,
1.545073,1.894109,2.97646,0.9181712,2.020458,3.20605,
1.543646,1.899619,2.976882,0.9202138,2.026318,3.204444,
1.542374,1.905178,2.976487,0.9220704,2.033306,3.203296,
1.541104,1.910166,2.975972,0.9240391,2.039853,3.202246,
1.540155,1.915169,2.97558,0.9263697,2.045954,3.20122,
1.539169,1.920069,2.974961,0.9284188,2.053275,3.201353,
1.538391,1.924137,2.973603,0.9315724,2.059645,3.200383,
1.537866,1.927989,2.972733,0.9345714,2.065051,3.200139,
1.537341,1.932238,2.971449,0.9374716,2.071135,3.199993,
1.536777,1.935647,2.969857,0.9403905,2.076771,3.199957,
1.536025,1.938493,2.968458,0.9437493,2.081559,3.199939,
1.534954,1.941499,2.967175,0.9467369,2.087394,3.200543,
1.533602,1.9433,2.965667,0.9509315,2.09233,3.200425,
1.532202,1.944875,2.964237,0.9552021,2.096523,3.200174,
1.530792,1.94629,2.962741,0.9599434,2.100836,3.199818,
1.529528,1.947414,2.961203,0.964372,2.105153,3.199857,
1.528346,1.948419,2.960048,0.9690859,2.109538,3.199938,
1.527517,1.949774,2.958927,0.9742048,2.11369,3.199856,
1.526824,1.950973,2.95801,0.9795556,2.117327,3.199341,
1.526465,1.952208,2.956997,0.9845379,2.121128,3.199143,
1.526544,1.953779,2.956525,0.9893419,2.124124,3.199265,
1.526794,1.95517,2.956178,0.9937105,2.126851,3.199682,
1.527236,1.956597,2.956092,0.9977863,2.129649,3.200459,
1.527962,1.958374,2.956254,1.001478,2.131742,3.201448,
1.528665,1.959972,2.956567,1.005172,2.133113,3.201974,
1.529334,1.961457,2.957434,1.008456,2.134579,3.203304,
1.530381,1.963154,2.958496,1.01122,2.135698,3.204985,
1.53127,1.964715,2.959724,1.013756,2.136532,3.206686,
1.532213,1.965951,2.961587,1.015759,2.137012,3.209291,
1.53319,1.967691,2.9635,1.017427,2.138043,3.211977,
1.534113,1.969012,2.965352,1.019077,2.139057,3.214718,
1.535053,1.970155,2.967609,1.019444,2.139673,3.218207,
1.536344,1.971578,2.9698,1.020276,2.140897,3.221791,
1.537315,1.972532,2.972022,1.020252,2.142084,3.225642,
1.538526,1.973552,2.974156,1.020098,2.142811,3.229333,
1.539862,1.975067,2.976565,1.019745,2.144006,3.233177,
1.541227,1.976303,2.979454,1.019308,2.145148,3.237141,
1.542476,1.977359,2.982375,1.018583,2.145861,3.241301,
1.543849,1.978907,2.985575,1.017927,2.147259,3.245381,
1.545169,1.980043,2.988719,1.016897,2.148535,3.249708,
1.546626,1.981389,2.992124,1.015845,2.149436,3.254038,
1.54848,1.983001,2.995532,1.014976,2.150957,3.258582,
1.550166,1.984293,2.999132,1.014066,2.152551,3.263092,
1.552088,1.985445,3.002754,1.013485,2.154181,3.268054,
1.554398,1.986809,3.006435,1.01351,2.155746,3.272529,
1.556735,1.98795,3.010245,1.014322,2.157254,3.276643,
1.559459,1.988902,3.013716,1.015908,2.158645,3.280377,
1.562346,1.989998,3.017421,1.018726,2.159576,3.283241,
1.565151,1.990536,3.021098,1.021379,2.160256,3.286399,
1.568209,1.991076,3.025151,1.025651,2.160275,3.288441,
1.57131,1.991809,3.028963,1.029722,2.160597,3.29066,
1.574478,1.991792,3.032891,1.035474,2.160244,3.291725,
1.57754,1.992038,3.037151,1.041665,2.159052,3.292185,
1.58064,1.992361,3.041505,1.048338,2.158487,3.292673,
1.583537,1.991863,3.045552,1.055673,2.15765,3.292474,
1.586253,1.991489,3.050187,1.063531,2.156486,3.292026,
1.5887,1.991035,3.055246,1.071522,2.155623,3.291884,
1.590909,1.990098,3.060524,1.079925,2.154817,3.291692,
1.592884,1.988934,3.06602,1.089538,2.15344,3.290376,
1.594494,1.987968,3.071858,1.098608,2.152442,3.28968,
1.595835,1.986705,3.078312,1.109401,2.151454,3.288084,
1.597245,1.98534,3.08495,1.120524,2.150116,3.286222,
1.598746,1.984204,3.09186,1.13132,2.149221,3.285002,
1.600151,1.983006,3.098728,1.14309,2.148868,3.283327,
1.601881,1.981691,3.105778,1.155113,2.148422,3.281868,
1.60422,1.980826,3.112989,1.16655,2.148205,3.281303,
1.60658,1.980036,3.120138,1.178909,2.148819,3.280512,
1.60886,1.979196,3.127622,1.190956,2.148903,3.28002,
1.610927,1.978701,3.135227,1.20297,2.149259,3.279751,
1.612757,1.97786,3.14319,1.215446,2.149736,3.279483,
1.61434,1.977263,3.151587,1.228478,2.149894,3.278936,
1.615616,1.977021,3.160173,1.241058,2.149694,3.278624,
1.616531,1.976662,3.168733,1.25412,2.149849,3.27786,
1.617556,1.976561,3.17713,1.267748,2.149158,3.276338,
1.61884,1.97682,3.185302,1.281619,2.148068,3.274164,
1.620095,1.977325,3.192378,1.295238,2.14703,3.271404,
1.621624,1.978085,3.198554,1.309044,2.145359,3.267298,
1.623412,1.97946,3.204058,1.3227,2.143704,3.262516,
1.624882,1.981054,3.209643,1.335667,2.142009,3.258027,
1.62679,1.982998,3.21407,1.347925,2.140384,3.25312,
1.628695,1.985058,3.218479,1.359771,2.139202,3.248501,
1.630603,1.987365,3.223481,1.37159,2.138306,3.244374,
1.632755,1.989783,3.227907,1.38268,2.137498,3.240444,
1.635336,1.992696,3.232344,1.393449,2.137777,3.237505,
1.637849,1.99527,3.236562,1.404369,2.137892,3.234423,
1.64055,1.998185,3.240333,1.414702,2.13914,3.23177,
1.643298,2.001495,3.243628,1.425516,2.140581,3.228233,
1.645914,2.004616,3.24699,1.435026,2.142682,3.226305,
1.648832,2.00792,3.249749,1.444756,2.145229,3.223977,
1.651998,2.011572,3.251968,1.454247,2.148269,3.221655,
1.654934,2.014898,3.254414,1.463245,2.151272,3.220076,
1.657914,2.018257,3.256582,1.471881,2.155165,3.218985,
1.661048,2.021643,3.258612,1.480738,2.158551,3.217453,
1.664197,2.024599,3.260419,1.488493,2.162449,3.217231,
1.678033,2.029861,3.25347,1.496543,2.16681,3.216611,
1.68147,2.033316,3.254937,1.504483,2.171607,3.216194,
1.684666,2.036419,3.256385,1.511688,2.176271,3.216277,
1.688051,2.039478,3.257511,1.519141,2.181527,3.216183,
1.69038,2.042531,3.259413,1.526451,2.187037,3.216245,
1.69375,2.045522,3.260429,1.533103,2.19234,3.217022,
1.696526,2.048462,3.26157,1.540278,2.19791,3.217015,
1.69902,2.051419,3.263036,1.547964,2.203734,3.21665,
1.702235,2.05382,3.26396,1.553567,2.208573,3.217702,
1.705392,2.056427,3.264896,1.560177,2.213978,3.218168,
1.708441,2.059222,3.266092,1.566795,2.219391,3.218419,
1.712452,2.061898,3.267073,1.572588,2.224244,3.219215,
1.716715,2.064474,3.26763,1.579021,2.229255,3.219691,
1.720695,2.066834,3.268151,1.585053,2.233745,3.220131,
1.725052,2.068663,3.268001,1.590263,2.237444,3.220857,
1.729584,2.070384,3.267947,1.596442,2.240094,3.220209,
1.733965,2.072157,3.267973,1.604381,2.24338,3.218203,
1.738728,2.07325,3.267375,1.610811,2.244694,3.216458,
1.743712,2.074408,3.266817,1.618812,2.245269,3.212978,
1.748913,2.075497,3.266403,1.626223,2.244631,3.209595,
1.753944,2.076053,3.266187,1.633067,2.2426,3.206099,
1.759151,2.076567,3.266098,1.639841,2.239372,3.202341,
1.764335,2.077078,3.265728,1.64703,2.236345,3.198022,
1.769375,2.077299,3.265617,1.65341,2.230982,3.193511,
1.774377,2.07715,3.265841,1.660513,2.224915,3.188142,
1.779772,2.077058,3.265822,1.667297,2.217986,3.182834,
1.784529,2.076591,3.26598,1.674115,2.211076,3.177286,
1.789222,2.075811,3.266003,1.680571,2.202899,3.171371,
1.793964,2.07534,3.266085,1.687692,2.194428,3.164842,
1.798219,2.074403,3.266281,1.693575,2.185944,3.159378,
1.802402,2.073452,3.266153,1.700615,2.176832,3.152365,
1.806702,2.072958,3.266207,1.706817,2.167419,3.146062,
1.810331,2.071796,3.266265,1.710875,2.157823,3.141523,
1.813987,2.070759,3.266276,1.717045,2.148913,3.135348,
1.817331,2.069899,3.266939,1.724447,2.140214,3.128257,
1.820518,2.068686,3.267838,1.729501,2.131377,3.123735,
1.823634,2.067425,3.268605,1.736261,2.122647,3.11765,
1.826618,2.066608,3.26972,1.742741,2.114032,3.111871,
1.829306,2.065337,3.270599,1.747052,2.105816,3.108192,
1.83189,2.06388,3.271264,1.754564,2.097795,3.101435,
1.834602,2.06306,3.272303,1.761823,2.089746,3.095173,
1.836876,2.061816,3.273209,1.767135,2.082467,3.090962,
1.839152,2.060967,3.274082,1.775438,2.075216,3.083936,
1.842412,2.060659,3.275298,1.783364,2.068059,3.07764,
1.846001,2.060338,3.276455,1.791557,2.062073,3.071818,
1.850108,2.059793,3.27574,1.809139,2.058225,3.057389,
1.854697,2.059579,3.274686,1.812186,2.051328,3.055571,
1.858802,2.059096,3.273258,1.819642,2.0473,3.050205,
1.862693,2.058893,3.271285,1.827132,2.042493,3.04379,
1.866671,2.059306,3.269834,1.834501,2.03755,3.037585,
1.870127,2.059295,3.267965,1.841013,2.033396,3.031889,
1.874218,2.059467,3.266289,1.848142,2.0283,3.025806,
1.878762,2.059911,3.264516,1.854566,2.023028,3.020367,
1.882795,2.060456,3.263995,1.860621,2.017896,3.015956,
1.88687,2.061236,3.263718,1.86639,2.012427,3.011939,
1.890905,2.06233,3.263557,1.871164,2.007248,3.008967,
1.894858,2.063358,3.263603,1.875667,2.002196,3.006557,
1.898863,2.064463,3.263202,1.880001,1.997952,3.004103,
1.903003,2.065382,3.262486,1.883942,1.994108,3.002096,
1.906956,2.066079,3.261479,1.888222,1.991069,2.999831,
1.911242,2.066663,3.260483,1.89254,1.989219,2.997914,
1.915827,2.067199,3.259387,1.896366,1.987755,2.996465,
1.920582,2.06779,3.258144,1.900995,1.986888,2.994552,
1.925276,2.068663,3.256499,1.906012,1.987535,2.992043,
1.929616,2.069653,3.254824,1.910758,1.987883,2.989503,
1.933597,2.070441,3.253639,1.91621,1.991312,2.987234,
1.937207,2.071175,3.25259,1.921857,1.993261,2.984032,
1.940609,2.071729,3.251666,1.927986,1.997442,2.981239,
1.944192,2.071921,3.251047,1.933087,2.000797,2.979446,
1.94815,2.072315,3.249996,1.938481,2.004449,2.977347,
1.951897,2.072433,3.24903,1.94371,2.008548,2.975591,
1.955356,2.072673,3.248868,1.948417,2.012344,2.974477,
1.958741,2.073076,3.248712,1.95272,2.016397,2.973761,
1.961984,2.0732,3.248633,1.957043,2.02015,2.972887,
1.965074,2.073322,3.248854,1.960895,2.024104,2.972531,
1.967916,2.07377,3.249171,1.964407,2.027708,2.972387,
1.970656,2.073928,3.249477,1.967616,2.031299,2.972554,
1.973359,2.074075,3.249568,1.970853,2.035141,2.972723,
1.975976,2.074169,3.250319,1.974245,2.038459,2.972908,
1.978348,2.074542,3.251258,1.977007,2.041875,2.973581,
1.98064,2.07472,3.252074,1.980044,2.045776,2.974127,
1.983091,2.075119,3.253443,1.98312,2.04929,2.975001,
1.985669,2.075688,3.25489,1.986023,2.052902,2.975936,
1.988439,2.075994,3.257046,1.989291,2.057178,2.97742,
1.991573,2.076485,3.258862,1.992717,2.060737,2.978633,
1.994557,2.077121,3.260212,1.996304,2.064834,2.979264,
1.997473,2.077919,3.263002,1.999976,2.068967,2.980652,
2.000567,2.079096,3.265549,2.003898,2.07286,2.981709,
2.003435,2.080577,3.268271,2.008137,2.076957,2.982357,
2.006325,2.081901,3.271428,2.012281,2.08095,2.983587,
2.009312,2.083662,3.274321,2.016685,2.084789,2.984143,
2.012249,2.085756,3.27708,2.021002,2.088693,2.98466,
2.015578,2.087562,3.280117,2.02518,2.092716,2.985686,
2.019197,2.08967,3.282701,2.029327,2.096413,2.986389,
2.02244,2.09187,3.285809,2.033448,2.100139,2.987337,
2.025652,2.093791,3.289559,2.037407,2.103933,2.988905,
2.028955,2.09609,3.292764,2.041191,2.107369,2.990214,
2.032088,2.098206,3.296149,2.045111,2.110619,2.991716,
2.03512,2.100147,3.299789,2.048878,2.113325,2.993351,
2.038232,2.102307,3.303041,2.052537,2.115857,2.994946,
2.041054,2.10436,3.306266,2.056792,2.11829,2.995981,
2.043876,2.10631,3.310269,2.060497,2.120289,2.997824,
2.046834,2.108594,3.312893,2.064241,2.121786,2.99877,
2.049672,2.110987,3.315004,2.067614,2.123103,2.999618,
2.052528,2.113275,3.316594,2.071234,2.124778,3.000265,
2.055719,2.115887,3.317874,2.074697,2.125847,3.000752,
2.058566,2.118231,3.319428,2.077637,2.126703,3.001808,
2.061716,2.12042,3.320505,2.080659,2.128103,3.003068,
2.065049,2.122718,3.3211,2.083389,2.129025,3.00411,
2.068064,2.125042,3.321824,2.086325,2.129904,3.004869,
2.071287,2.12729,3.321933,2.088918,2.131256,3.006034,
2.074738,2.129759,3.322325,2.091901,2.13214,3.006822,
2.077752,2.132281,3.322922,2.093954,2.133042,3.00861,
2.080935,2.13454,3.322664,2.096133,2.134515,3.0099,
2.084519,2.136973,3.322099,2.10134,2.13561,3.008163,
2.087668,2.1392,3.321452,2.102789,2.136414,3.009448,
2.090826,2.141312,3.317123,2.10444,2.137894,3.006956,
2.094275,2.143531,3.312813,2.107151,2.13881,3.003137,
2.09741,2.145695,3.313112,2.103033,2.13818,3.009155,
2.100633,2.147724,3.311728,2.103626,2.138878,3.010211,
2.103895,2.149919,3.310355,2.102573,2.139217,3.01294,
2.106801,2.152243,3.308865,2.102025,2.140635,3.015043,
2.109873,2.154125,3.30694,2.101403,2.14168,3.0167,
2.112915,2.156154,3.304466,2.100332,2.142654,3.018294,
2.115624,2.158067,3.302722,2.098189,2.143486,3.021327,
2.118119,2.159648,3.301288,2.096567,2.144726,3.024326,
2.120896,2.161349,3.299742,2.093842,2.146124,3.028662,
2.123065,2.163066,3.299103,2.090474,2.147092,3.033939,
2.125,2.164361,3.298479,2.086616,2.148854,3.039887,
2.126927,2.165381,3.297706,2.082898,2.15067,3.045964,
2.128703,2.166646,3.297813,2.077927,2.1525,3.053646,
2.130419,2.167584,3.298027,2.073154,2.15435,3.060945,
2.13228,2.168781,3.297133,2.067858,2.156739,3.0682,
2.133841,2.169734,3.296996,2.062488,2.159222,3.07572,
2.135141,2.170566,3.297504,2.056936,2.161107,3.083819,
2.136557,2.171217,3.297741,2.051199,2.163564,3.092572,
2.137594,2.172094,3.297808,2.045421,2.165551,3.100532,
2.138708,2.172585,3.296046,2.039906,2.168255,3.107631,
2.140054,2.173242,3.295204,2.034447,2.170799,3.115123,
,,,,

2.140946,2.173691,3.294183,2.029929,2.173957,3.12153,
2.141854,2.173839,3.29474,2.019814,2.178718,3.135452,
2.144397,2.17452,3.291645,2.016635,2.181967,3.140287,
2.145096,2.174228,3.290966,2.007994,2.187035,3.151714,
2.150617,2.17379,3.283667,1.99823,2.194896,3.164916,
2.154183,2.173799,3.279299,1.994138,2.19909,3.170089,
2.159001,2.172073,3.272822,1.99313,2.206072,3.173102,
2.160523,2.171209,3.27061,1.993389,2.212247,3.175198,
2.165304,2.16852,3.264828,1.992924,2.219279,3.178613,
2.166639,2.1678,3.262427,1.991379,2.226671,3.183173,
2.168101,2.164656,3.259182,1.988464,2.234294,3.190135,
2.16816,2.162195,3.257876,1.983742,2.240768,3.198511,
2.167645,2.159945,3.257921,1.977462,2.245667,3.20815,
2.167736,2.157898,3.259454,1.969881,2.248369,3.218672,
2.167487,2.158148,3.260151,1.968844,2.246784,3.219045,
2.167511,2.157267,3.26191,1.965455,2.246905,3.223793,
2.167849,2.156199,3.266029,1.958558,2.246389,3.233626,
2.167963,2.155436,3.273093,1.953099,2.244375,3.243635,
2.16795,2.154217,3.282538,1.950005,2.242022,3.253437,
2.168101,2.15279,3.288137,1.949412,2.24043,3.258302,
2.168222,2.151928,3.301278,1.950131,2.237006,3.267027,
2.168717,2.14921,3.324081,1.952122,2.232479,3.282863,
2.168752,2.148426,3.341815,1.957117,2.228365,3.291368,
2.168793,2.146182,3.357923,1.961558,2.223502,3.299391,
2.168958,2.145737,3.3656,1.963505,2.220479,3.3028,
2.168741,2.14424,3.381431,1.967538,2.213656,3.309557,
2.168496,2.14302,3.395529,1.971216,2.205729,3.315003,
2.168428,2.142923,3.395888,1.97072,2.204244,3.315154,
2.167961,2.141516,3.409689,1.973575,2.195131,3.321599,
2.167748,2.140732,3.443384,1.97928,2.170795,3.337537,
2.164964,2.136384,3.455387,1.980665,2.15998,3.343111,
2.164242,2.135596,3.468223,1.981564,2.150382,3.350319,
2.16194,2.133487,3.481422,1.979861,2.141052,3.359825,
2.498647,2.961,1.424185,2.302283,2.995198,1.418848,
2.492033,2.966281,1.42486,2.306949,3.011454,1.435944,
2.488888,2.968449,1.425711,2.309783,3.01918,1.445591,
2.482052,2.975493,1.430241,2.3189,3.041205,1.475773,
2.478579,2.980966,1.433479,2.325739,3.054468,1.497218,
2.47476,2.985361,1.436512,2.333432,3.066201,1.52003,
2.472194,2.990308,1.440681,2.340752,3.07683,1.5422,
2.469749,2.994372,1.444248,2.347455,3.085283,1.562487,
2.469897,2.993903,1.443293,2.347331,3.084282,1.561317,
2.468414,2.995525,1.443749,2.351136,3.08828,1.57018,
2.466724,2.996954,1.443737,2.356349,3.091175,1.57766,
2.465331,2.998604,1.443671,2.361564,3.094938,1.58461,
2.463819,3.000059,1.443554,2.365251,3.097246,1.589032,
2.462148,3.001076,1.443374,2.368962,3.097122,1.595206,
2.458416,3.001965,1.440908,2.370119,3.095871,1.597993,
2.456406,3.001895,1.439537,2.372449,3.093529,1.600347,
2.450015,3.001216,1.435293,2.379111,3.085047,1.606788,
2.444653,2.998474,1.429347,2.37981,3.075955,1.605138,
2.444583,2.997245,1.427775,2.375564,3.072731,1.598404,
2.442643,2.996361,1.424873,2.372734,3.066953,1.593297,
2.43837,2.99349,1.416989,2.364077,3.053512,1.578971,
2.43629,2.991831,1.412498,2.356501,3.043204,1.567194,
2.434136,2.990121,1.407587,2.337827,3.013518,1.536512,
2.426824,2.984774,1.388347,2.320123,2.986784,1.505374,
2.423613,2.981212,1.377946,2.303158,2.959978,1.4742,
2.421771,2.978781,1.37287,2.29358,2.946082,1.456878,
2.416417,2.970249,1.357383,2.264011,2.901695,1.404314,
2.414596,2.96644,1.35233,2.252996,2.885362,1.385962,
2.409105,2.952626,1.337294,2.217962,2.833522,1.327035,
2.405544,2.941801,1.327804,2.198186,2.801578,1.289492,
2.40232,2.929541,1.319414,2.181883,2.771244,1.254232,
2.40229,2.927163,1.319203,2.182848,2.771972,1.254856,
2.401047,2.920973,1.315461,2.175203,2.757478,1.237925,
2.399963,2.913903,1.313126,2.159476,2.728502,1.204417,
2.398793,2.898926,1.306755,2.151088,2.714009,1.187321,
2.398445,2.891225,1.304516,2.14221,2.698611,1.169654,
2.398436,2.88287,1.303954,2.124231,2.66816,1.13493,
2.39915,2.850461,1.298389,2.100102,2.623492,1.086584,
2.3999,2.833225,1.297724,2.082572,2.592648,1.054473,
2.400406,2.824981,1.29773,2.074786,2.577445,1.039479,
2.40045,2.799826,1.296353,2.052445,2.529749,0.9947629,
2.399234,2.783144,1.293352,2.040443,2.496749,0.9668879,
2.397177,2.765939,1.288739,2.033917,2.46534,0.9444043,
2.39636,2.765224,1.287118,2.035152,2.465438,0.9446627,
2.395041,2.755954,1.284146,2.034584,2.451252,0.9361852,
2.393392,2.746743,1.280472,2.036448,2.437629,0.9301437,
2.391829,2.737337,1.276951,2.038228,2.424619,0.9245579,
2.389994,2.727675,1.2729,2.041603,2.41258,0.9208894,
2.387682,2.718162,1.268561,2.046353,2.400981,0.9196953,
2.385375,2.709184,1.26463,2.051769,2.390397,0.9198584,
2.382509,2.700363,1.260081,2.057716,2.380131,0.9210966,
2.379515,2.691951,1.255411,2.065876,2.371392,0.925161,
2.376611,2.684038,1.25062,2.074661,2.363359,0.9298792,
2.373668,2.676124,1.245666,2.083993,2.355862,0.9350643,
2.3705,2.668233,1.239952,2.093844,2.349255,0.94066,
2.367246,2.660594,1.2338,2.104347,2.34484,0.9468646,
2.363564,2.652828,1.227055,2.114008,2.33948,0.9519877,
2.359926,2.645264,1.219016,2.122385,2.333445,0.9542105,
2.358214,2.640115,1.213712,2.129617,2.327236,0.9560004,
2.354409,2.632518,1.204883,2.137386,2.320832,0.9571926,
2.35094,2.625689,1.197148,2.144528,2.314344,0.9586089,
2.348329,2.618546,1.190147,2.149104,2.307214,0.9577516,
2.344838,2.611517,1.182848,2.1548,2.300828,0.9586163,
2.341643,2.604499,1.176178,2.156121,2.293098,0.9556239,
2.338632,2.597337,1.17,2.159177,2.286142,0.954758,
2.335297,2.591052,1.165,2.159533,2.27921,0.9528369,
2.332505,2.585232,1.160708,2.157476,2.271007,0.9484344,
2.329487,2.579211,1.15591,2.152912,2.262844,0.9411442,
2.326156,2.573562,1.151708,2.146761,2.253562,0.9328614,
2.322973,2.568112,1.147043,2.13262,2.241739,0.9158658,
2.319596,2.562213,1.142397,2.113066,2.228585,0.8936806,
2.315887,2.556525,1.137323,2.083827,2.21066,0.8614162,
2.312592,2.551134,1.132444,2.043443,2.186127,0.8175256,
2.309348,2.545647,1.127193,1.999882,2.15555,0.769533,
2.305584,2.540351,1.121604,1.958904,2.122311,0.7237328,
2.30221,2.535128,1.115964,1.912604,2.083775,0.6717704,
2.299484,2.530341,1.111015,1.862612,2.03645,0.6157446,
2.297056,2.52612,1.106475,1.818015,2.009282,0.56668,
2.295091,2.522329,1.102175,1.777961,1.992426,0.522325,
2.293005,2.518966,1.098831,1.744432,1.993828,0.4863703,
2.290936,2.515437,1.095257,1.731037,1.991378,0.4701132,
2.288842,2.512977,1.092362,1.725115,1.990505,0.4617744,
2.286394,2.510886,1.09047,1.730933,2.002312,0.4679883,
2.283518,2.509352,1.088269,1.729316,2.006689,0.4666292,
2.281,2.508508,1.088096,1.730405,2.008543,0.4691525,
2.278657,2.508336,1.088886,1.740359,2.003989,0.4796694,
2.276186,2.508137,1.090732,1.757184,1.997043,0.4976159,
2.273953,2.508005,1.092703,1.773946,1.995711,0.5163767,
2.271257,2.507639,1.095453,1.778778,1.997744,0.5256074,
2.268879,2.507488,1.098065,1.782265,2.000551,0.5332226,
2.266574,2.507566,1.09957,1.783833,2.006941,0.5392578,
2.264417,2.50773,1.1006,1.788096,2.016009,0.5481082,
2.262338,2.507961,1.101025,1.794833,2.025135,0.5594593,
2.260746,2.508208,1.101954,1.800307,2.033826,0.5702949,
2.258863,2.508722,1.102215,1.810062,2.040153,0.5847967,
2.257117,2.509281,1.102757,1.820066,2.04537,0.6003073,
2.25537,2.509937,1.103325,1.830646,2.049162,0.616155,
2.253667,2.510557,1.104004,1.843304,2.053638,0.6352167,
2.251853,2.511244,1.104974,1.855761,2.060229,0.6544822,
2.250243,2.511719,1.10614,1.867733,2.067086,0.6742383,
2.248386,2.512249,1.107813,1.879091,2.075231,0.6946784,
2.246624,2.512741,1.1097,1.889456,2.085013,0.7145488,
2.244679,2.513263,1.112057,1.899191,2.096096,0.73526,
2.24299,2.513841,1.115316,1.908868,2.106575,0.7560065,
2.241466,2.514365,1.119314,1.919095,2.118755,0.7780799,
2.239893,2.515135,1.123482,1.931042,2.131934,0.8014424,
2.238446,2.515573,1.128897,1.941741,2.144168,0.8236841,
2.237118,2.515928,1.135425,1.953058,2.157174,0.8470549,
2.235734,2.516319,1.141268,1.96555,2.171078,0.8711342,
2.234381,2.516567,1.148033,1.975123,2.18414,0.8922709,
2.233136,2.516789,1.154841,1.985988,2.198388,0.9151451,
2.231812,2.516927,1.161427,1.99662,2.214149,0.9376648,
2.230521,2.517218,1.169008,2.005964,2.228958,0.9594398,
2.229435,2.517539,1.176468,2.016076,2.244408,0.9823539,
2.228147,2.517792,1.184504,2.025278,2.259103,1.004604,
2.22723,2.518223,1.192993,2.034979,2.273479,1.027385,
2.226487,2.518676,1.202637,2.0432,2.285983,1.049241,
2.225569,2.519123,1.212765,2.050891,2.297896,1.071188,
2.224836,2.519511,1.223558,2.057067,2.308474,1.091945,
2.224086,2.519965,1.234631,2.062798,2.318208,1.112649,
2.223301,2.520526,1.245845,2.067618,2.327428,1.132568,
2.222623,2.521044,1.256957,2.071253,2.336038,1.150962,
2.221955,2.521652,1.267846,2.074512,2.34396,1.168816,
2.221245,2.522549,1.278016,2.069775,2.332839,1.170578,
2.220572,2.52334,1.287578,2.066387,2.321275,1.171506,
2.219873,2.524253,1.296208,2.066025,2.315283,1.175634,
2.219355,2.525282,1.30549,2.064992,2.311049,1.180851,
2.218557,2.526316,1.311319,2.060543,2.308305,1.181618,
2.217881,2.527539,1.318602,2.05718,2.30756,1.185724,
2.217265,2.528969,1.325749,2.054436,2.311155,1.192737,
2.216774,2.530398,1.332112,2.051955,2.313197,1.198911,
2.216356,2.532086,1.33902,2.048018,2.315034,1.20432,
2.215763,2.533659,1.346006,2.044739,2.316342,1.210062,
2.21557,2.535535,1.353207,2.04137,2.318591,1.215869,
2.215462,2.537748,1.358712,2.038342,2.321155,1.220509,
2.215087,2.539789,1.363851,2.034682,2.323761,1.224352,
2.214985,2.542159,1.369519,2.031078,2.327418,1.228668,
2.214818,2.544527,1.374164,2.027733,2.330553,1.232197,
2.214563,2.547031,1.379243,2.024033,2.334607,1.23619,
2.214189,2.549436,1.384172,2.020411,2.338877,1.240333,
2.213842,2.552185,1.389567,2.016165,2.342664,1.244038,
2.213576,2.554797,1.395872,2.012366,2.346571,1.249225,
2.213322,2.557461,1.402238,2.008505,2.351285,1.254521,
2.213228,2.560353,1.408941,2.004225,2.354874,1.258977,
2.213133,2.563369,1.41529,2.00038,2.358657,1.263443,
2.212892,2.566166,1.42141,1.996267,2.362645,1.267633,
2.212484,2.569162,1.427211,1.992209,2.366706,1.271619,
2.212173,2.57201,1.432876,1.988383,2.371183,1.276026,
2.211874,2.574842,1.438723,1.984586,2.375045,1.28019,
2.211371,2.577852,1.443879,1.980612,2.379732,1.284105,
2.210972,2.580745,1.44962,1.977074,2.384668,1.289115,
2.210415,2.583513,1.4553,1.973571,2.389103,1.293856,
2.209918,2.586372,1.460923,1.970303,2.394381,1.299084,
2.209524,2.589485,1.467024,1.967373,2.399804,1.304808,
2.208953,2.592303,1.473378,1.96463,2.405364,1.311174,
2.208404,2.59518,1.479746,1.96244,2.411382,1.318103,
2.208287,2.598922,1.486648,1.960624,2.417742,1.325351,
2.207511,2.601583,1.492944,1.959172,2.424266,1.333213,
2.207211,2.604476,1.499239,1.958114,2.430853,1.341032,
2.206322,2.607376,1.505118,1.956768,2.437405,1.348534,
2.205084,2.609552,1.510219,1.956182,2.444109,1.356602,
2.204231,2.61222,1.515661,1.955803,2.450869,1.364667,
2.203646,2.615013,1.521396,1.95583,2.457531,1.373001,
2.203125,2.617698,1.52773,1.955992,2.464281,1.38204,
2.202432,2.620497,1.533936,1.956198,2.470813,1.391001,
2.201802,2.623214,1.540583,1.956925,2.477338,1.400564,
2.201062,2.625829,1.547503,1.957843,2.483736,1.410546,
2.199885,2.628074,1.553789,1.958996,2.489723,1.420355,
2.19924,2.63043,1.561141,1.960312,2.495684,1.430984,
2.198462,2.632683,1.567468,1.961812,2.501338,1.440683,
2.197734,2.63469,1.573214,1.963342,2.506694,1.449803,
2.196896,2.636684,1.579438,1.964892,2.511717,1.459345,
2.196033,2.638527,1.585794,1.966478,2.516487,1.468874,
2.195113,2.640194,1.591911,1.967972,2.52099,1.478212,
2.194295,2.641743,1.598005,1.969338,2.52503,1.487097,
2.193547,2.643381,1.604561,1.970724,2.529176,1.496367,
2.192637,2.644837,1.611002,1.971992,2.533001,1.505555,
2.192044,2.646484,1.617961,1.973356,2.536565,1.514814,
2.191541,2.64813,1.62521,1.974684,2.540061,1.524168,
2.191065,2.649662,1.632698,1.975854,2.543238,1.53356,
2.190794,2.651341,1.640727,1.977031,2.546171,1.54311,
2.190689,2.653026,1.648875,1.97831,2.549011,1.552626,
2.190996,2.654886,1.657551,1.97914,2.551357,1.561851,
2.190911,2.656805,1.666083,1.979971,2.553795,1.571131,
2.191028,2.658673,1.674277,1.980521,2.556007,1.579779,
2.191648,2.661057,1.683453,1.980958,2.557983,1.588716,
2.191863,2.663289,1.691565,1.9811,2.559969,1.596748,
2.192332,2.665415,1.700148,1.981491,2.561941,1.605348,
2.192516,2.667375,1.708202,1.98185,2.563839,1.613984,
2.192808,2.669247,1.715733,1.98233,2.565877,1.6221,
2.19333,2.671148,1.722243,1.983102,2.568185,1.629628,
2.193359,2.672657,1.728364,1.983667,2.570447,1.637327,
2.193719,2.674278,1.733858,1.984266,2.573037,1.644396,
2.194079,2.676162,1.740108,1.984941,2.575677,1.652196,
2.194256,2.677595,1.74602,1.987289,2.578036,1.660624,
2.194737,2.679211,1.752707,1.987934,2.581227,1.669318,
2.195333,2.68084,1.758588,1.987962,2.584905,1.677006,
2.195926,2.682565,1.76488,1.988477,2.588099,1.685118,
2.196478,2.684242,1.770347,1.988962,2.591399,1.692507,
2.196922,2.685972,1.77495,1.989988,2.595485,1.699956,
2.196898,2.687852,1.779215,1.990203,2.598817,1.706479,
2.196849,2.689815,1.783097,1.99048,2.602401,1.712761,
2.19678,2.691891,1.78659,1.991136,2.606373,1.719123,
2.196794,2.694238,1.790533,1.991404,2.609873,1.725387,
2.196853,2.696488,1.794142,1.992081,2.614178,1.73191,
2.197128,2.6987,1.798976,1.990802,2.61642,1.736782,
2.197278,2.701314,1.803522,1.990499,2.620223,1.742929,
2.197661,2.703866,1.808767,1.990248,2.623898,1.749431,
2.197923,2.706567,1.813607,1.989916,2.628183,1.755807,
2.1981,2.709169,1.818523,1.988965,2.632188,1.761896,
2.198025,2.711969,1.821758,1.987911,2.636399,1.76628,
2.197711,2.714919,1.825452,1.986863,2.640889,1.771263,
2.197751,2.718119,1.828696,1.985779,2.645294,1.775507,
2.19718,2.721082,1.832245,1.984862,2.650084,1.780446,
2.196611,2.724048,1.835328,1.983298,2.654978,1.784627,
2.195881,2.727409,1.837623,1.981456,2.660235,1.78815,
2.195094,2.73067,1.84104,1.979896,2.665491,1.792806,
2.19413,2.734276,1.844481,1.977133,2.67037,1.796399,
2.19315,2.737754,1.847613,1.974573,2.675172,1.80005,
2.191744,2.741453,1.851143,1.97197,2.680453,1.80438,
2.190217,2.745471,1.854906,1.969386,2.685652,1.808797,
2.188684,2.749712,1.858453,1.966634,2.690949,1.812946,
2.186687,2.753675,1.86207,1.963933,2.696276,1.817453,
2.184525,2.757804,1.865855,1.9609,2.702062,1.822312,
2.181815,2.761754,1.868039,1.957586,2.707975,1.826207,
2.179368,2.765873,1.871346,1.954666,2.714623,1.831397,
2.176881,2.770303,1.874836,1.95137,2.72112,1.836325,
2.174058,2.774916,1.877595,1.94823,2.727512,1.840893,
2.170894,2.77964,1.881251,1.945024,2.734332,1.846443,
2.167641,2.784377,1.885001,1.94101,2.740465,1.851028,
2.163399,2.788339,1.887221,1.937547,2.747814,1.856824,
2.159765,2.792608,1.891052,1.933888,2.754535,1.862761,
2.156193,2.79674,1.895243,1.93139,2.76332,1.871425,
2.152681,2.801068,1.899727,1.927907,2.771276,1.87887,
2.148579,2.804547,1.903772,1.923573,2.778532,1.886069,
2.144778,2.807958,1.90874,1.920337,2.787111,1.895497,
2.14036,2.810858,1.912451,1.916452,2.79551,1.903972,
2.136106,2.813745,1.916068,1.913029,2.80392,1.912741,
2.132007,2.816465,1.920441,1.910195,2.812912,1.922807,
2.12856,2.81953,1.92467,1.907354,2.822632,1.932875,
2.124952,2.82208,1.928324,1.905567,2.831877,1.942907,
2.121613,2.824489,1.932194,1.903704,2.841261,1.95302,
2.117611,2.826616,1.935785,1.901791,2.850874,1.963712,
2.113708,2.828213,1.9385,1.900374,2.859836,1.973638,
2.110217,2.829984,1.942508,1.898937,2.868873,1.984529,
2.107018,2.832242,1.946069,1.897318,2.877163,1.99395,
2.103717,2.834384,1.950261,1.896764,2.885727,2.004737,
2.100598,2.836512,1.954492,1.896557,2.894027,2.015416,
2.098929,2.839642,1.958565,1.897062,2.901997,2.024968,
2.095768,2.84116,1.961453,1.897889,2.909781,2.03503,
2.092811,2.842479,1.963927,1.898707,2.917445,2.04476,
2.090994,2.844524,1.966149,1.900185,2.92431,2.053235,
2.088328,2.84546,1.967643,1.902336,2.930645,2.061713,
2.085854,2.846265,1.969203,1.905224,2.936449,2.069829,
2.084533,2.847837,1.971322,1.908969,2.941247,2.077151,
2.081966,2.848325,1.972725,1.913368,2.945497,2.084551,
2.079532,2.848833,1.974356,1.918867,2.949036,2.091878,
2.077829,2.84976,1.976209,1.923094,2.952352,2.098572,
2.075672,2.849935,1.977585,1.927597,2.954563,2.104569,
2.073534,2.849643,1.977454,1.931118,2.955586,2.108448,
2.072155,2.849741,1.978112,1.934266,2.956063,2.11183,
2.070347,2.849086,1.977505,1.937586,2.95721,2.115172,
2.069064,2.848657,1.976639,1.940365,2.957246,2.116928,
2.068656,2.848641,1.976061,1.94422,2.955736,2.117231,
2.06734,2.847926,1.974486,1.948731,2.955333,2.118621,
2.066106,2.847464,1.972784,1.954304,2.953203,2.118,
2.065121,2.84668,1.970685,1.959251,2.95144,2.117628,
2.0637,2.845446,1.967867,1.964254,2.948439,2.115611,
2.06245,2.84433,1.964932,1.967231,2.943897,2.111093,
2.061446,2.843133,1.961812,1.968673,2.938118,2.104973,
2.060511,2.841633,1.958497,1.970155,2.931613,2.098316,
2.059666,2.84016,1.95481,1.969692,2.922807,2.088522,
2.059067,2.83873,1.95058,1.968549,2.913582,2.077714,
2.058312,2.837043,1.946014,1.967065,2.903191,2.065545,
2.057494,2.835668,1.941692,1.965647,2.893368,2.053592,
2.057013,2.834169,1.937037,1.963073,2.881896,2.039487,
2.056381,2.832124,1.931377,1.960381,2.869797,2.024089,
2.055816,2.830032,1.926017,1.956465,2.856817,2.007762,
2.055903,2.828645,1.921864,1.952837,2.843632,1.991734,
2.055597,2.826002,1.915184,1.948851,2.830163,1.974243,
2.05547,2.823267,1.909034,1.945395,2.816765,1.957238,
2.055871,2.821355,1.903923,1.941953,2.802039,1.939322,
2.056146,2.81873,1.897881,1.937993,2.787235,1.920903,
2.056777,2.816416,1.891847,1.93458,2.772676,1.902477,
2.058279,2.814588,1.886328,1.930799,2.758076,1.883719,
2.059477,2.812194,1.879834,1.926657,2.743254,1.864112,
2.061295,2.810086,1.874138,1.922694,2.727624,1.844203,
2.063219,2.807548,1.867747,1.91852,2.712126,1.823909,
2.065753,2.805641,1.862039,1.914131,2.696957,1.80363,
2.068368,2.803578,1.856279,1.910256,2.681681,1.783417,
2.071875,2.802004,1.851628,1.905992,2.666452,1.763586,
2.075729,2.800417,1.846811,1.902918,2.651968,1.744323,
2.079614,2.798545,1.841877,1.899618,2.637587,1.725111,
2.084962,2.797841,1.837721,1.895685,2.623038,1.70504,
2.089697,2.796093,1.832392,1.892626,2.609161,1.685428,
2.094702,2.794081,1.828125,1.889826,2.595995,1.667381,
2.101094,2.793598,1.825084,1.886525,2.583125,1.649095,
2.106045,2.791447,1.81951,1.884015,2.570486,1.63038,
2.110751,2.788526,1.813573,1.881142,2.558472,1.612492,
2.116809,2.787321,1.809772,1.878451,2.546562,1.594941,
2.121606,2.784659,1.803334,1.876011,2.534724,1.576621,
2.12729,2.782594,1.798629,1.872894,2.523935,1.559837,
2.131952,2.779392,1.792217,1.8704,2.513074,1.542784,
2.136515,2.775722,1.784654,1.867859,2.502311,1.524994,
2.139849,2.770441,1.776028,1.865069,2.491758,1.508014,
2.145696,2.768796,1.770809,1.862451,2.481047,1.490618,
2.149414,2.764218,1.762124,1.859403,2.470643,1.473106,
2.151418,2.757489,1.752335,1.856066,2.460131,1.456661,
2.154425,2.752475,1.743935,1.852609,2.449319,1.439688,
2.156938,2.747156,1.734795,1.849568,2.438738,1.422848,
2.158659,2.74067,1.726023,1.846533,2.428059,1.407543,
2.160872,2.735084,1.718043,1.843214,2.41705,1.391931,
2.162886,2.729177,1.708223,1.840333,2.406299,1.375664,
2.163753,2.72206,1.698292,1.837856,2.39568,1.360504,
2.164359,2.715126,1.68879,1.835562,2.385273,1.346187,
2.165634,2.708839,1.679369,1.833841,2.375122,1.331566,
2.16477,2.700638,1.668721,1.832924,2.36557,1.318462,
2.16454,2.693416,1.658817,1.83224,2.355969,1.30507,
2.164971,2.686911,1.649361,1.832522,2.347058,1.292316,
2.16278,2.677557,1.637201,1.832896,2.337768,1.279505,
2.162201,2.670539,1.627943,1.834083,2.329662,1.268645,
2.159808,2.662697,1.617141,1.836042,2.321832,1.257699,
2.15938,2.656082,1.608589,1.837946,2.313311,1.246842,
2.158026,2.648468,1.598563,1.840262,2.306068,1.237007,
2.157476,2.642265,1.58991,1.843114,2.299394,1.227857,
2.156345,2.635846,1.581571,1.845902,2.292624,1.219161,
2.154254,2.627803,1.571593,1.849021,2.286929,1.211666,
2.153105,2.621385,1.563312,1.852161,2.28171,1.204932,
2.151664,2.615139,1.554965,1.855552,2.277112,1.198646,
2.149484,2.607747,1.546231,1.858609,2.273119,1.193841,
2.147971,2.601251,1.537732,1.863976,2.271774,1.191394,
2.145967,2.594548,1.529293,1.867514,2.269637,1.188447,
2.143474,2.587324,1.520141,1.869698,2.267163,1.184675,
2.141316,2.580775,1.51067,1.872138,2.265485,1.180864,
2.139137,2.574276,1.501914,1.874457,2.263636,1.177443,
2.136639,2.56729,1.492414,1.875546,2.262962,1.174819,
2.133948,2.56052,1.482798,1.877385,2.2619,1.171529,
2.131732,2.554233,1.47424,1.87824,2.26145,1.169154,
2.129048,2.547782,1.465422,1.87927,2.260782,1.166557,
2.126061,2.54111,1.456554,1.879726,2.259883,1.163593,
2.123173,2.534712,1.448597,1.880229,2.258496,1.160752,
2.120324,2.528173,1.440501,1.880021,2.255572,1.156139,
2.117386,2.521649,1.432587,1.880274,2.252733,1.151643,
2.114166,2.515244,1.424911,1.880192,2.249039,1.146458,
2.111249,2.508822,1.417001,1.879101,2.242299,1.137837,
2.108408,2.502515,1.409228,1.878551,2.236291,1.129933,
2.105345,2.496219,1.40176,1.877426,2.22826,1.120304,
2.102308,2.489981,1.394458,1.876527,2.219064,1.109511,
2.099163,2.483597,1.386847,1.875805,2.209266,1.097825,
2.096434,2.477664,1.379988,1.875394,2.199211,1.086215,
2.093282,2.471777,1.373153,1.876743,2.188017,1.073416,
2.090052,2.465827,1.366327,1.877463,2.175705,1.059456,
2.087097,2.460157,1.359387,1.878802,2.163727,1.045688,
2.083755,2.454417,1.352835,1.881402,2.151013,1.031653,
2.080102,2.448506,1.346273,1.88285,2.139114,1.018533,
2.07642,2.442708,1.339867,1.884668,2.127534,1.005886,
2.072737,2.436984,1.333372,1.886419,2.116655,0.9937682,
2.068742,2.431203,1.327108,1.888209,2.107019,0.9830741,
2.064795,2.42545,1.321032,1.889794,2.097813,0.9730631,
2.060696,2.419859,1.315078,1.891374,2.089094,0.9634683,
2.05631,2.414035,1.308945,1.892746,2.081505,0.9550231,
2.05176,2.408133,1.303018,1.894189,2.073788,0.9469323,
2.047116,2.402668,1.297724,1.895728,2.066438,0.9394873,
2.042515,2.396982,1.291307,1.897537,2.058228,0.9303383,
2.037637,2.391205,1.286459,1.89944,2.050196,0.9231672,
2.032718,2.38536,1.281728,1.901307,2.041782,0.9157999,
2.027782,2.379534,1.277243,1.903791,2.033324,0.9086539,
2.022948,2.374021,1.272989,1.906741,2.025144,0.9018244,
2.017589,2.368132,1.269332,1.910787,2.016892,0.8960035,
2.012395,2.362269,1.265239,1.91594,2.009144,0.8902225,
2.007099,2.356678,1.261951,1.921446,2.001851,0.8856005,
2.002427,2.351115,1.259273,1.927954,1.995102,0.8821205,
1.997737,2.345616,1.256392,1.93694,1.989371,0.8795676,
1.993213,2.340329,1.253857,1.947828,1.9836,0.8774223,
1.988605,2.334912,1.251108,1.957664,1.978234,0.8755434,
1.984225,2.329511,1.247811,1.96812,1.973012,0.8732423,
1.979614,2.324172,1.244666,1.977666,1.966653,0.8700889,
1.975191,2.319029,1.242066,1.985266,1.958853,0.8657768,
1.970873,2.313556,1.2384,1.993129,1.951531,0.8611243,
1.966747,2.308307,1.235801,2.000036,1.939417,0.8525058,
1.9626,2.303328,1.233494,2.006581,1.926725,0.8434108,
1.958855,2.298096,1.230454,2.014757,1.911075,0.8306924,
1.95508,2.293406,1.228448,2.024421,1.891857,0.8149397,
1.951803,2.288741,1.226603,2.033355,1.868624,0.7950317,
1.948925,2.283926,1.223537,2.044232,1.845381,0.7738461,
1.946571,2.279513,1.221543,2.05797,1.816408,0.746628,
1.943975,2.274642,1.218352,2.072612,1.788183,0.718515,
1.941377,2.269442,1.213556,2.089027,1.760685,0.6889011,
1.938893,2.264775,1.209991,2.103604,1.732884,0.6596517,
1.936367,2.260357,1.206384,2.114586,1.704407,0.6280118,
1.933475,2.255594,1.201955,2.123496,1.678691,0.5976311,
1.930618,2.250741,1.198547,2.125894,1.65375,0.5675707,
1.927867,2.245986,1.195413,2.119859,1.634333,0.5414526,
1.925202,2.241083,1.191712,2.118108,1.621565,0.522269,
1.922762,2.23603,1.188594,2.107431,1.622469,0.517733,
1.919762,2.230539,1.185845,2.094186,1.62957,0.5213765,
1.916723,2.224642,1.18233,2.079685,1.640277,0.5288672,
1.913208,2.218718,1.178811,2.067645,1.651307,0.5380914,
1.909351,2.213043,1.175694,2.064093,1.6568,0.5428259,
1.905256,2.20745,1.172226,2.062715,1.659693,0.543878,
1.90082,2.202145,1.169955,2.071127,1.665413,0.5498402,
1.896581,2.196895,1.167544,2.070152,1.667716,0.5522127,
1.892112,2.191445,1.164612,2.062612,1.670874,0.5555776,
1.887867,2.185949,1.162056,2.056208,1.678896,0.5638343,
1.883602,2.180129,1.159185,2.052485,1.688851,0.5734898,
1.879372,2.173883,1.155903,2.041303,1.694982,0.579435,
1.875163,2.16771,1.152791,2.028958,1.701394,0.586593,
1.870943,2.16149,1.149655,2.015652,1.704892,0.5915079,
1.866427,2.15535,1.147109,2.006901,1.711225,0.5992188,
1.861795,2.149302,1.144652,1.996365,1.716299,0.6070117,
1.857452,2.143122,1.141753,1.984246,1.720083,0.6132969,
1.853111,2.137152,1.139114,1.973449,1.724111,0.6196745,
1.848774,2.131329,1.136416,1.961406,1.726884,0.6252843,
1.844552,2.125564,1.133994,1.949122,1.729538,0.6314102,
1.840419,2.119851,1.13192,1.936659,1.73156,0.6371241,
1.836621,2.114006,1.12992,1.923837,1.73285,0.6428161,
1.832534,2.107729,1.127654,1.911613,1.734389,0.6486834,
1.828142,2.100995,1.124408,1.900041,1.734751,0.6524597,
1.823778,2.094552,1.122384,1.888501,1.73488,0.6574433,
1.819481,2.088107,1.120389,1.875944,1.733941,0.6619481,
1.815013,2.081714,1.119352,1.863068,1.732884,0.6677063,
1.810896,2.075402,1.118043,1.850697,1.730666,0.6724095,
1.806122,2.069135,1.11678,1.837647,1.729108,0.678056,
1.801441,2.062654,1.116124,1.824772,1.726081,0.6834501,
1.796934,2.056649,1.115865,1.81156,1.72335,0.6896186,
1.792211,2.050729,1.116148,1.798032,1.720634,0.6967192,
1.787295,2.044673,1.117101,1.783219,1.716678,0.704194,
1.782377,2.039065,1.118284,1.769225,1.713622,0.7123927,
1.777602,2.033182,1.119322,1.754307,1.709475,0.7206575,
1.772751,2.027347,1.120891,1.73879,1.705241,0.7298854,
1.767696,2.021821,1.122683,1.723217,1.701716,0.7396493,
1.762795,2.016111,1.124414,1.706843,1.697836,0.7502949,
1.757741,2.010303,1.126161,1.690281,1.693728,0.7613107,
1.752632,2.004945,1.128203,1.672873,1.690886,0.7738985,
1.747431,1.999547,1.130393,1.6558,1.688466,0.787257,
1.742113,1.993908,1.13261,1.638902,1.685742,0.8008903,
1.736982,1.988526,1.135119,1.622497,1.684158,0.8156941,
1.731364,1.983502,1.138098,1.606157,1.682868,0.8307463,
1.725773,1.978256,1.140999,1.590225,1.681349,0.8457074,
1.720111,1.973126,1.144183,1.574364,1.680722,0.861629,
1.714329,1.968385,1.147702,1.559674,1.679818,0.876886,
1.708595,1.963387,1.151402,1.545324,1.678864,0.8924139,
1.702895,1.958747,1.15533,1.532551,1.677899,0.9070575,
1.697027,1.954452,1.15975,1.520836,1.676302,0.9209871,
1.691202,1.949847,1.1642,1.509001,1.674762,0.9354934,
1.68533,1.945527,1.168896,1.498509,1.672608,0.9489319,
1.679295,1.941384,1.173926,1.488674,1.67052,0.9619001,
1.673402,1.936819,1.178723,1.478708,1.66797,0.9749085,
1.667466,1.932801,1.184016,1.470032,1.66451,0.9871185,
1.661364,1.928842,1.189879,1.461856,1.660549,0.9991725,
1.65543,1.924711,1.196218,1.454585,1.656004,1.011091,
1.649764,1.920872,1.202701,1.447523,1.651631,1.023326,
1.643788,1.917625,1.21009,1.44254,1.6459,1.034034,
1.637928,1.91384,1.217457,1.437148,1.640931,1.045501,
1.632083,1.910507,1.225239,1.433172,1.635353,1.0562,
1.626112,1.907416,1.233606,1.429755,1.629634,1.066957,
1.620268,1.903969,1.241932,1.426306,1.624097,1.077825,
1.614302,1.901063,1.250645,1.423577,1.61886,1.088472,
1.608243,1.898119,1.259921,1.421394,1.613198,1.098995,
1.602332,1.894953,1.26937,1.419817,1.607249,1.109636,
1.596582,1.892226,1.279214,1.417903,1.602384,1.121205,
1.590412,1.889784,1.290172,1.417733,1.596246,1.131466,
1.584484,1.887015,1.300872,1.417175,1.590601,1.142658,
1.57855,1.88499,1.31216,1.417176,1.584851,1.153662,
1.572581,1.882421,1.323616,1.417626,1.578773,1.164302,
1.566671,1.880155,1.334864,1.418178,1.572858,1.174723,
1.560814,1.878715,1.346478,1.418806,1.567287,1.185028,
1.554955,1.876805,1.358045,1.419521,1.561227,1.194505,
1.549517,1.874746,1.368992,1.420706,1.554466,1.203535,
1.543895,1.873471,1.380368,1.42188,1.547749,1.212138,
1.538651,1.871409,1.392127,1.423991,1.540235,1.220219,
1.533792,1.869218,1.402826,1.426687,1.532685,1.227186,
1.52869,1.867838,1.413302,1.4293,1.525407,1.233582,
1.523878,1.8655,1.423809,1.43279,1.517819,1.23925,
1.519323,1.863181,1.431843,1.436505,1.510724,1.243,
1.514452,1.861482,1.441236,1.440092,1.503717,1.247718,
1.509548,1.859243,1.450602,1.443457,1.497186,1.252487,
1.504882,1.856303,1.460107,1.44673,1.491063,1.258284,
1.499582,1.854526,1.471135,1.449632,1.48548,1.265442,
1.49482,1.851996,1.48183,1.452621,1.480382,1.272404,
1.490346,1.848721,1.492753,1.45575,1.475634,1.28104,
1.485438,1.846164,1.504395,1.45869,1.471357,1.289658,
1.4808,1.843119,1.515468,1.461415,1.467113,1.297811,
1.476622,1.839455,1.525351,1.4646,1.462798,1.30535,
1.471866,1.836691,1.535601,1.467553,1.458679,1.3125,
1.467305,1.833195,1.544187,1.470202,1.455177,1.318215,
1.463043,1.829759,1.552889,1.473143,1.451265,1.3241,
1.458412,1.827099,1.562087,1.475777,1.448041,1.330177,
1.453679,1.82392,1.570663,1.478468,1.445013,1.335459,
1.449281,1.820792,1.579839,1.481201,1.442495,1.341104,
1.444894,1.817915,1.589842,1.484235,1.439834,1.347373,
1.440442,1.814621,1.59995,1.486991,1.437193,1.353782,
1.436544,1.811193,1.610232,1.489594,1.434425,1.360674,
1.432666,1.808159,1.621429,1.49255,1.431298,1.368353,
1.428738,1.804723,1.632331,1.495379,1.42728,1.375793,
1.425236,1.80145,1.642852,1.498178,1.423519,1.38333,
1.421743,1.798245,1.653975,1.500793,1.41963,1.391434,
1.418113,1.794905,1.664847,1.503383,1.415423,1.399779,
1.41494,1.792191,1.675107,1.505975,1.412089,1.407587,
1.41132,1.789302,1.68604,1.508174,1.408587,1.416706,
1.407857,1.786268,1.696249,1.5102,1.4055,1.425597,
1.404848,1.783388,1.705694,1.512209,1.403015,1.434658,
1.401826,1.780556,1.715686,1.514483,1.400753,1.444792,
1.398849,1.777543,1.725331,1.516117,1.398596,1.455651,
1.396243,1.774783,1.735292,1.517423,1.396993,1.468203,
1.393713,1.772316,1.745575,1.518509,1.396286,1.481009,
1.391244,1.769589,1.756434,1.518994,1.395574,1.496162,
1.389505,1.767673,1.767227,1.51957,1.395542,1.511168,
1.387239,1.765589,1.778236,1.519926,1.39567,1.5265,
1.385486,1.763442,1.78946,1.520205,1.395655,1.542323,
1.384063,1.76199,1.801245,1.519944,1.396667,1.559045,
1.38297,1.760507,1.813681,1.519812,1.397088,1.576099,
1.382485,1.759056,1.826667,1.519334,1.397917,1.594593,
1.382014,1.758153,1.839444,1.519175,1.398945,1.612395,
1.381654,1.756966,1.85305,1.518722,1.39982,1.631384,
1.381542,1.755715,1.866737,1.518701,1.400445,1.650821,
1.381593,1.755004,1.880159,1.518718,1.401535,1.669223,
1.38113,1.754107,1.894194,1.518677,1.402527,1.688222,
1.380633,1.753028,1.909087,1.518883,1.403154,1.708002,
1.380164,1.752309,1.924259,1.518753,1.404422,1.7281,
1.379752,1.751995,1.940221,1.518461,1.40622,1.749338,
1.378955,1.751533,1.956173,1.518268,1.407301,1.769741,
1.378142,1.751831,1.972377,1.517826,1.409644,1.791158,
1.377222,1.751725,1.98884,1.517931,1.411131,1.812056,
1.376401,1.751401,2.00469,1.518612,1.412271,1.831853,
1.375517,1.751477,2.020679,1.519454,1.413851,1.852213,
1.374398,1.751345,2.036757,1.520607,1.414966,1.871809,
1.373448,1.751201,2.052962,1.522072,1.415839,1.891273,
1.372425,1.751439,2.069469,1.52325,1.417162,1.91082,
1.37138,1.751856,2.086666,1.524408,1.418607,1.930965,
1.370329,1.752267,2.103138,1.524831,1.420599,1.95005,
1.369405,1.753301,2.120078,1.525316,1.423091,1.970188,
1.368393,1.754391,2.136943,1.525221,1.425985,1.99007,
1.366329,1.757294,2.169955,1.523727,1.433388,2.030092,
1.365277,1.758776,2.186066,1.522764,1.436882,2.050122,
1.364207,1.760354,2.200786,1.522295,1.44053,2.068942,
1.362962,1.762395,2.215273,1.521603,1.444527,2.087355,
1.361602,1.764225,2.22817,1.520301,1.448361,2.105548,
1.359881,1.76564,2.240843,1.519319,1.452557,2.123961,
1.358354,1.767543,2.252396,1.518581,1.4571,2.141214,
1.356821,1.769012,2.264201,1.517245,1.462129,2.160458,
1.355597,1.770136,2.276153,1.516333,1.467832,2.181081,
1.35489,1.771669,2.287347,1.515643,1.474899,2.202096,
1.354374,1.773359,2.299581,1.514954,1.481954,2.22441,
1.354201,1.775104,2.31196,1.514914,1.489053,2.246484,
1.35463,1.777362,2.324153,1.515468,1.497286,2.269464,
1.354826,1.779357,2.336586,1.517164,1.50595,2.294185,
1.355054,1.780552,2.347885,1.519987,1.515365,2.320086,
1.355505,1.781953,2.358305,1.525028,1.527246,2.348521,
1.356069,1.782803,2.368658,1.531271,1.540322,2.379897,
1.356903,1.78335,2.379116,1.537667,1.554152,2.41212,
1.358093,1.784116,2.388913,1.54581,1.572875,2.450634,
1.359613,1.7846,2.398882,1.553793,1.591092,2.489005,
1.361583,1.78435,2.40806,1.565842,1.612612,2.535682,
1.364098,1.783867,2.417153,1.577758,1.633972,2.580159,
1.366376,1.782886,2.426634,1.592314,1.658213,2.634815,
1.368838,1.781218,2.436176,1.607582,1.684484,2.694887,
1.371565,1.779927,2.445859,1.621492,1.709905,2.752356,
1.374201,1.7781,2.455785,1.629439,1.731177,2.812415,
1.376876,1.775532,2.466696,1.636149,1.74692,2.860919,
1.379776,1.773532,2.477389,1.636306,1.752575,2.895556,
1.382395,1.771682,2.48807,1.624889,1.756572,2.919952,
1.384815,1.769797,2.498641,1.605382,1.759629,2.939923,
1.38713,1.768541,2.509457,1.586915,1.761902,2.958401,
1.38893,1.767639,2.519873,1.564321,1.755393,2.960661,
1.390399,1.766594,2.530796,1.559484,1.754369,2.968393,
1.391719,1.766187,2.541401,1.569542,1.749541,2.974488,
1.392522,1.765369,2.551672,1.582042,1.733042,2.966727,
1.392839,1.764261,2.56205,1.586943,1.722957,2.965893,
1.393262,1.763147,2.571663,1.588988,1.713867,2.968692,
1.393723,1.761672,2.581831,1.577789,1.717001,2.977631,
1.394013,1.759681,2.591838,1.563659,1.724732,2.995377,
1.394579,1.758227,2.602397,1.545803,1.732085,3.009694,
1.394999,1.756704,2.613177,1.528862,1.735294,3.025913,
1.39508,1.754657,2.624642,1.518659,1.732892,3.037559,
1.395667,1.753025,2.635444,1.510252,1.72723,3.046128,
1.396183,1.750958,2.646265,1.501418,1.722193,3.057014,
1.396492,1.748455,2.658139,1.493116,1.713773,3.065711,
1.397296,1.746572,2.668702,1.486812,1.704736,3.07152,
1.398081,1.744345,2.681039,1.477922,1.697333,3.080991,
1.398786,1.741323,2.691175,1.467265,1.690314,3.087893,
1.399702,1.739119,2.702181,1.457193,1.683706,3.094573,
1.400517,1.736762,2.714527,1.444995,1.678442,3.10376,
1.401295,1.733998,2.725551,1.43372,1.672403,3.110883,
1.402338,1.732418,2.737013,1.421771,1.667524,3.117096,
1.403235,1.730633,2.748972,1.409241,1.661288,3.121709,
1.403672,1.728442,2.760406,1.398689,1.655383,3.127757,
1.404704,1.726923,2.772233,1.388914,1.648061,3.131711,
1.405618,1.725177,2.784429,1.375876,1.642295,3.134919,
1.406249,1.723075,2.796816,1.366466,1.635297,3.139518,
1.407485,1.721583,2.809156,1.358586,1.627293,3.14256,
1.408343,1.719827,2.82099,1.348763,1.619938,3.144104,
1.408896,1.717741,2.832673,1.339184,1.612825,3.14637,
1.409818,1.716365,2.844793,1.332853,1.603456,3.146844,
1.410666,1.714884,2.857996,1.325935,1.594731,3.149149,
1.411363,1.712988,2.87029,1.319259,1.586017,3.150533,
1.412396,1.711905,2.882444,1.314639,1.576727,3.150794,
1.413281,1.710452,2.896021,1.293619,1.577074,3.155371,
1.414078,1.70851,2.907493,1.285884,1.570277,3.156157,
1.414911,1.707625,2.919086,1.282048,1.560952,3.15529,
1.415692,1.706581,2.930005,1.275248,1.55561,3.156378,
1.416393,1.705264,2.941632,1.268816,1.549404,3.158229,
1.417383,1.704857,2.950915,1.265859,1.542344,3.156749,
1.418068,1.704331,2.96019,1.260657,1.53661,3.155131,
1.418638,1.703422,2.968534,1.255688,1.531036,3.153074,
1.419304,1.703272,2.977164,1.252157,1.525401,3.151016,
1.41979,1.702902,2.985432,1.247771,1.520945,3.1491,
1.420181,1.702097,2.994639,1.243529,1.515807,3.148265,
1.420402,1.701969,3.004525,1.240856,1.511143,3.148805,
1.420543,1.701555,3.014732,1.237924,1.506347,3.1494,
1.420293,1.700786,3.024228,1.235614,1.501547,3.150068,
1.420216,1.700826,3.033761,1.234191,1.497237,3.151469,
1.419963,1.700613,3.042677,1.233133,1.493036,3.152838,
1.419727,1.700063,3.052101,1.23163,1.488701,3.15501,
1.419359,1.700298,3.060649,1.231501,1.484785,3.15716,
1.418794,1.700408,3.068253,1.230586,1.480864,3.157514,
1.41807,1.700584,3.076056,1.229687,1.477327,3.15923,
1.417266,1.701193,3.083468,1.229341,1.475502,3.162576,
1.416199,1.701681,3.091108,1.228459,1.472775,3.164697,
1.414535,1.702024,3.097679,1.227803,1.471012,3.167303,
1.412543,1.70319,3.10632,1.227086,1.469953,3.172604,
1.410521,1.70419,3.113923,1.22661,1.469621,3.177776,
1.407982,1.705259,3.122862,1.22606,1.468398,3.183223,
1.405326,1.70707,3.132302,1.225584,1.469125,3.191531,
1.402109,1.708732,3.141129,1.224796,1.469415,3.198175,
1.39859,1.710483,3.150534,1.223859,1.469812,3.205381,
1.394948,1.712911,3.160326,1.222585,1.472602,3.215317,
1.390782,1.715146,3.169409,1.220653,1.474834,3.22346,
1.386479,1.717156,3.178649,1.218489,1.476823,3.231652,
1.381727,1.71991,3.187786,1.215697,1.480869,3.241221,
1.376482,1.722157,3.196948,1.211775,1.484467,3.249868,
1.371163,1.724689,3.206155,1.207404,1.489062,3.259241,
1.365563,1.727933,3.215716,1.202376,1.494819,3.269337,
1.359713,1.730962,3.225454,1.196707,1.500574,3.279336,
1.353367,1.733666,3.234783,1.190954,1.505908,3.288344,
1.34705,1.737323,3.245235,1.184648,1.513071,3.299535,
1.340047,1.74094,3.255932,1.177442,1.520265,3.310542,
1.332518,1.744328,3.266743,1.170142,1.527008,3.321394,
1.324767,1.74863,3.278149,1.162417,1.535706,3.334011,
1.316469,1.752838,3.289813,1.15375,1.54427,3.34616,
1.307548,1.756925,3.302245,1.144502,1.553021,3.35931,
1.298654,1.76177,3.314566,1.136001,1.561894,3.371901,
1.288755,1.766511,3.327629,1.125477,1.572206,3.385782,
1.278986,1.770995,3.340752,1.115655,1.581624,3.399164,
1.26899,1.775825,3.354813,1.105406,1.592613,3.41462,
1.258326,1.780298,3.368123,1.094376,1.604039,3.429836,
1.24688,1.784307,3.381758,1.082496,1.615527,3.44526,
1.235942,1.788813,3.39594,1.070908,1.628225,3.46199,
1.223898,1.792935,3.409769,1.059192,1.640733,3.478653,
1.211182,1.79692,3.423882,1.046254,1.654051,3.495903,
1.198622,1.801568,3.438454,1.03371,1.668616,3.514525,
1.1853,1.805632,3.453297,1.020572,1.683027,3.533375,
1.171361,1.809825,3.468465,1.007627,1.698221,3.553367,
1.157512,1.814545,3.484523,0.9950356,1.713461,3.573763,
1.142622,1.819032,3.500913,0.9817291,1.729869,3.59573,
1.127174,1.823459,3.517235,0.9685075,1.746613,3.618047,
1.112155,1.828387,3.534233,0.9555023,1.763566,3.640539,
1.096228,1.832597,3.55061,0.9423117,1.781275,3.664146,
1.079996,1.836204,3.566292,0.9288358,1.799106,3.687228,
1.033238,1.847635,3.612421,0.8906652,1.852541,3.755089,
1.001487,1.852755,3.639499,0.866723,1.887932,3.799326,
1.001627,1.85069,3.637263,0.8767974,1.878562,3.799598,
0.986971,1.852136,3.648746,0.8651107,1.894132,3.818124,
0.9723806,1.854117,3.659899,0.8541206,1.909517,3.836015,
0.9581738,1.855172,3.6691,0.8470967,1.921738,3.850925,
0.9440929,1.856141,3.6782,0.8379115,1.93662,3.867548,
0.9308943,1.857332,3.686608,0.8308831,1.949798,3.882217,
0.918371,1.858226,3.693349,0.8259827,1.961277,3.894727,
0.9068287,1.858616,3.699546,0.8200691,1.973657,3.907626,
0.8957264,1.859765,3.705853,0.8149422,1.985922,3.920828,
0.8851767,1.860502,3.713325,0.8121749,1.996224,3.934859,
0.8752757,1.861677,3.720952,0.8098191,2.006873,3.94997,
0.8657384,1.863086,3.728728,0.8085544,2.017194,3.964976,
0.8566477,1.864366,3.738072,0.8105091,2.024829,3.980324,
0.8481625,1.865359,3.746797,0.8112524,2.033156,3.994994,
0.8403361,1.86728,3.755655,0.8123805,2.040792,4.008771,
0.8327402,1.868938,3.764817,0.8128653,2.047449,4.021598,
0.8256239,1.871148,3.773441,0.8125855,2.054846,4.033864,
0.8197527,1.87334,3.781217,0.8117089,2.059344,4.042128,
0.8142267,1.875024,3.788487,0.8117652,2.064792,4.051384,
0.8092976,1.877013,3.795254,0.8127233,2.066985,4.057737,
0.804889,1.879123,3.801413,0.8136691,2.069727,4.063898,
0.8005645,1.880824,3.807631,0.8145735,2.071089,4.069408,
0.7968984,1.882658,3.813534,0.8147237,2.072003,4.074819,
0.7943094,1.88437,3.81891,0.8159435,2.073249,4.080129,
0.7922158,1.885775,3.82488,0.8181574,2.072277,4.084701,
0.7905361,1.887356,3.831807,0.8213729,2.069097,4.088252,
0.7902226,1.888563,3.83859,0.8236734,2.065436,4.090734,
0.7907807,1.88923,3.846152,0.8238253,2.061044,4.092118,
0.7912779,1.890459,3.853499,0.8239226,2.057081,4.093389,
0.7931833,1.890958,3.860287,0.8234112,2.051413,4.092768,
0.7956982,1.89118,3.867753,0.8227402,2.045377,4.093177,
0.7984972,1.892388,3.875322,0.8220694,2.039067,4.093642,
0.802121,1.893096,3.882711,0.8203483,2.032924,4.094576,
0.8066228,1.893879,3.889882,0.8183107,2.027243,4.095824,
0.8109744,1.8949,3.897547,0.8159418,2.020664,4.09781,
0.816744,1.895918,3.904588,0.8143459,2.013559,4.099536,
0.8228502,1.89636,3.911374,0.8128819,2.005576,4.099943,
0.8295485,1.897478,3.918549,0.8107667,1.996712,4.099619,
0.8370002,1.8979,3.925641,0.8092531,1.987141,4.099024,
0.8453736,1.898102,3.932659,0.8080522,1.976682,4.097684,
0.8538883,1.898299,3.940752,0.8076071,1.965714,4.097231,
0.8635342,1.89857,3.948315,0.808203,1.954894,4.096968,
0.8737684,1.898134,3.956639,0.8111993,1.943118,4.098027,
0.8839568,1.89827,3.964478,0.8152724,1.932138,4.099004,
0.8960436,1.897846,3.972045,0.8221437,1.920197,4.100481,
0.9085438,1.89692,3.979757,0.8318205,1.907647,4.103068,
0.9213088,1.896588,3.987651,0.8429202,1.895573,4.106296,
0.9348327,1.896026,3.99548,0.8544669,1.884531,4.110161,
0.9480872,1.89547,4.003549,0.8674886,1.873704,4.114634,
0.9620935,1.895468,4.012233,0.8817118,1.863492,4.119695,
0.9772519,1.895142,4.020176,0.8969002,1.853229,4.123508,
0.9921404,1.894352,4.028859,0.9131511,1.843919,4.129157,
1.007959,1.894175,4.037601,0.9312874,1.83551,4.135167,
1.023427,1.893448,4.045914,0.9506053,1.826569,4.139702,
1.039177,1.892094,4.054187,0.9724084,1.81846,4.14652,
1.055686,1.891054,4.062238,0.9960421,1.81095,4.153362,
1.0716,1.889738,4.069783,1.021296,1.80223,4.158096,
1.087139,1.887998,4.077291,1.049011,1.792668,4.162276,
1.103115,1.88699,4.0848,1.076414,1.784046,4.166062,
1.148607,1.882114,4.106939,1.159363,1.759878,4.176433,
1.178016,1.877928,4.121269,1.212331,1.744791,4.18158,
1.176681,1.876263,4.120768,1.211277,1.742551,4.179937,
1.190385,1.874196,4.12827,1.236869,1.735291,4.181646,
1.203328,1.871825,4.136063,1.261817,1.727033,4.182718,
1.21577,1.869382,4.144128,1.284983,1.718994,4.183878,
1.228746,1.867293,4.152978,1.306425,1.712403,4.186161,
1.240076,1.86482,4.161397,1.328049,1.705842,4.188722,
1.250755,1.862012,4.170411,1.34698,1.698619,4.19165,
1.261663,1.859789,4.179937,1.365658,1.692769,4.195011,
1.271388,1.857036,4.189125,1.380414,1.685817,4.19907,
1.280566,1.854101,4.198487,1.395795,1.679731,4.203749,
1.290023,1.851876,4.208294,1.410405,1.674792,4.20858,
1.298676,1.849199,4.217923,1.422639,1.66972,4.214751,
1.306406,1.846202,4.227203,1.435238,1.666001,4.223314,
1.314761,1.843772,4.23621,1.446841,1.664671,4.231989,
1.32218,1.841072,4.244449,1.457208,1.665299,4.244837,
1.329141,1.838159,4.251446,1.465411,1.666719,4.256499,
1.337726,1.836209,4.258682,1.47316,1.670131,4.268751,
1.344463,1.8337,4.263631,1.482096,1.672563,4.279582,
1.350446,1.830681,4.267965,1.488479,1.677553,4.293117,
1.358914,1.829117,4.27411,1.495119,1.686311,4.310718,
1.364675,1.82619,4.278169,1.502433,1.696892,4.330516,
1.370347,1.822867,4.282335,1.511729,1.710369,4.355628,
1.377722,1.820462,4.287476,1.52067,1.726528,4.382172,
1.383277,1.817321,4.292001,1.533413,1.751897,4.422349,
1.389329,1.813967,4.296722,1.547127,1.773625,4.457774,
1.394803,1.811272,4.301302,1.563412,1.802907,4.502489,
1.399954,1.808166,4.305705,1.582863,1.832824,4.551062,
1.404771,1.804777,4.309965,1.605808,1.864079,4.603065,
1.410548,1.801504,4.314525,1.628636,1.894616,4.654526,
1.415249,1.79775,4.318665,1.652953,1.927568,4.715908,
1.419804,1.793528,4.322361,1.673102,1.954682,4.766696,
1.424587,1.789678,4.325325,1.690748,1.972421,4.807766,
1.428931,1.78568,4.327825,1.703682,1.979181,4.833125,
1.433172,1.781601,4.330283,1.711524,1.981427,4.850724,
1.437495,1.778346,4.33198,1.703777,1.970309,4.847158,
1.441303,1.775933,4.335089,1.676853,1.952257,4.831976,
1.445036,1.773964,4.338612,1.65682,1.944476,4.82804,
1.448235,1.773593,4.343062,1.645258,1.944186,4.829391,
1.450879,1.772691,4.347549,1.645092,1.945373,4.83235,
1.45267,1.77101,4.352179,1.646688,1.938308,4.827735,
1.455022,1.769261,4.356383,1.646532,1.927517,4.820685,
1.456788,1.767177,4.36165,1.637424,1.918806,4.816067,
1.459069,1.764818,4.366944,1.637126,1.917628,4.820405,
1.461527,1.763041,4.371785,1.629684,1.910633,4.820042,
1.463599,1.761349,4.377266,1.620998,1.903081,4.821516,
1.466023,1.759329,4.382157,1.610381,1.894167,4.820823,
1.468185,1.75818,4.38651,1.597411,1.88677,4.819949,
1.470032,1.756501,4.390301,1.584856,1.881706,4.822884,
1.471787,1.75422,4.393623,1.572305,1.875118,4.822907,
1.4737,1.751976,4.395625,1.558119,1.867443,4.821049,
1.47471,1.749874,4.397867,1.544697,1.860111,4.820215,
1.475782,1.747596,4.400236,1.532091,1.85115,4.817212,
1.477165,1.745607,4.402984,1.520624,1.840889,4.812884,
1.477776,1.744178,4.406434,1.508138,1.830882,4.807859,
1.47856,1.742554,4.410417,1.4961,1.821905,4.804717,
1.47948,1.741731,4.414762,1.484048,1.812176,4.799486,
1.480123,1.740881,4.419484,1.470838,1.802845,4.794155,
1.480716,1.739496,4.424227,1.457778,1.793078,4.788802,
1.48122,1.739052,4.429042,1.444644,1.784633,4.783659,
1.481508,1.738344,4.434258,1.431883,1.775908,4.778161,
1.481986,1.736988,4.439152,1.421044,1.766744,4.773278,
1.482001,1.736531,4.444234,1.407175,1.759534,4.768517,
1.481963,1.735665,4.449066,1.395552,1.752073,4.763282,
1.481988,1.734346,4.453375,1.383122,1.744141,4.758055,
1.482208,1.733651,4.457847,1.370813,1.738361,4.752911,
1.481986,1.732824,4.462167,1.358779,1.732001,4.747532,
1.481914,1.731295,4.465569,1.346821,1.724435,4.740527,
1.48162,1.731062,4.469108,1.335598,1.719774,4.736091,
1.481315,1.73053,4.472896,1.325376,1.714102,4.73092,
1.481133,1.729589,4.476415,1.31513,1.707789,4.724566,
1.480747,1.729573,4.480341,1.305793,1.703758,4.720596,
1.480151,1.729382,4.484287,1.29635,1.699799,4.716782,
1.479653,1.728772,4.487853,1.286407,1.694912,4.712522,
1.479224,1.729099,4.491757,1.277417,1.69204,4.70947,
1.478248,1.729506,4.495626,1.268858,1.689291,4.706919,
1.477306,1.729542,4.499455,1.260438,1.685649,4.703696,
1.476421,1.730507,4.503191,1.252694,1.683847,4.702113,
1.475298,1.731113,4.507044,1.245473,1.682639,4.70155,
1.474065,1.731236,4.510549,1.237856,1.68091,4.700668,
1.47285,1.732076,4.514527,1.230537,1.680743,4.701191,
1.471201,1.732576,4.51865,1.222003,1.680439,4.701656,
1.469659,1.732721,4.522404,1.213708,1.680223,4.702475,
1.46829,1.733178,4.526175,1.206031,1.680875,4.70393,
1.466299,1.733569,4.529689,1.197457,1.68166,4.705335,
1.46434,1.733557,4.532697,1.189834,1.681515,4.706173,
1.462551,1.734167,4.535223,1.181905,1.682986,4.70767,
1.460092,1.734481,4.537483,1.173413,1.684027,4.708722,
1.457804,1.734216,4.539166,1.165706,1.684541,4.70953,
1.45559,1.73476,4.541006,1.156983,1.686638,4.711156,
1.452922,1.73504,4.542733,1.148219,1.687748,4.712111,
1.450233,1.734967,4.544031,1.139295,1.688642,4.712659,
1.447674,1.735739,4.545295,1.129586,1.690378,4.712934,
1.444525,1.736166,4.546001,1.120115,1.691494,4.712762,
1.441392,1.736186,4.546135,1.111261,1.691941,4.711938,
1.438547,1.736905,4.546073,1.102279,1.693849,4.711996,
1.435552,1.737381,4.546041,1.093545,1.695027,4.711757,
1.432383,1.737493,4.545321,1.08562,1.695664,4.711145,
1.429634,1.738025,4.544174,1.077094,1.697253,4.710745,
1.426481,1.738514,4.542864,1.068474,1.698626,4.709959,
1.423297,1.738285,4.540568,1.06017,1.699733,4.708866,
1.420516,1.738718,4.537975,1.051917,1.700912,4.707074,
1.417658,1.738761,4.535243,1.043642,1.702599,4.706302,
1.414357,1.737816,4.531069,1.035177,1.703825,4.704673,
1.411911,1.737938,4.527398,1.02647,1.706018,4.703399,
1.409286,1.73757,4.523182,1.017884,1.708124,4.702098,
1.406489,1.736179,4.517553,1.008831,1.710658,4.700885,
1.404607,1.735844,4.512559,1.000319,1.71324,4.699474,
1.402439,1.734817,4.50665,0.9907466,1.716332,4.697934,
1.400108,1.7331,4.499872,0.9810187,1.719288,4.695886,
1.398472,1.732004,4.493138,0.9718729,1.722718,4.694093,
1.396767,1.730471,4.486069,0.9616386,1.726026,4.691468,
1.394786,1.728367,4.477965,0.951023,1.729189,4.688039,
1.394477,1.726446,4.469437,0.9416329,1.732837,4.684753,
1.393396,1.724461,4.46109,0.9307526,1.736315,4.680579,
1.39229,1.721619,4.451298,0.9196379,1.739709,4.675355,
1.392064,1.719568,4.442008,0.9094365,1.743438,4.670486,
1.374161,1.731896,4.436296,0.9082095,1.744924,4.668252,
1.373979,1.728851,4.425829,0.9011328,1.748497,4.664704,
1.374577,1.727125,4.416358,0.8909169,1.75197,4.658434,
1.374902,1.724494,4.406039,0.8807762,1.754957,4.651223,
1.375312,1.721323,4.395313,0.8695633,1.758052,4.643007,
1.376587,1.719263,4.387924,0.8593081,1.761599,4.635014,
1.399695,1.709454,4.384085,0.8503332,1.763572,4.625615,
1.400757,1.70677,4.374097,0.8400062,1.766515,4.615806,
1.405252,1.700131,4.363095,0.8305691,1.770007,4.606276,
1.406261,1.696495,4.352259,0.8232057,1.771336,4.595113,
1.407621,1.69365,4.34271,0.8138366,1.774158,4.583916,
1.41057,1.689421,4.332817,0.8062632,1.776742,4.572615,
1.411626,1.685961,4.322034,0.8002786,1.77799,4.560544,
1.41292,1.683815,4.313586,0.7938321,1.77989,4.548381,
1.415473,1.681053,4.305188,0.7878349,1.782787,4.537076,
1.416863,1.678452,4.29617,0.7846785,1.783189,4.525162,
1.418034,1.677145,4.289557,0.7809314,1.784439,4.513493,
1.420269,1.675634,4.282569,0.7773858,1.78683,4.502748,
1.421144,1.673468,4.273815,0.7771878,1.78619,4.490572,
1.422095,1.672799,4.268526,0.7767857,1.786471,4.47895,
1.42396,1.671475,4.263072,0.776408,1.787753,4.468596,
1.424449,1.669882,4.255719,0.7788597,1.786519,4.456663,
1.424773,1.669728,4.251468,0.7809855,1.786041,4.44538,
1.425823,1.669746,4.24652,0.7838114,1.786006,4.433714,
1.425819,1.668737,4.240257,0.7890349,1.78353,4.420951,
1.425366,1.669445,4.236637,0.7943796,1.781596,4.408229,
1.425811,1.669905,4.232081,0.8001521,1.780018,4.395633,
1.425299,1.669822,4.22676,0.8073527,1.776957,4.382336,
1.42451,1.670687,4.223222,0.8145853,1.774205,4.369305,
1.424162,1.672049,4.21929,0.8224514,1.77151,4.356212,
1.423411,1.672575,4.215038,0.831823,1.766511,4.3427,
1.422336,1.674112,4.211925,0.8404343,1.763082,4.329963,
1.421966,1.676019,4.208018,0.8495623,1.759459,4.317473,
1.420959,1.677345,4.204238,0.8591237,1.754429,4.304922,
1.419844,1.679005,4.20105,0.8681489,1.749943,4.293009,
1.419534,1.681378,4.19701,0.87684,1.746767,4.281754,
1.418778,1.683033,4.193581,0.8857512,1.741542,4.271017,
1.417997,1.685251,4.189766,0.8935015,1.7377,4.260782,
1.417675,1.688086,4.185507,0.9006891,1.734311,4.251538,
1.417373,1.690132,4.181599,0.9072126,1.730862,4.243027,
1.416952,1.692676,4.177721,0.9128323,1.728339,4.235461,
1.416651,1.69595,4.173868,0.9176419,1.726509,4.228937,
1.416445,1.698502,4.170423,0.9222255,1.724692,4.222584,
1.416072,1.701278,4.16718,0.9255565,1.723649,4.218015,
1.415798,1.704628,4.164091,0.9280015,1.723337,4.214421,
1.415269,1.707836,4.161733,0.9293371,1.723739,4.211849,
1.414616,1.710812,4.159483,0.9301618,1.724329,4.210029,
1.41418,1.714296,4.157026,0.9311032,1.725205,4.207922,
1.413513,1.71768,4.155096,0.929947,1.727427,4.207459,
1.412651,1.721572,4.152751,0.9281818,1.730462,4.207214,
1.411902,1.725468,4.15037,0.9257138,1.734222,4.207506,
1.411107,1.729499,4.148431,0.9232239,1.738049,4.207684,
1.409994,1.734014,4.146346,0.9194241,1.743378,4.208853,
1.408858,1.738847,4.144436,0.9161568,1.748459,4.209581,
1.407663,1.743384,4.142652,0.9109693,1.755855,4.211597,
1.406179,1.748327,4.140965,0.9072514,1.763762,4.211295,
1.404441,1.753437,4.13951,0.9030352,1.771139,4.212017,
1.402426,1.75826,4.13806,0.8992046,1.778815,4.212147,
1.400175,1.763681,4.137003,0.8956273,1.787461,4.212675,
1.398065,1.768838,4.135757,0.8925778,1.796468,4.212372,
1.396314,1.774238,4.135136,0.8905781,1.803578,4.211808,
1.395018,1.78007,4.134003,0.8880183,1.814331,4.211747,
1.393925,1.785763,4.133243,0.8851758,1.826408,4.212678,
1.393059,1.791597,4.132595,0.8825503,1.836844,4.213931,
1.392573,1.797863,4.132238,0.8800587,1.84886,4.215996,
1.392202,1.804187,4.132275,0.8781582,1.860834,4.21787,
1.391819,1.810307,4.13245,0.8756132,1.872028,4.220723,
1.391732,1.816779,4.132517,0.8733057,1.883741,4.223497,
1.391674,1.823161,4.132397,0.8715022,1.894921,4.225677,
1.391835,1.829075,4.13189,0.8696229,1.905149,4.227837,
1.391807,1.835153,4.130769,0.8682579,1.915784,4.228784,
1.392175,1.840558,4.128572,0.8675349,1.926002,4.228746,
1.392361,1.845941,4.126286,0.8666851,1.934593,4.228653,
1.392652,1.851561,4.123295,0.8662698,1.944408,4.227784,
1.393161,1.856703,4.12011,0.8663471,1.953611,4.226576,
1.393647,1.86167,4.117015,0.8661466,1.96213,4.225723,
1.394259,1.866803,4.114128,0.8664604,1.970755,4.224843,
1.394816,1.871472,4.111403,0.8661261,1.979273,4.224944,
1.39527,1.875895,4.108819,0.8659905,1.986042,4.224621,
1.39586,1.880774,4.106199,0.866243,1.993543,4.22401,
1.396293,1.88528,4.103672,0.8664533,2.000669,4.223459,
1.396519,1.889772,4.10094,0.8668106,2.007643,4.222481,
1.396885,1.894535,4.098284,0.8678198,2.013886,4.220715,
1.397003,1.899028,4.095704,0.8689837,2.019825,4.218811,
1.397303,1.903224,4.092515,0.8709813,2.024987,4.215523,
1.397683,1.907707,4.089758,0.8732027,2.03022,4.212472,
1.398107,1.91169,4.086535,0.8763518,2.034016,4.207921,
1.398732,1.915836,4.083769,0.8800631,2.036913,4.203215,
1.399083,1.920367,4.080462,0.8844802,2.038995,4.196869,
1.399724,1.924521,4.076982,0.8889813,2.040904,4.190387,
1.400459,1.928624,4.073459,0.8944456,2.040939,4.182603,
1.401279,1.93316,4.069347,0.9003599,2.04022,4.173592,
1.401979,1.937228,4.065186,0.9071845,2.038383,4.163286,
1.402692,1.941209,4.061186,0.9143274,2.035616,4.152626,
1.403592,1.945525,4.056358,0.9216749,2.033346,4.141161,
1.404449,1.949271,4.051337,0.9304537,2.029535,4.128001,
1.40558,1.952976,4.046212,0.9392803,2.024856,4.114594,
1.406965,1.95707,4.040831,0.9483067,2.020427,4.10101,
1.408423,1.960778,4.035217,0.95851,2.015512,4.086338,
1.410042,1.96445,4.029348,0.9689931,2.010091,4.071217,
1.411992,1.968377,4.02286,0.9796773,2.005247,4.055866,
1.413726,1.972226,4.016697,0.991721,1.99999,4.039536,
1.415598,1.97578,4.009961,1.002926,1.995112,4.023822,
1.417732,1.979734,4.001895,1.015114,1.99048,4.006347,
1.419375,1.983446,3.994493,1.027323,1.986207,3.989316,
1.421285,1.986781,3.986306,1.03742,1.983456,3.974061,
1.423222,1.990406,3.977706,1.049145,1.980997,3.95711,
1.425414,1.99359,3.968722,1.06031,1.979668,3.941031,
1.427838,1.996544,3.959557,1.069296,1.9801,3.927309,
1.430357,1.999852,3.950356,1.079796,1.980054,3.912131,
1.432765,2.002977,3.941151,1.089848,1.981246,3.897823,
1.436341,2.005522,3.931127,1.097164,1.984747,3.886811,
1.440799,2.008519,3.920655,1.106219,1.987242,3.874337,
1.443635,2.011003,3.911541,1.114215,1.990574,3.863205,
1.446398,2.013062,3.903126,1.120108,1.995408,3.85512,
1.448951,2.015349,3.894111,1.127027,1.999452,3.845166,
1.451868,2.017502,3.885527,1.1323,2.004614,3.837393,
1.455064,2.019744,3.877279,1.135462,2.011322,3.832053,
1.459177,2.022289,3.868248,1.138637,2.01828,3.826425,
1.462767,2.02493,3.859119,1.14031,2.025885,3.822102,
1.465639,2.027286,3.850759,1.141778,2.034313,3.81847,
1.467903,2.029666,3.842859,1.143281,2.041944,3.814555,
1.470192,2.031902,3.83581,1.142963,2.050161,3.813059,
1.472364,2.033939,3.829314,1.139894,2.058266,3.814204,
1.474756,2.035999,3.823009,1.140082,2.067348,3.813719,
1.477425,2.037822,3.817139,1.136273,2.076776,3.817309,
1.480337,2.039291,3.811092,1.13456,2.087427,3.820004,
1.483085,2.041114,3.805247,1.132558,2.099168,3.823297,
1.486042,2.042566,3.799009,1.130063,2.111285,3.827345,
1.489385,2.043738,3.792705,1.126398,2.123563,3.832747,
1.493441,2.045001,3.785648,1.122674,2.13662,3.83834,
1.497261,2.0465,3.778788,1.118738,2.149898,3.844304,
1.501575,2.047385,3.771092,1.115535,2.16401,3.85005,
1.506339,2.048523,3.763382,1.109709,2.17832,3.858376,
1.510536,2.049248,3.756112,1.103696,2.192002,3.866997,
1.514969,2.049661,3.748495,1.097445,2.206543,3.876494,
1.519633,2.050178,3.740762,1.091835,2.221169,3.885854,
1.523716,2.05028,3.733184,1.085971,2.235553,3.895567,
1.527931,2.05,3.726021,1.079789,2.249197,3.906038,
1.532144,2.049855,3.718266,1.074161,2.263206,3.91595,
1.536289,2.049405,3.710587,1.068193,2.276689,3.926175,
1.540442,2.048723,3.70308,1.062309,2.289844,3.93678,
1.544271,2.048287,3.695307,1.056071,2.302909,3.947193,
1.547685,2.047618,3.687591,1.049128,2.31444,3.957348,
1.550779,2.046873,3.680246,1.043442,2.326169,3.966956,
1.553433,2.046195,3.673119,1.056279,2.334289,3.961049,
1.556089,2.045478,3.665821,1.05105,2.343775,3.968921,
1.558516,2.044633,3.659125,1.046328,2.353243,3.976919,
1.560636,2.043796,3.652554,1.039242,2.36394,3.987332,
1.56289,2.042972,3.645812,1.036324,2.371563,3.992812,
1.56473,2.042009,3.639552,1.03524,2.37958,3.997266,
1.566653,2.041486,3.633435,1.035984,2.387318,4.000192,
1.568152,2.041009,3.62759,1.038961,2.394492,4.001138,
1.569789,2.040283,3.621572,1.041459,2.402007,4.002896,
1.571273,2.040075,3.615881,1.048285,2.408391,4.000426,
1.572555,2.039725,3.610149,1.05777,2.413829,3.995339,
1.574531,2.039125,3.604042,1.069308,2.418946,3.988194,
1.577674,2.038391,3.59676,1.083126,2.422914,3.978325,
1.58062,2.037343,3.5893,1.100397,2.42552,3.964887,
1.583746,2.035849,3.581664,1.117054,2.428775,3.952267,
1.587032,2.034653,3.574177,1.137762,2.429605,3.934856,
1.590131,2.033191,3.566707,1.15901,2.429742,3.916609,
1.593266,2.031326,3.558972,1.181444,2.429433,3.896983,
1.596785,2.02968,3.551074,1.203063,2.429415,3.878196,
1.600057,2.027299,3.542913,1.226351,2.427068,3.856221,
1.60344,2.024549,3.534517,1.25045,2.421859,3.831263,
1.607105,2.021932,3.525999,1.272486,2.417782,3.80877,
1.61046,2.019074,3.517482,1.295227,2.412431,3.784608,
1.614152,2.015552,3.508416,1.318718,2.404377,3.757769,
1.617904,2.012456,3.499447,1.342221,2.39541,3.730113,
1.621191,2.009222,3.490444,1.365392,2.384238,3.700757,
1.624574,2.005504,3.481163,1.389025,2.372406,3.67061,
1.631291,1.998421,3.462742,1.434805,2.346883,3.610092,
1.634828,1.994242,3.452503,1.457092,2.332608,3.578786,
1.63837,1.990515,3.442372,1.479166,2.318111,3.547249,
1.645687,1.982385,3.422451,1.522926,2.290367,3.486107,
1.653939,1.97254,3.399692,1.563209,2.257824,3.423348,
1.662727,1.960796,3.375491,1.600572,2.223569,3.361928,
1.667442,1.95461,3.362899,1.617415,2.205359,3.332399,
1.683301,1.933455,3.322134,1.665984,2.153367,3.24719,
1.683676,1.932434,3.321063,1.662771,2.152971,3.249588,
1.689147,1.924922,3.303263,1.690964,2.11746,3.196535,
1.699746,1.909401,3.278493,1.704633,2.10126,3.171645,
1.70488,1.90154,3.264442,1.717267,2.083756,3.147087,
1.710224,1.893664,3.25023,1.729505,2.066346,3.123124,
1.733561,1.862527,3.194082,1.774453,2.002542,3.036183,
1.746516,1.844832,3.165095,1.794226,1.974494,2.998061,
1.75956,1.827693,3.135042,1.805682,1.947966,2.967891,
1.77084,1.812393,3.107019,1.819937,1.923501,2.936184,
1.77062,1.81275,3.107059,1.816322,1.925935,2.940555,
1.776859,1.8054,3.09295,1.821273,1.915222,2.92793,
1.783328,1.798468,3.079266,1.82662,1.903875,2.91514,
1.789501,1.791709,3.065508,1.829953,1.894737,2.905162,
1.802115,1.77825,3.039256,1.837988,1.875471,2.885214,
1.807895,1.771595,3.026224,1.841241,1.867003,2.876594,
1.813165,1.764616,3.01326,1.844088,1.858033,2.868167,
1.81853,1.757429,3.000206,1.847297,1.849701,2.859945,
1.823531,1.749965,2.987238,1.848961,1.842123,2.853466,
1.828249,1.742463,2.974384,1.850527,1.834227,2.846977,
1.832385,1.735093,2.962105,1.852612,1.82747,2.84086,
1.836355,1.727787,2.94825,1.856867,1.815448,2.829771,
1.842759,1.71331,2.927402,1.859158,1.811059,2.825025,
1.845565,1.706036,2.916637,1.861577,1.807376,2.821007,
1.848038,1.69875,2.905908,1.864604,1.803416,2.816226,
1.853254,1.684479,2.885028,1.870058,1.795794,2.807532,
1.855124,1.670831,2.8677,1.875093,1.792687,2.802827,
1.855258,1.658656,2.852783,1.877884,1.793513,2.802786,
1.854856,1.65288,2.846116,1.879498,1.793774,2.802788,
1.851351,1.638359,2.830151,1.883345,1.802111,2.8086,
1.849993,1.638927,2.831667,1.883237,1.80333,2.809639,
1.848789,1.634174,2.826867,1.885533,1.807607,2.811707,
1.847498,1.629351,2.822016,1.887892,1.812434,2.813823,
1.843956,1.620321,2.814126,1.893876,1.822624,2.817799,
1.841955,1.616381,2.810702,1.897133,1.827151,2.819301,
1.839685,1.612893,2.806356,1.909301,1.841317,2.822511,
1.830732,1.600315,2.798585,1.91801,1.849195,2.824264,
1.824797,1.596556,2.797061,1.926228,1.855894,2.825731,
1.818164,1.595089,2.797287,1.934765,1.863031,2.826943,
1.811301,1.594995,2.798526,1.943303,1.87008,2.827058,
1.810758,1.595799,2.799241,1.943322,1.869541,2.825915,
1.8078,1.59597,2.799906,1.947043,1.872749,2.826092,
1.804821,1.596635,2.80093,1.950437,1.876005,2.826484,
1.801963,1.597063,2.801899,1.952751,1.879483,2.827723,
1.799721,1.597729,2.80276,1.955424,1.882743,2.82917,
1.79557,1.598657,2.805316,1.958975,1.888579,2.832961,
1.793908,1.598969,2.806532,1.960463,1.890094,2.834648,
1.790968,1.599968,2.808722,1.964623,1.893753,2.83744,
1.789385,1.600826,2.809916,1.962472,1.888985,2.840833,
1.789176,1.601651,2.809046,1.957261,1.883603,2.843724,
1.789402,1.602238,2.808356,1.954911,1.883373,2.845956,
1.790514,1.603868,2.805668,1.944877,1.882759,2.854711,
1.790698,1.604379,2.803295,1.936182,1.885643,2.861801,
1.790945,1.604331,2.800603,1.928408,1.889627,2.867475,
1.790809,1.603765,2.800398,1.92896,1.889371,2.865898,
1.790858,1.603483,2.799253,1.926218,1.889345,2.866404,
1.790581,1.603365,2.798825,1.92403,1.889501,2.867239,
1.790315,1.603247,2.79839,1.92194,1.887022,2.866692,
1.789928,1.602944,2.798337,1.919775,1.882919,2.865393,
1.789239,1.602647,2.799006,1.917102,1.876494,2.864315,
1.788746,1.60233,2.799709,1.914112,1.869087,2.863297,
1.788453,1.60199,2.800104,1.910442,1.862867,2.862884,
1.788169,1.601568,2.801137,1.906334,1.857454,2.863986,
1.788258,1.601142,2.802046,1.901643,1.851994,2.865771,
1.788459,1.60077,2.803538,1.89167,1.841894,2.869243,
1.788697,1.600393,2.805441,1.886343,1.836547,2.871323,
1.789178,1.600561,2.806765,1.88167,1.830236,2.872417,
1.790838,1.600504,2.81197,1.868443,1.81134,2.876063,
1.793167,1.600887,2.817006,1.862879,1.795628,2.874833,
1.793792,1.601065,2.817723,1.863683,1.794359,2.873984,
1.795221,1.601455,2.820091,1.861635,1.785967,2.87192,
1.798428,1.602798,2.824998,1.85645,1.769474,2.869535,
1.800323,1.603661,2.827218,1.853356,1.761373,2.868374,
1.802562,1.604633,2.829217,1.850174,1.753768,2.867407,
1.806666,1.606658,2.833532,1.843328,1.737819,2.866084,
1.812261,1.609628,2.837371,1.83559,1.723446,2.865369,
1.818757,1.613705,2.841039,1.828842,1.712255,2.864562,
1.825534,1.618167,2.844622,1.823499,1.702017,2.86264,
1.825899,1.619008,2.844324,1.823372,1.702928,2.862361,
1.829464,1.621607,2.84598,1.820335,1.699372,2.861912,
1.833133,1.624608,2.847097,1.817993,1.695416,2.8602,
1.836841,1.627724,2.848593,1.815339,1.691917,2.859508,
1.840701,1.630953,2.850472,1.810354,1.685723,2.857483,
1.848691,1.638535,2.853303,1.807795,1.683484,2.857199,
1.852704,1.642646,2.855398,1.805905,1.681369,2.856463,
1.864824,1.655785,2.862656,1.800435,1.676158,2.855375,
1.872722,1.666382,2.869289,1.79877,1.673688,2.853289,
1.880241,1.677899,2.876663,1.797915,1.671862,2.851141,
1.883824,1.683911,2.881263,1.797927,1.671653,2.850302,
1.893361,1.703587,2.897149,1.796545,1.670471,2.850348,
1.892164,1.704135,2.898309,1.796547,1.670287,2.850276,
1.894897,1.710856,2.904042,1.796523,1.669851,2.850106,
1.899696,1.724898,2.916654,1.796445,1.669385,2.850792,
1.90179,1.732129,2.923217,1.796551,1.669184,2.851318,
1.903457,1.739371,2.930372,1.79624,1.66888,2.852528,
1.904914,1.746607,2.937638,1.795994,1.668016,2.853964,
1.907044,1.761052,2.952161,1.795451,1.667259,2.857055,
1.907597,1.767894,2.95944,1.795533,1.666167,2.85844,
1.90819,1.774852,2.966516,1.795405,1.665454,2.860213,
1.909456,1.788682,2.980615,1.794473,1.661941,2.865862,
1.907446,1.807346,3.000587,1.792348,1.657444,2.870205,
1.904469,1.818247,3.012255,1.789,1.652189,2.874816,
1.900966,1.8284,3.023288,1.782522,1.645547,2.882091,
1.898434,1.832717,3.028399,1.778965,1.641324,2.885745,
1.889907,1.845078,3.043581,1.768091,1.627792,2.897304,
1.888289,1.844193,3.043482,1.766622,1.625836,2.898019,
1.88478,1.847813,3.048743,1.761769,1.619694,2.902959,
1.881202,1.851347,3.053718,1.757098,1.614178,2.907867,
1.872568,1.85786,3.064408,1.744294,1.600961,2.92075,
1.868018,1.860471,3.069916,1.737226,1.594032,2.928297,
1.86365,1.86351,3.075365,1.729787,1.586932,2.936294,
1.843665,1.872842,3.098022,1.69951,1.55823,2.969927,
1.832559,1.876372,3.109304,1.681731,1.543371,2.989968,
1.82729,1.878431,3.114722,1.671895,1.536917,3.001461,
1.810443,1.883026,3.132259,1.643324,1.521166,3.037849,
1.79876,1.885476,3.144907,1.625406,1.512439,3.063265,
1.788076,1.888075,3.157005,1.610616,1.506004,3.087751,
1.78836,1.887832,3.157077,1.611336,1.506786,3.08762,
1.783881,1.889252,3.163413,1.60499,1.504015,3.099354,
1.778935,1.890561,3.170325,1.599224,1.501842,3.110857,
1.774559,1.891568,3.176604,1.589151,1.498991,3.13401,
1.765924,1.893919,3.190711,1.585842,1.498221,3.144859,
1.761817,1.894117,3.196869,1.582797,1.497762,3.155482,
1.758349,1.894976,3.202448,1.580225,1.497505,3.165888,
1.742012,1.895607,3.224517,1.575593,1.500306,3.2024,
1.733731,1.895109,3.235102,1.576434,1.504645,3.217697,
1.725151,1.895076,3.246526,1.578296,1.510539,3.231477,
1.721143,1.893582,3.251839,1.579126,1.51274,3.238803,
1.70775,1.889614,3.269253,1.584548,1.51634,3.253361,
1.707367,1.88875,3.269055,1.584014,1.515542,3.252991,
1.702451,1.886967,3.274386,1.585361,1.515817,3.257012,
1.697936,1.884466,3.278819,1.586668,1.516154,3.26088,
1.693407,1.882828,3.283657,1.587835,1.516849,3.26511,
1.688433,1.880486,3.288556,1.590339,1.517133,3.272026,
1.678942,1.875334,3.298435,1.591697,1.517191,3.275657,
1.673886,1.872661,3.303408,1.59243,1.51719,3.279289,
1.669263,1.869509,3.308299,1.595984,1.516414,3.290091,
1.649105,1.857009,3.327888,1.597909,1.514711,3.296446,
1.638767,1.849401,3.337399,1.599892,1.511959,3.301416,
1.62888,1.841306,3.346503,1.602021,1.508911,3.30673,
1.623618,1.836939,3.351552,1.60302,1.506492,3.309228,
1.608639,1.823519,3.366335,1.605633,1.496456,3.316483,
1.608767,1.822398,3.365967,1.605444,1.494925,3.316063,
1.603904,1.817751,3.370992,1.606291,1.49163,3.318533,
1.599039,1.812948,3.375768,1.606918,1.487467,3.320709,
1.594533,1.807668,3.38016,1.607327,1.482759,3.32286,
1.590301,1.802788,3.38472,1.608602,1.474244,3.327378,
1.581599,1.792747,3.393833,1.608659,1.470181,3.330038,
1.577414,1.787778,3.398599,1.608949,1.465965,3.332544,
1.57339,1.78271,3.403215,1.608446,1.461741,3.335651,
1.558602,1.762207,3.421824,1.608418,1.443235,3.347727,
1.55289,1.751962,3.430568,1.608841,1.433798,3.353681,
1.547005,1.740966,3.439775,1.608477,1.42345,3.361268,
1.54446,1.735962,3.444366,1.608353,1.419023,3.365656,
1.540416,1.725329,3.453844,1.607858,1.409403,3.375608,
1.541403,1.726036,3.454407,1.607468,1.409722,3.376956,
1.53997,1.721347,3.460271,1.607155,1.404952,3.382872,
1.538603,1.716972,3.46635,1.606836,1.400711,3.389149,
1.537341,1.712575,3.47339,1.60663,1.393068,3.402462,
1.535695,1.704484,3.484401,1.606818,1.389258,3.408998,
1.535059,1.70069,3.490663,1.607427,1.385878,3.415734,
1.533425,1.692704,3.503395,1.608212,1.378862,3.429542,
1.532129,1.68597,3.515903,1.60977,1.372846,3.444042,
1.529686,1.679807,3.528161,1.610081,1.368387,3.457901,
1.526989,1.675002,3.540263,1.60974,1.366648,3.470168,
1.526313,1.675961,3.537019,1.609216,1.367672,3.468591,
1.524712,1.674029,3.541994,1.608376,1.367419,3.474072,
1.522928,1.671793,3.547079,1.607522,1.366518,3.479718,
1.520719,1.670363,3.551919,1.60661,1.366035,3.485031,
1.518989,1.668584,3.555703,1.605786,1.365647,3.489565,
1.516789,1.66683,3.560005,1.604465,1.364994,3.49456,
1.514456,1.665602,3.563789,1.603476,1.36464,3.49901,
1.51197,1.664259,3.568071,1.601608,1.364656,3.503878,
1.509651,1.662858,3.572261,1.599844,1.364571,3.508525,
1.507188,1.662022,3.57633,1.59761,1.36544,3.513676,
1.504921,1.661183,3.58045,1.595326,1.366398,3.518852,
1.502474,1.660131,3.58479,1.592395,1.367482,3.524634,
1.499998,1.659392,3.588625,1.589824,1.36881,3.530404,
1.497742,1.659057,3.592766,1.587269,1.370532,3.536328,
1.495243,1.658413,3.596888,1.583673,1.372264,3.54248,
1.49258,1.658606,3.601122,1.580692,1.374505,3.548858,
1.489926,1.658573,3.605251,1.5772,1.37649,3.554652,
1.487347,1.658482,3.609128,1.574053,1.378276,3.559935,
1.484514,1.659058,3.612653,1.571506,1.380357,3.564991,
1.481729,1.659354,3.616505,1.569047,1.382043,3.569464,
1.478605,1.65938,3.62009,1.5667,1.383425,3.573519,
1.475391,1.659635,3.623093,1.564653,1.385168,3.577594,
1.472494,1.659365,3.625798,1.563172,1.386396,3.580938,
1.469662,1.658511,3.628038,1.562135,1.387235,3.583468,
1.466686,1.657596,3.630332,1.561507,1.3882,3.586488,
1.463954,1.656837,3.632343,1.561437,1.388542,3.587744,
1.462034,1.656491,3.634277,1.561564,1.388787,3.588103,
1.460028,1.657885,3.637408,1.561934,1.389326,3.587682,
1.457777,1.65916,3.641673,1.562007,1.389732,3.586735,
1.454845,1.660023,3.646803,1.561197,1.390628,3.58682,
1.451656,1.662055,3.652324,1.5607,1.392227,3.587291,
1.448771,1.66387,3.657258,1.560124,1.393679,3.587244,
1.446042,1.665283,3.661434,1.559325,1.394912,3.586957,
1.443145,1.666708,3.665723,1.558678,1.396271,3.586816,
1.440595,1.667876,3.67024,1.558236,1.396544,3.585678,
1.438748,1.66862,3.674031,1.557865,1.396826,3.584355,
1.436873,1.669311,3.677325,1.558023,1.396508,3.583085,
1.435493,1.670113,3.681238,1.558147,1.396531,3.582408,
1.434342,1.67024,3.684876,1.558604,1.395659,3.581838,
1.433151,1.670433,3.688312,1.559213,1.395312,3.581599,
1.432008,1.670699,3.692252,1.559249,1.395085,3.582394,
1.43098,1.67076,3.696127,1.559664,1.394891,3.583118,
1.430179,1.671294,3.700198,1.560199,1.395221,3.584013,
1.429592,1.671572,3.704093,1.560126,1.395364,3.585205,
1.429091,1.671542,3.708371,1.560311,1.395185,3.586441,
1.428661,1.671687,3.712097,1.560905,1.39566,3.588065,
1.428393,1.67177,3.716754,1.561238,1.395791,3.590027,
1.428336,1.671599,3.720899,1.561,1.396071,3.592056,
1.428267,1.671774,3.724979,1.56133,1.396579,3.594084,
1.428046,1.671788,3.729109,1.560934,1.397176,3.59652,
1.427926,1.671605,3.733034,1.560554,1.397537,3.599065,
1.427648,1.671659,3.736747,1.560207,1.398437,3.602257,
1.427222,1.671433,3.74038,1.559641,1.399545,3.60585,
1.4268,1.670727,3.74403,1.558607,1.40139,3.611211,
1.426772,1.670587,3.747747,1.558376,1.403014,3.616052,
1.426559,1.670132,3.751095,1.55727,1.405558,3.62225,
1.426574,1.669403,3.754243,1.556297,1.407972,3.628931,
1.426903,1.668964,3.757581,1.55546,1.410944,3.636309,
1.427259,1.668432,3.760795,1.553926,1.414266,3.644547,
1.42782,1.667743,3.763946,1.551945,1.418508,3.653745,
1.428703,1.668022,3.76804,1.551347,1.422272,3.662945,
1.429329,1.668245,3.77242,1.550324,1.427367,3.674238,
1.429902,1.668449,3.777121,1.549317,1.433321,3.687173,
1.43072,1.669208,3.782254,1.548988,1.43944,3.699978,
1.431513,1.669899,3.787293,1.549057,1.447742,3.716675,
1.432424,1.670278,3.792182,1.549131,1.455491,3.732223,
1.43325,1.671445,3.797158,1.55082,1.46458,3.749489,
1.434164,1.672112,3.801879,1.551788,1.474203,3.767118,
1.435362,1.67245,3.806134,1.555765,1.485029,3.78747,
1.437014,1.673028,3.810339,1.561759,1.496991,3.80961,
1.438161,1.673253,3.8137,1.567554,1.510109,3.832249,
1.439425,1.67301,3.816097,1.576468,1.529387,3.863965,
1.44076,1.673199,3.818719,1.585229,1.547906,3.893808,
1.441806,1.673238,3.820536,1.59516,1.571638,3.931385,
1.442696,1.673011,3.822694,1.606162,1.598361,3.974177,
1.443734,1.673201,3.824146,1.618231,1.628542,4.02191,
1.444573,1.673054,3.824342,1.629373,1.658166,4.071485,
1.445829,1.671924,3.824496,1.638159,1.685828,4.120799,
1.446683,1.671476,3.82515,1.643112,1.706383,4.161813,
1.447465,1.670775,3.824482,1.643074,1.719276,4.190859,
1.448396,1.669897,3.824165,1.638906,1.730723,4.215297,
1.448882,1.670008,3.824684,1.625491,1.736017,4.230222,
1.448877,1.670229,3.824559,1.603547,1.735354,4.233584,
1.449057,1.670634,3.824609,1.586505,1.731951,4.234821,
1.449067,1.671666,3.82554,1.571503,1.732489,4.236662,
1.448681,1.672886,3.825794,1.568903,1.719429,4.219467,
1.448052,1.674408,3.825843,1.575674,1.70393,4.201739,
1.447695,1.675671,3.82495,1.582523,1.682675,4.180852,
1.447146,1.676418,3.823878,1.585102,1.658069,4.151178,
1.446935,1.676601,3.822365,1.582671,1.649208,4.14154,
1.446673,1.677346,3.820636,1.574046,1.651406,4.140618,
1.446246,1.677894,3.81938,1.565141,1.648827,4.137498,
1.44605,1.678331,3.817545,1.547906,1.656811,4.141392,
1.44573,1.67931,3.810753,1.528817,1.664029,4.138788,
1.445165,1.680065,3.808251,1.511821,1.668488,4.140918,
1.444723,1.680489,3.805612,1.496725,1.668183,4.137861,
1.444265,1.681261,3.799432,1.48127,1.667435,4.130545,
1.443785,1.681448,3.79517,1.467332,1.665453,4.125758,
1.443503,1.68128,3.791439,1.45268,1.66196,4.119451,
1.443301,1.681842,3.786519,1.441005,1.656304,4.109719,
1.442729,1.681991,3.782805,1.427685,1.653011,4.103444,
1.442609,1.681978,3.778562,1.413832,1.648422,4.094681,
1.442353,1.682349,3.773418,1.40207,1.643243,4.084306,
1.441981,1.682554,3.768888,1.389012,1.638576,4.074299,
1.441878,1.682331,3.764322,1.375875,1.633331,4.06386,
1.441545,1.682971,3.758675,1.364127,1.627687,4.051077,
1.441056,1.683201,3.754957,1.352203,1.622361,4.040894,
1.440744,1.682996,3.750051,1.340635,1.616361,4.02905,
1.440493,1.68341,3.744382,1.330293,1.610281,4.016015,
1.439898,1.683534,3.73909,1.319813,1.603943,4.003188,
1.439347,1.683489,3.736201,1.30956,1.597366,3.992476,
1.439011,1.683794,3.730301,1.299751,1.591181,3.978787,
1.438419,1.683756,3.724159,1.289616,1.584826,3.964669,
1.438121,1.683405,3.719402,1.279954,1.578696,3.952432,
1.437874,1.683512,3.712367,1.271284,1.573062,3.93775,
1.437257,1.683308,3.706102,1.2623,1.567471,3.924248,
1.436837,1.682734,3.698556,1.254277,1.561327,3.909034,
1.436433,1.682828,3.690956,1.247087,1.55574,3.893984,
1.435759,1.682711,3.682577,1.240597,1.549381,3.87773,
1.43537,1.682272,3.67548,1.234694,1.542494,3.862429,
1.434785,1.682378,3.666451,1.229349,1.536128,3.845639,
1.434152,1.682377,3.658396,1.223749,1.53023,3.830179,
1.433651,1.681931,3.648812,1.21815,1.524589,3.813784,
1.433324,1.682252,3.63841,1.213408,1.519625,3.796863,
1.432746,1.682189,3.628808,1.207994,1.515056,3.781127,
1.432289,1.682163,3.612531,1.202823,1.510323,3.758922,
1.432067,1.682248,3.601957,1.197719,1.506741,3.743238,
1.431747,1.682106,3.592266,1.192761,1.502732,3.728421,
1.431692,1.681801,3.582775,1.187754,1.498809,3.71398,
1.431692,1.682057,3.571316,1.183281,1.495354,3.698102,
1.431529,1.681983,3.559616,1.177789,1.492629,3.682812,
1.431649,1.681819,3.54718,1.172181,1.490123,3.667649,
1.431835,1.682114,3.535848,1.165846,1.489578,3.655113,
1.431911,1.682159,3.524698,1.159303,1.488973,3.642779,
1.432303,1.681867,3.51416,1.15313,1.48802,3.631488,
1.432709,1.682284,3.50475,1.146731,1.488404,3.621965,
1.432876,1.682105,3.495378,1.140247,1.488514,3.612624,
1.433349,1.682111,3.485896,1.134153,1.488849,3.603275,
1.433758,1.682492,3.476585,1.128284,1.489815,3.594651,
1.433968,1.682556,3.467045,1.121705,1.491282,3.586358,
1.434332,1.682369,3.457288,1.114906,1.493221,3.578257,
1.434382,1.682625,3.447404,1.108145,1.495671,3.570106,
1.434357,1.682737,3.437179,1.100858,1.49849,3.562191,
1.434492,1.682548,3.42627,1.092487,1.502832,3.555274,
1.434523,1.683172,3.415533,1.084548,1.507003,3.547978,
1.434393,1.683328,3.404808,1.0764,1.511108,3.541091,
1.434187,1.68405,3.394543,1.067668,1.516459,3.535556,
1.434368,1.684668,3.384832,1.059097,1.522425,3.531619,
1.434136,1.684916,3.374944,1.050474,1.527888,3.527242,
1.433923,1.685429,3.365988,1.041361,1.534339,3.524881,
1.433732,1.686,3.357508,1.032551,1.540942,3.522971,
1.433757,1.686618,3.349295,1.023464,1.547832,3.521511,
1.433948,1.687006,3.340565,1.014632,1.554457,3.519608,
1.434446,1.687993,3.331803,1.006036,1.561455,3.517357,
1.435079,1.688702,3.323229,0.9972489,1.568326,3.515105,
1.436124,1.690033,3.314038,0.9882715,1.57617,3.512537,
1.437489,1.69151,3.30515,0.9797465,1.583162,3.50889,
1.438784,1.693155,3.296411,0.9710246,1.590695,3.505727,
1.440661,1.694966,3.287801,0.9624338,1.598223,3.502196,
1.443557,1.697493,3.279912,0.9547827,1.605667,3.498605,
1.446096,1.70002,3.272455,0.9468323,1.613164,3.494883,
1.448717,1.702339,3.265385,0.9393005,1.620489,3.491398,
1.45241,1.705105,3.258559,0.9325268,1.628097,3.487664,
1.455773,1.707421,3.252438,0.9252802,1.635753,3.484894,
1.459433,1.710267,3.246594,0.9181436,1.644029,3.481855,
1.463837,1.713645,3.241495,0.9118508,1.652376,3.478802,
1.467813,1.716635,3.236199,0.9053481,1.660815,3.475392,
1.47238,1.719787,3.231176,0.8994191,1.669871,3.471422,
1.477247,1.722968,3.225722,0.8944689,1.678492,3.467207,
1.482056,1.725926,3.219234,0.8922775,1.685471,3.463196,
1.486924,1.728437,3.212079,0.8865631,1.695416,3.455029,
1.494925,1.72839,3.205508,0.8835419,1.704522,3.448617,
1.500581,1.731308,3.19949,0.8809068,1.713028,3.441793,
1.505999,1.73385,3.19167,0.8788014,1.721843,3.434649,
1.512097,1.73514,3.183427,0.8774901,1.730607,3.427434,
1.517133,1.737252,3.174895,0.8774843,1.737548,3.420259,
1.522304,1.739462,3.167314,0.8768638,1.745832,3.413099,
1.527779,1.741086,3.158955,0.8762722,1.754496,3.406077,
1.5328,1.742794,3.150715,0.876938,1.761703,3.398832,
1.537804,1.744749,3.142713,0.877139,1.769805,3.391906,
1.542814,1.746571,3.134688,0.8776071,1.777724,3.3851,
1.547523,1.748434,3.126939,0.8786293,1.784777,3.378339,
1.552137,1.750571,3.119483,0.8797454,1.79231,3.371477,
1.55657,1.752298,3.112196,0.8805318,1.799542,3.365177,
1.560988,1.754222,3.104367,0.8815,1.807022,3.35893,
1.564989,1.755757,3.097239,0.8831717,1.813183,3.352604,
1.568766,1.757271,3.090077,0.884574,1.820153,3.346291,
1.57223,1.758693,3.082785,0.8857978,1.826569,3.339868,
1.575199,1.760363,3.076094,0.8868311,1.833222,3.334048,
1.577728,1.761734,3.069643,0.8881921,1.839133,3.328043,
1.579645,1.763072,3.063258,0.8893077,1.844711,3.321936,
1.581317,1.764822,3.057278,0.8901889,1.851111,3.316457,
1.582527,1.767073,3.05154,0.8907865,1.857375,3.31128,
1.583267,1.769007,3.045312,0.8909084,1.863203,3.306206,
1.583423,1.771535,3.040385,0.8915901,1.869368,3.300726,
1.583948,1.774093,3.035029,0.8919401,1.876064,3.295964,
1.583676,1.776608,3.029691,0.8920199,1.881476,3.291409,
1.583152,1.780078,3.025341,0.8921648,1.88818,3.286623,
1.582849,1.782935,3.020703,0.8924348,1.894097,3.282018,
1.582039,1.78627,3.016214,0.8929668,1.89922,3.277185,
1.581102,1.790422,3.012088,0.8933889,1.905206,3.272188,
1.580003,1.79429,3.008026,0.8935221,1.911529,3.267826,
1.57836,1.798245,3.004206,0.8940527,1.916923,3.263048,
1.576771,1.803093,3.000364,0.8941166,1.923316,3.258638,
1.574926,1.807689,2.996722,0.8947374,1.929317,3.253798,
1.572822,1.812384,2.993367,0.8952798,1.934836,3.249163,
1.571069,1.81781,2.989798,0.8958528,1.941156,3.244557,
1.569044,1.82301,2.986445,0.8969227,1.947176,3.239626,
1.566826,1.828209,2.983691,0.8981034,1.952736,3.235101,
1.564654,1.833893,2.980889,0.8993267,1.958987,3.230932,
1.562372,1.83963,2.978374,0.9010526,1.965241,3.226548,
1.559734,1.845105,2.976925,0.9025196,1.97123,3.223306,
1.557448,1.851111,2.975728,0.904176,1.977659,3.220507,
1.555048,1.857066,2.975149,0.9064041,1.983973,3.2177,
1.552537,1.862924,2.975056,0.9081707,1.989799,3.215055,
1.550656,1.869258,2.975539,0.9101796,1.996087,3.213355,
1.548886,1.875431,2.97548,0.9122807,2.001829,3.210968,
1.547532,1.881622,2.97623,0.9142976,2.007867,3.209295,
1.546482,1.888171,2.976519,0.9161736,2.014199,3.207827,
1.545073,1.894109,2.97646,0.9181712,2.020458,3.20605,
1.543646,1.899619,2.976882,0.9202138,2.026318,3.204444,
1.542374,1.905178,2.976487,0.9220704,2.033306,3.203296,
1.541104,1.910166,2.975972,0.9240391,2.039853,3.202246,
1.540155,1.915169,2.97558,0.9263697,2.045954,3.20122,
1.539169,1.920069,2.974961,0.9284188,2.053275,3.201353,
1.538391,1.924137,2.973603,0.9315724,2.059645,3.200383,
1.537866,1.927989,2.972733,0.9345714,2.065051,3.200139,
1.537341,1.932238,2.971449,0.9374716,2.071135,3.199993,
1.536777,1.935647,2.969857,0.9403905,2.076771,3.199957,
1.536025,1.938493,2.968458,0.9437493,2.081559,3.199939,
1.534954,1.941499,2.967175,0.9467369,2.087394,3.200543,
1.533602,1.9433,2.965667,0.9509315,2.09233,3.200425,
1.532202,1.944875,2.964237,0.9552021,2.096523,3.200174,
1.530792,1.94629,2.962741,0.9599434,2.100836,3.199818,
1.529528,1.947414,2.961203,0.964372,2.105153,3.199857,
1.528346,1.948419,2.960048,0.9690859,2.109538,3.199938,
1.527517,1.949774,2.958927,0.9742048,2.11369,3.199856,
1.526824,1.950973,2.95801,0.9795556,2.117327,3.199341,
1.526465,1.952208,2.956997,0.9845379,2.121128,3.199143,
1.526544,1.953779,2.956525,0.9893419,2.124124,3.199265,
1.526794,1.95517,2.956178,0.9937105,2.126851,3.199682,
1.527236,1.956597,2.956092,0.9977863,2.129649,3.200459,
1.527962,1.958374,2.956254,1.001478,2.131742,3.201448,
1.528665,1.959972,2.956567,1.005172,2.133113,3.201974,
1.529334,1.961457,2.957434,1.008456,2.134579,3.203304,
1.530381,1.963154,2.958496,1.01122,2.135698,3.204985,
1.53127,1.964715,2.959724,1.013756,2.136532,3.206686,
1.532213,1.965951,2.961587,1.015759,2.137012,3.209291,
1.53319,1.967691,2.9635,1.017427,2.138043,3.211977,
1.534113,1.969012,2.965352,1.019077,2.139057,3.214718,
1.535053,1.970155,2.967609,1.019444,2.139673,3.218207,
1.536344,1.971578,2.9698,1.020276,2.140897,3.221791,
1.537315,1.972532,2.972022,1.020252,2.142084,3.225642,
1.538526,1.973552,2.974156,1.020098,2.142811,3.229333,
1.539862,1.975067,2.976565,1.019745,2.144006,3.233177,
1.541227,1.976303,2.979454,1.019308,2.145148,3.237141,
1.542476,1.977359,2.982375,1.018583,2.145861,3.241301,
1.543849,1.978907,2.985575,1.017927,2.147259,3.245381,
1.545169,1.980043,2.988719,1.016897,2.148535,3.249708,
1.546626,1.981389,2.992124,1.015845,2.149436,3.254038,
1.54848,1.983001,2.995532,1.014976,2.150957,3.258582,
1.550166,1.984293,2.999132,1.014066,2.152551,3.263092,
1.552088,1.985445,3.002754,1.013485,2.154181,3.268054,
1.554398,1.986809,3.006435,1.01351,2.155746,3.272529,
1.556735,1.98795,3.010245,1.014322,2.157254,3.276643,
1.559459,1.988902,3.013716,1.015908,2.158645,3.280377,
1.562346,1.989998,3.017421,1.018726,2.159576,3.283241,
1.565151,1.990536,3.021098,1.021379,2.160256,3.286399,
1.568209,1.991076,3.025151,1.025651,2.160275,3.288441,
1.57131,1.991809,3.028963,1.029722,2.160597,3.29066,
1.574478,1.991792,3.032891,1.035474,2.160244,3.291725,
1.57754,1.992038,3.037151,1.041665,2.159052,3.292185,
1.58064,1.992361,3.041505,1.048338,2.158487,3.292673,
1.583537,1.991863,3.045552,1.055673,2.15765,3.292474,
1.586253,1.991489,3.050187,1.063531,2.156486,3.292026,
1.5887,1.991035,3.055246,1.071522,2.155623,3.291884,
1.590909,1.990098,3.060524,1.079925,2.154817,3.291692,
1.592884,1.988934,3.06602,1.089538,2.15344,3.290376,
1.594494,1.987968,3.071858,1.098608,2.152442,3.28968,
1.595835,1.986705,3.078312,1.109401,2.151454,3.288084,
1.597245,1.98534,3.08495,1.120524,2.150116,3.286222,
1.598746,1.984204,3.09186,1.13132,2.149221,3.285002,
1.600151,1.983006,3.098728,1.14309,2.148868,3.283327,
1.601881,1.981691,3.105778,1.155113,2.148422,3.281868,
1.60422,1.980826,3.112989,1.16655,2.148205,3.281303,
1.60658,1.980036,3.120138,1.178909,2.148819,3.280512,
1.60886,1.979196,3.127622,1.190956,2.148903,3.28002,
1.610927,1.978701,3.135227,1.20297,2.149259,3.279751,
1.612757,1.97786,3.14319,1.215446,2.149736,3.279483,
1.61434,1.977263,3.151587,1.228478,2.149894,3.278936,
1.615616,1.977021,3.160173,1.241058,2.149694,3.278624,
1.616531,1.976662,3.168733,1.25412,2.149849,3.27786,
1.617556,1.976561,3.17713,1.267748,2.149158,3.276338,
1.61884,1.97682,3.185302,1.281619,2.148068,3.274164,
1.620095,1.977325,3.192378,1.295238,2.14703,3.271404,
1.621624,1.978085,3.198554,1.309044,2.145359,3.267298,
1.623412,1.97946,3.204058,1.3227,2.143704,3.262516,
1.624882,1.981054,3.209643,1.335667,2.142009,3.258027,
1.62679,1.982998,3.21407,1.347925,2.140384,3.25312,
1.628695,1.985058,3.218479,1.359771,2.139202,3.248501,
1.630603,1.987365,3.223481,1.37159,2.138306,3.244374,
1.632755,1.989783,3.227907,1.38268,2.137498,3.240444,
1.635336,1.992696,3.232344,1.393449,2.137777,3.237505,
1.637849,1.99527,3.236562,1.404369,2.137892,3.234423,
1.64055,1.998185,3.240333,1.414702,2.13914,3.23177,
1.643298,2.001495,3.243628,1.425516,2.140581,3.228233,
1.645914,2.004616,3.24699,1.435026,2.142682,3.226305,
1.648832,2.00792,3.249749,1.444756,2.145229,3.223977,
1.651998,2.011572,3.251968,1.454247,2.148269,3.221655,
1.654934,2.014898,3.254414,1.463245,2.151272,3.220076,
1.657914,2.018257,3.256582,1.471881,2.155165,3.218985,
1.661048,2.021643,3.258612,1.480738,2.158551,3.217453,
1.664197,2.024599,3.260419,1.488493,2.162449,3.217231,
1.678033,2.029861,3.25347,1.496543,2.16681,3.216611,
1.68147,2.033316,3.254937,1.504483,2.171607,3.216194,
1.684666,2.036419,3.256385,1.511688,2.176271,3.216277,
1.688051,2.039478,3.257511,1.519141,2.181527,3.216183,
1.69038,2.042531,3.259413,1.526451,2.187037,3.216245,
1.69375,2.045522,3.260429,1.533103,2.19234,3.217022,
1.696526,2.048462,3.26157,1.540278,2.19791,3.217015,
1.69902,2.051419,3.263036,1.547964,2.203734,3.21665,
1.702235,2.05382,3.26396,1.553567,2.208573,3.217702,
1.705392,2.056427,3.264896,1.560177,2.213978,3.218168,
1.708441,2.059222,3.266092,1.566795,2.219391,3.218419,
1.712452,2.061898,3.267073,1.572588,2.224244,3.219215,
1.716715,2.064474,3.26763,1.579021,2.229255,3.219691,
1.720695,2.066834,3.268151,1.585053,2.233745,3.220131,
1.725052,2.068663,3.268001,1.590263,2.237444,3.220857,
1.729584,2.070384,3.267947,1.596442,2.240094,3.220209,
1.733965,2.072157,3.267973,1.604381,2.24338,3.218203,
1.738728,2.07325,3.267375,1.610811,2.244694,3.216458,
1.743712,2.074408,3.266817,1.618812,2.245269,3.212978,
1.748913,2.075497,3.266403,1.626223,2.244631,3.209595,
1.753944,2.076053,3.266187,1.633067,2.2426,3.206099,
1.759151,2.076567,3.266098,1.639841,2.239372,3.202341,
1.764335,2.077078,3.265728,1.64703,2.236345,3.198022,
1.769375,2.077299,3.265617,1.65341,2.230982,3.193511,
1.774377,2.07715,3.265841,1.660513,2.224915,3.188142,
1.779772,2.077058,3.265822,1.667297,2.217986,3.182834,
1.784529,2.076591,3.26598,1.674115,2.211076,3.177286,
1.789222,2.075811,3.266003,1.680571,2.202899,3.171371,
1.793964,2.07534,3.266085,1.687692,2.194428,3.164842,
1.798219,2.074403,3.266281,1.693575,2.185944,3.159378,
1.802402,2.073452,3.266153,1.700615,2.176832,3.152365,
1.806702,2.072958,3.266207,1.706817,2.167419,3.146062,
1.810331,2.071796,3.266265,1.710875,2.157823,3.141523,
1.813987,2.070759,3.266276,1.717045,2.148913,3.135348,
1.817331,2.069899,3.266939,1.724447,2.140214,3.128257,
1.820518,2.068686,3.267838,1.729501,2.131377,3.123735,
1.823634,2.067425,3.268605,1.736261,2.122647,3.11765,
1.826618,2.066608,3.26972,1.742741,2.114032,3.111871,
1.829306,2.065337,3.270599,1.747052,2.105816,3.108192,
1.83189,2.06388,3.271264,1.754564,2.097795,3.101435,
1.834602,2.06306,3.272303,1.761823,2.089746,3.095173,
1.836876,2.061816,3.273209,1.767135,2.082467,3.090962,
1.839152,2.060967,3.274082,1.775438,2.075216,3.083936,
1.842412,2.060659,3.275298,1.783364,2.068059,3.07764,
1.846001,2.060338,3.276455,1.791557,2.062073,3.071818,
1.850108,2.059793,3.27574,1.809139,2.058225,3.057389,
1.854697,2.059579,3.274686,1.812186,2.051328,3.055571,
1.858802,2.059096,3.273258,1.819642,2.0473,3.050205,
1.862693,2.058893,3.271285,1.827132,2.042493,3.04379,
1.866671,2.059306,3.269834,1.834501,2.03755,3.037585,
1.870127,2.059295,3.267965,1.841013,2.033396,3.031889,
1.874218,2.059467,3.266289,1.848142,2.0283,3.025806,
1.878762,2.059911,3.264516,1.854566,2.023028,3.020367,
1.882795,2.060456,3.263995,1.860621,2.017896,3.015956,
1.88687,2.061236,3.263718,1.86639,2.012427,3.011939,
1.890905,2.06233,3.263557,1.871164,2.007248,3.008967,
1.894858,2.063358,3.263603,1.875667,2.002196,3.006557,
1.898863,2.064463,3.263202,1.880001,1.997952,3.004103,
1.903003,2.065382,3.262486,1.883942,1.994108,3.002096,
1.906956,2.066079,3.261479,1.888222,1.991069,2.999831,
1.911242,2.066663,3.260483,1.89254,1.989219,2.997914,
1.915827,2.067199,3.259387,1.896366,1.987755,2.996465,
1.920582,2.06779,3.258144,1.900995,1.986888,2.994552,
1.925276,2.068663,3.256499,1.906012,1.987535,2.992043,
1.929616,2.069653,3.254824,1.910758,1.987883,2.989503,
1.933597,2.070441,3.253639,1.91621,1.991312,2.987234,
1.937207,2.071175,3.25259,1.921857,1.993261,2.984032,
1.940609,2.071729,3.251666,1.927986,1.997442,2.981239,
1.944192,2.071921,3.251047,1.933087,2.000797,2.979446,
1.94815,2.072315,3.249996,1.938481,2.004449,2.977347,
1.951897,2.072433,3.24903,1.94371,2.008548,2.975591,
1.955356,2.072673,3.248868,1.948417,2.012344,2.974477,
1.958741,2.073076,3.248712,1.95272,2.016397,2.973761,
1.961984,2.0732,3.248633,1.957043,2.02015,2.972887,
1.965074,2.073322,3.248854,1.960895,2.024104,2.972531,
1.967916,2.07377,3.249171,1.964407,2.027708,2.972387,
1.970656,2.073928,3.249477,1.967616,2.031299,2.972554,
1.973359,2.074075,3.249568,1.970853,2.035141,2.972723,
1.975976,2.074169,3.250319,1.974245,2.038459,2.972908,
1.978348,2.074542,3.251258,1.977007,2.041875,2.973581,
1.98064,2.07472,3.252074,1.980044,2.045776,2.974127,
1.983091,2.075119,3.253443,1.98312,2.04929,2.975001,
1.985669,2.075688,3.25489,1.986023,2.052902,2.975936,
1.988439,2.075994,3.257046,1.989291,2.057178,2.97742,
1.991573,2.076485,3.258862,1.992717,2.060737,2.978633,
1.994557,2.077121,3.260212,1.996304,2.064834,2.979264,
1.997473,2.077919,3.263002,1.999976,2.068967,2.980652,
2.000567,2.079096,3.265549,2.003898,2.07286,2.981709,
2.003435,2.080577,3.268271,2.008137,2.076957,2.982357,
2.006325,2.081901,3.271428,2.012281,2.08095,2.983587,
2.009312,2.083662,3.274321,2.016685,2.084789,2.984143,
2.012249,2.085756,3.27708,2.021002,2.088693,2.98466,
2.015578,2.087562,3.280117,2.02518,2.092716,2.985686,
2.019197,2.08967,3.282701,2.029327,2.096413,2.986389,
2.02244,2.09187,3.285809,2.033448,2.100139,2.987337,
2.025652,2.093791,3.289559,2.037407,2.103933,2.988905,
2.028955,2.09609,3.292764,2.041191,2.107369,2.990214,
2.032088,2.098206,3.296149,2.045111,2.110619,2.991716,
2.03512,2.100147,3.299789,2.048878,2.113325,2.993351,
2.038232,2.102307,3.303041,2.052537,2.115857,2.994946,
2.041054,2.10436,3.306266,2.056792,2.11829,2.995981,
2.043876,2.10631,3.310269,2.060497,2.120289,2.997824,
2.046834,2.108594,3.312893,2.064241,2.121786,2.99877,
2.049672,2.110987,3.315004,2.067614,2.123103,2.999618,
2.052528,2.113275,3.316594,2.071234,2.124778,3.000265,
2.055719,2.115887,3.317874,2.074697,2.125847,3.000752,
2.058566,2.118231,3.319428,2.077637,2.126703,3.001808,
2.061716,2.12042,3.320505,2.080659,2.128103,3.003068,
2.065049,2.122718,3.3211,2.083389,2.129025,3.00411,
2.068064,2.125042,3.321824,2.086325,2.129904,3.004869,
2.071287,2.12729,3.321933,2.088918,2.131256,3.006034,
2.074738,2.129759,3.322325,2.091901,2.13214,3.006822,
2.077752,2.132281,3.322922,2.093954,2.133042,3.00861,
2.080935,2.13454,3.322664,2.096133,2.134515,3.0099,
2.084519,2.136973,3.322099,2.10134,2.13561,3.008163,
2.087668,2.1392,3.321452,2.102789,2.136414,3.009448,
2.090826,2.141312,3.317123,2.10444,2.137894,3.006956,
2.094275,2.143531,3.312813,2.107151,2.13881,3.003137,
2.09741,2.145695,3.313112,2.103033,2.13818,3.009155,
2.100633,2.147724,3.311728,2.103626,2.138878,3.010211,
2.103895,2.149919,3.310355,2.102573,2.139217,3.01294,
2.106801,2.152243,3.308865,2.102025,2.140635,3.015043,
2.109873,2.154125,3.30694,2.101403,2.14168,3.0167,
2.112915,2.156154,3.304466,2.100332,2.142654,3.018294,
2.115624,2.158067,3.302722,2.098189,2.143486,3.021327,
2.118119,2.159648,3.301288,2.096567,2.144726,3.024326,
2.120896,2.161349,3.299742,2.093842,2.146124,3.028662,
2.123065,2.163066,3.299103,2.090474,2.147092,3.033939,
2.125,2.164361,3.298479,2.086616,2.148854,3.039887,
2.126927,2.165381,3.297706,2.082898,2.15067,3.045964,
2.128703,2.166646,3.297813,2.077927,2.1525,3.053646,
2.130419,2.167584,3.298027,2.073154,2.15435,3.060945,
2.13228,2.168781,3.297133,2.067858,2.156739,3.0682,
2.133841,2.169734,3.296996,2.062488,2.159222,3.07572,
2.135141,2.170566,3.297504,2.056936,2.161107,3.083819,
2.136557,2.171217,3.297741,2.051199,2.163564,3.092572,
2.137594,2.172094,3.297808,2.045421,2.165551,3.100532,
2.138708,2.172585,3.296046,2.039906,2.168255,3.107631,
2.140054,2.173242,3.295204,2.034447,2.170799,3.115123,
,,,,

